# SourcePhotonFlux	NumberRaysSurvived	PercentageRaysSurvived	PhotonFlux	Bandwidth	HorizontalFocusFWHM	VerticalFocusFWHM
nan	6.276000000000000512e+01	6.275999999999999635e-02	nan	2.047812002427917659e-04	1.642805203957442561e-02	7.986386965723960701e-04
nan	1.049599999999999937e+02	1.049600000000000116e-01	nan	3.406415503377502318e-04	1.424172215978231591e-02	8.922570432814347840e-04
nan	1.544000000000000057e+02	1.543999999999999817e-01	nan	4.520541471509886789e-04	1.397196893184565747e-02	8.970049852418341546e-04
nan	1.745600000000000023e+02	1.745599999999999929e-01	nan	5.622670508432747695e-04	1.427443224732593587e-02	9.307693642563872249e-04
nan	1.453199999999999932e+02	1.453200000000000047e-01	nan	6.882543130336671441e-04	1.355149383452888823e-02	9.058750450681154684e-04
nan	1.071200000000000045e+02	1.071199999999999930e-01	nan	8.098427166976307837e-04	1.216970838999700648e-02	9.003308965900675646e-04
nan	9.092000000000000171e+01	9.091999999999998694e-02	nan	9.150121816776390655e-04	1.366671463342096493e-02	9.344353638837699658e-04
nan	8.515999999999999659e+01	8.515999999999999959e-02	nan	1.009825939059965207e-03	1.169842261081087409e-02	8.897669106806352368e-04
nan	9.132000000000000739e+01	9.131999999999999840e-02	nan	1.252012559780268843e-03	1.259927273730533648e-02	9.342732308972670225e-04
nan	9.723999999999999488e+01	9.724000000000000699e-02	nan	1.305742099091275910e-03	1.255618755856729649e-02	9.537530997538073204e-04
nan	9.920000000000000284e+01	9.919999999999999651e-02	nan	1.570455068199407608e-03	1.261396845632296870e-02	9.006108225523415996e-04
nan	1.002399999999999949e+02	1.002400000000000235e-01	nan	1.555250923997846327e-03	1.190510520176043044e-02	9.376593147056039995e-04
nan	1.026400000000000148e+02	1.026400000000000229e-01	nan	1.885968423794110935e-03	1.268756320887192909e-02	8.984309319885200795e-04
nan	1.062800000000000011e+02	1.062799999999999995e-01	nan	2.117144338660636917e-03	1.399301498970001792e-02	9.099761112910153063e-04
nan	1.163200000000000074e+02	1.163200000000000206e-01	nan	2.207704387785724975e-03	1.255176784359431953e-02	9.221807078692511542e-04
nan	1.230799999999999983e+02	1.230799999999999950e-01	nan	2.337063088889408322e-03	1.173487351366936035e-02	9.169877610543565464e-04
nan	1.297199999999999989e+02	1.297200000000000020e-01	nan	2.496675731781579193e-03	1.283622394997287197e-02	9.416111724645567088e-04
nan	1.323199999999999932e+02	1.323199999999999932e-01	nan	3.031335651612608074e-03	1.285585534339475124e-02	9.169649389590619083e-04
nan	1.335600000000000023e+02	1.335599999999999843e-01	nan	2.793042949783739425e-03	1.311268293068761949e-02	9.334701782157536157e-04
nan	1.339599999999999795e+02	1.339599999999999957e-01	nan	3.054369326191590586e-03	1.195154496143990830e-02	8.997316699711594649e-04
nan	1.314000000000000057e+02	1.314000000000000168e-01	nan	3.536022085681907092e-03	1.102322003882701996e-02	9.267042152473457545e-04
nan	1.366800000000000068e+02	1.366799999999999682e-01	nan	3.255499961674104305e-03	1.182436357056232054e-02	9.467611134831354974e-04
nan	1.497599999999999909e+02	1.497599999999999765e-01	nan	3.191422812119526324e-03	1.085666008175655700e-02	9.438403752406824285e-04
nan	1.545200000000000102e+02	1.545200000000000184e-01	nan	3.845371257075384623e-03	1.040216550929277083e-02	9.139630665422158063e-04
nan	1.571999999999999886e+02	1.572000000000000342e-01	nan	4.549270332327068865e-03	1.266241445321817163e-02	9.305461380335635063e-04
nan	1.645200000000000102e+02	1.645199999999999718e-01	nan	4.321239071291529260e-03	1.229184101355327609e-02	9.236008010138718836e-04
nan	1.691599999999999966e+02	1.691600000000000048e-01	nan	4.148045092251776908e-03	1.280114803822869282e-02	9.438381541127386417e-04
nan	1.654399999999999977e+02	1.654399999999999760e-01	nan	4.585731589809256999e-03	1.151040451773594972e-02	9.506021388103894423e-04
nan	1.698400000000000034e+02	1.698400000000000187e-01	nan	4.804482959507368200e-03	1.329421057404806851e-02	9.396429882088530453e-04
nan	1.781200000000000045e+02	1.781199999999999728e-01	nan	4.591552056426735293e-03	1.161910521781733471e-02	9.218830177914494892e-04
nan	1.803199999999999932e+02	1.803199999999999803e-01	nan	5.644389376525395588e-03	1.263797735261834587e-02	9.441146564151657334e-04
nan	1.882400000000000091e+02	1.882399999999999907e-01	nan	5.727351013451879684e-03	1.181879791027828572e-02	9.226017257661867305e-04
nan	1.935600000000000023e+02	1.935599999999999821e-01	nan	6.296515486574208800e-03	1.148684580906356861e-02	9.557362721940052897e-04
nan	1.985999999999999943e+02	1.985999999999999988e-01	nan	5.780574490704566519e-03	1.229678517932035822e-02	9.490615223865357880e-04
nan	2.038400000000000034e+02	2.038400000000000212e-01	nan	6.236876765292435898e-03	1.188687896451696979e-02	9.397941718622289647e-04
nan	2.064800000000000182e+02	2.064799999999999969e-01	nan	6.462092843444225063e-03	1.091896215702831477e-02	9.261714077906131734e-04
nan	2.144800000000000182e+02	2.144800000000000595e-01	nan	6.033928991832908373e-03	1.295516800394363663e-02	9.264854457880167477e-04
nan	2.142800000000000296e+02	2.142800000000000260e-01	nan	7.560788837176915175e-03	1.211587668494796058e-02	9.235960881142197491e-04
nan	2.186800000000000068e+02	2.186800000000000410e-01	nan	7.556138295476558589e-03	1.378668012281091849e-02	9.386274884132560573e-04
nan	2.272800000000000296e+02	2.272800000000000098e-01	nan	7.408670016602628139e-03	1.172695075065423656e-02	9.597401560108460026e-04
nan	2.314000000000000057e+02	2.313999999999999946e-01	nan	8.466333988453696863e-03	1.237362365566547009e-02	9.404016940940060094e-04
nan	2.314000000000000057e+02	2.313999999999999946e-01	nan	8.025495548045000552e-03	1.262295311534944973e-02	9.502361237501534899e-04
nan	2.376400000000000148e+02	2.376400000000000179e-01	nan	9.052055768061109328e-03	1.227312035017466205e-02	9.550325751726051549e-04
nan	2.389599999999999795e+02	2.389599999999999780e-01	nan	8.861537261536796620e-03	1.211846056410926381e-02	9.526747115031656632e-04
nan	2.359599999999999795e+02	2.359600000000000308e-01	nan	9.369105542746183901e-03	1.318750610641483169e-02	9.536740582112548850e-04
nan	2.496800000000000068e+02	2.496799999999999575e-01	nan	8.863823799829332814e-03	1.149345966741933955e-02	9.542633217789932157e-04
nan	2.527599999999999909e+02	2.527600000000000402e-01	nan	9.314058964218930453e-03	1.229430895036543944e-02	9.509397663037954130e-04
nan	2.512400000000000091e+02	2.512400000000000189e-01	nan	1.036377504920892555e-02	1.159658736095445578e-02	9.451828428659053575e-04
nan	2.554800000000000182e+02	2.554799999999999849e-01	nan	9.950844921968382203e-03	1.244041912651299223e-02	9.585726830258486453e-04
nan	2.566800000000000068e+02	2.566799999999999637e-01	nan	9.240524417054984258e-03	1.146599938299341058e-02	9.132516439533508359e-04
nan	2.610000000000000000e+02	2.610000000000000098e-01	nan	1.012646730756387205e-02	1.161774313790711263e-02	9.514277267829237975e-04
nan	2.584800000000000182e+02	2.584799999999999875e-01	nan	1.153329846408268980e-02	1.215005840221490205e-02	9.554049669671386058e-04
nan	2.625600000000000023e+02	2.625600000000000156e-01	nan	1.165941595750155137e-02	1.250152954771071613e-02	9.480202154279453869e-04
nan	2.696800000000000068e+02	2.696799999999999753e-01	nan	1.212843172849716218e-02	1.245969242473514253e-02	9.577745397913327210e-04
nan	2.709599999999999795e+02	2.709599999999999786e-01	nan	1.179950390969679644e-02	1.336363384211360084e-02	9.658047982623148764e-04
nan	2.723600000000000136e+02	2.723599999999999910e-01	nan	1.183797192058591401e-02	1.296562690823010663e-02	9.561952611548847885e-04
nan	2.717599999999999909e+02	2.717600000000000016e-01	nan	1.209635640260785239e-02	1.095668676976073452e-02	9.596459051700168127e-04
nan	2.753999999999999773e+02	2.753999999999999782e-01	nan	1.242402136357668475e-02	1.203622105374144678e-02	9.518278270377658872e-04
nan	2.783999999999999773e+02	2.784000000000000363e-01	nan	1.237168629718326043e-02	1.259178714512584549e-02	9.622902451998458645e-04
nan	2.671999999999999886e+02	2.671999999999999931e-01	nan	1.335806864030018859e-02	1.232438272639015467e-02	9.545392602523161338e-04
nan	2.721200000000000045e+02	2.721199999999999730e-01	nan	1.323135481267854671e-02	1.251991890866558689e-02	9.675006373781599523e-04
nan	2.753999999999999773e+02	2.754000000000000337e-01	nan	1.374889041141614220e-02	1.143511240699627597e-02	9.588500241371330710e-04
nan	2.705199999999999818e+02	2.705199999999999827e-01	nan	1.482279654079320629e-02	1.146593547103814947e-02	9.484588990986064436e-04
nan	2.725600000000000023e+02	2.725600000000000245e-01	nan	1.484617967244957967e-02	1.150388748399138947e-02	9.637191652891310490e-04
nan	2.702800000000000296e+02	2.702799999999999647e-01	nan	1.510173178819059284e-02	1.178917748216573233e-02	9.526702797359443402e-04
nan	2.672400000000000091e+02	2.672400000000000331e-01	nan	1.620998377943578747e-02	1.178490714008102909e-02	9.432443579162940253e-04
nan	2.690000000000000000e+02	2.690000000000000169e-01	nan	1.413137711591843856e-02	1.159961186156095031e-02	9.243624482119002905e-04
nan	2.627599999999999909e+02	2.627599999999999936e-01	nan	1.682275150463283242e-02	1.220143139184208525e-02	9.524909967221162560e-04
nan	2.621999999999999886e+02	2.621999999999999886e-01	nan	1.542101531813386793e-02	1.184332830444173243e-02	9.501102626256082134e-04
nan	2.544399999999999977e+02	2.544400000000000550e-01	nan	1.727740357233415250e-02	1.098978212158030140e-02	9.606714562220054505e-04
nan	2.519199999999999875e+02	2.519200000000000328e-01	nan	1.647857045075397722e-02	1.181632991355195499e-02	9.417479139279723039e-04
nan	2.423199999999999932e+02	2.423200000000000076e-01	nan	1.729970458472962491e-02	1.110106282696585699e-02	9.373080614378265923e-04
nan	2.415999999999999943e+02	2.416000000000000369e-01	nan	1.655222197986404298e-02	1.243563534990348510e-02	9.630153284440886663e-04
nan	2.300000000000000000e+02	2.299999999999999822e-01	nan	1.688865889314001764e-02	1.252539510905192541e-02	9.510430203977302118e-04
nan	2.216400000000000148e+02	2.216400000000000037e-01	nan	1.734174316406097288e-02	1.344461070292644542e-02	9.585052937435406799e-04
nan	2.074800000000000182e+02	2.074800000000000533e-01	nan	1.773239938832375448e-02	1.159535743591395829e-02	9.332270873382050424e-04
nan	1.921200000000000045e+02	1.921199999999999575e-01	nan	1.865716938572404421e-02	1.215264600719752862e-02	9.601999437050974789e-04
nan	1.824399999999999977e+02	1.824399999999999911e-01	nan	2.003297128278972924e-02	1.082372652550663353e-02	9.372740351826340261e-04
nan	1.601200000000000045e+02	1.601199999999999846e-01	nan	2.023060982296556037e-02	1.178271622237544655e-02	9.242372214524261203e-04
nan	1.335999999999999943e+02	1.335999999999999965e-01	nan	1.925244741144524485e-02	1.078526899813496767e-02	9.106484198735245250e-04
nan	1.086400000000000148e+02	1.086399999999999866e-01	nan	2.211515581277126441e-02	1.251961149048552192e-02	9.161938279699820059e-04
nan	6.679999999999999716e+01	6.679999999999999827e-02	nan	2.048863415178857339e-02	1.228957225601944557e-02	8.767933934474500274e-04
nan	8.080000000000000071e+00	8.080000000000000376e-03	nan	2.218400601486412646e-02	1.332056891626033114e-02	6.971935546969859664e-04
nan	3.335999999999999943e+01	3.336000000000000076e-02	nan	1.415864376343733977e-04	1.313335652297442126e-02	8.237266103011247351e-04
nan	6.035999999999999943e+01	6.035999999999999005e-02	nan	2.399611418582026090e-04	1.548033067244678970e-02	8.838584157714499904e-04
nan	1.011599999999999966e+02	1.011599999999999999e-01	nan	3.679067600091911984e-04	1.445032453161990138e-02	8.907129350337444343e-04
nan	1.083599999999999852e+02	1.083600000000000119e-01	nan	3.972274155330524081e-04	1.376704843814336755e-02	9.011558661168210050e-04
nan	7.935999999999999943e+01	7.935999999999999999e-02	nan	4.662381194225417923e-04	1.166264179206608249e-02	8.911950162382619367e-04
nan	4.764000000000000057e+01	4.763999999999999485e-02	nan	5.173231764592856399e-04	1.314661744084708907e-02	8.335338228031655703e-04
nan	3.728000000000000114e+01	3.727999999999999370e-02	nan	7.510013240835178901e-04	1.375752783783507072e-02	7.766486531216823964e-04
nan	3.700000000000000000e+01	3.699999999999999817e-02	nan	7.739493933627272781e-04	8.511598197950475883e-03	8.835114503575911904e-04
nan	4.020000000000000284e+01	4.019999999999999962e-02	nan	8.994663744636000177e-04	1.213040969468355719e-02	7.622835881739883478e-04
nan	4.367999999999999972e+01	4.368000000000000355e-02	nan	9.284837941140721557e-04	1.104634974945525525e-02	8.429252508108695885e-04
nan	4.296000000000000085e+01	4.296000000000000513e-02	nan	1.018878265333569323e-03	1.331346412355705923e-02	7.867858220765369670e-04
nan	4.483999999999999631e+01	4.484000000000000485e-02	nan	1.171553012438835209e-03	1.352152408244327621e-02	8.649285482182689005e-04
nan	4.700000000000000000e+01	4.699999999999999317e-02	nan	1.262117987034798829e-03	1.049177474332945934e-02	8.640496422542401139e-04
nan	4.543999999999999773e+01	4.544000000000000122e-02	nan	1.393845398454232175e-03	1.281795019436762773e-02	7.726123342703878401e-04
nan	5.343999999999999773e+01	5.344000000000000833e-02	nan	1.652971320322649306e-03	1.173118017264258156e-02	9.073792011370891220e-04
nan	5.723999999999999488e+01	5.723999999999999228e-02	nan	1.318560835477455753e-03	1.124577583142682621e-02	9.001793626826855082e-04
nan	5.643999999999999773e+01	5.644000000000000405e-02	nan	1.761679859707783197e-03	1.364117309383852152e-02	8.929498888763931497e-04
nan	5.983999999999999631e+01	5.984000000000000430e-02	nan	1.975483750811690697e-03	1.152746920045131900e-02	8.768448280609368725e-04
nan	6.072000000000000597e+01	6.071999999999999620e-02	nan	2.129230286475376592e-03	1.134115589628678297e-02	8.698889043306685942e-04
nan	5.727999999999999403e+01	5.727999999999999758e-02	nan	2.085137571730229060e-03	1.388809569475821758e-02	8.768550231070303472e-04
nan	6.007999999999999829e+01	6.008000000000000146e-02	nan	2.066122380292654236e-03	1.044685754176600742e-02	8.923316883179636125e-04
nan	6.576000000000000512e+01	6.576000000000001289e-02	nan	2.217164327507816640e-03	1.289796246102855801e-02	8.857520161531451863e-04
nan	6.735999999999999943e+01	6.735999999999998933e-02	nan	2.157422571685856626e-03	1.223594385204719061e-02	9.310409074973962978e-04
nan	7.056000000000000227e+01	7.056000000000001160e-02	nan	2.888333393834727723e-03	1.094198472649059867e-02	9.083353104119253540e-04
nan	7.535999999999999943e+01	7.536000000000001031e-02	nan	2.814207252367850569e-03	1.253904413991996022e-02	8.652972268691609421e-04
nan	7.487999999999999545e+01	7.487999999999998824e-02	nan	2.966997016687855822e-03	1.112443820232971239e-02	8.972544845615293549e-04
nan	7.132000000000000739e+01	7.131999999999999451e-02	nan	2.934558723100053664e-03	9.673132383481981497e-03	9.110886394018212053e-04
nan	7.352000000000001023e+01	7.352000000000000202e-02	nan	3.313269906579989661e-03	1.143994158721981826e-02	8.475107642964823263e-04
nan	7.635999999999999943e+01	7.636000000000001120e-02	nan	3.509927244690516038e-03	1.238158899949506377e-02	9.014442608344483843e-04
nan	7.671999999999999886e+01	7.671999999999999653e-02	nan	3.530285287492915952e-03	9.571110614773236519e-03	9.390098634561646219e-04
nan	8.092000000000000171e+01	8.091999999999999194e-02	nan	3.857182882475172162e-03	1.185141298248749628e-02	8.257265216810791286e-04
nan	8.300000000000000000e+01	8.300000000000000433e-02	nan	3.529689659467294491e-03	1.047752045021177469e-02	8.622717825945678833e-04
nan	8.659999999999999432e+01	8.659999999999999643e-02	nan	3.549140302293381406e-03	1.133916648924703299e-02	8.399343566133813744e-04
nan	8.835999999999999943e+01	8.836000000000000798e-02	nan	4.137064477949934163e-03	1.236911093752041460e-02	8.015101513616302220e-04
nan	8.479999999999999716e+01	8.480000000000001426e-02	nan	4.546749356259169837e-03	1.129395988721929381e-02	8.690231165919342585e-04
nan	8.852000000000001023e+01	8.852000000000000146e-02	nan	4.403004667005916070e-03	1.322376904097528026e-02	9.243550970226471547e-04
nan	9.003999999999999204e+01	9.003999999999999504e-02	nan	4.889778562101128670e-03	1.161214117688271798e-02	9.605303373969090435e-04
nan	9.087999999999999545e+01	9.088000000000000245e-02	nan	4.922270664292227420e-03	1.099813851251755549e-02	9.223447794955253820e-04
nan	9.092000000000000171e+01	9.092000000000000082e-02	nan	4.677447606827626718e-03	1.211380999548210789e-02	9.256885941127076297e-04
nan	9.315999999999999659e+01	9.315999999999999281e-02	nan	4.984823513204901524e-03	1.083700998336410530e-02	7.768392712859489803e-04
nan	9.243999999999999773e+01	9.244000000000000827e-02	nan	5.697080604877556229e-03	1.212797738911410364e-02	9.191416510548212210e-04
nan	9.392000000000000171e+01	9.391999999999998960e-02	nan	5.483870403340916286e-03	1.067900476783610955e-02	8.982405604716015490e-04
nan	9.179999999999999716e+01	9.179999999999999272e-02	nan	5.927971675509980179e-03	1.088212323206804236e-02	8.982422900199020250e-04
nan	9.607999999999999829e+01	9.608000000000001262e-02	nan	6.144721222108273304e-03	1.084166781855494879e-02	8.678707378707659764e-04
nan	9.264000000000000057e+01	9.263999999999998625e-02	nan	6.416854483568386336e-03	1.163860848200081941e-02	9.095747725497450040e-04
nan	9.720000000000000284e+01	9.719999999999998086e-02	nan	6.057113517799734767e-03	1.150713159311420562e-02	8.967860481931104206e-04
nan	9.300000000000000000e+01	9.299999999999999933e-02	nan	6.836199704994214317e-03	1.195423242773477161e-02	8.753380020786541166e-04
nan	9.203999999999999204e+01	9.204000000000001069e-02	nan	5.981012539705262213e-03	1.275797878713917297e-02	8.712599369089506912e-04
nan	8.984000000000000341e+01	8.984000000000000319e-02	nan	6.400054450505195287e-03	1.154765559640134540e-02	9.218594936082933700e-04
nan	8.852000000000001023e+01	8.852000000000000146e-02	nan	6.600413488540653531e-03	1.071730032814103770e-02	9.474721589995734744e-04
nan	8.635999999999999943e+01	8.635999999999999233e-02	nan	7.301533534518967090e-03	1.124929591244781639e-02	9.483319067210312222e-04
nan	8.728000000000000114e+01	8.727999999999999647e-02	nan	6.776444246634127574e-03	1.058304549611446300e-02	8.829014938472221855e-04
nan	8.243999999999999773e+01	8.243999999999999939e-02	nan	6.567087353441821047e-03	1.104182700647327042e-02	8.924996103605627043e-04
nan	7.932000000000000739e+01	7.931999999999998774e-02	nan	7.992760631332203325e-03	1.037179474316568886e-02	8.293382954205971583e-04
nan	7.740000000000000568e+01	7.739999999999999658e-02	nan	8.464453276274071583e-03	1.084923247068562101e-02	9.097253239805369596e-04
nan	7.587999999999999545e+01	7.588000000000001688e-02	nan	7.694379412487251275e-03	1.243820958409925549e-02	9.025255386628187187e-04
nan	7.259999999999999432e+01	7.259999999999999787e-02	nan	7.589018277731156108e-03	1.087276136661856352e-02	9.382803050756831353e-04
nan	6.723999999999999488e+01	6.723999999999999422e-02	nan	8.254601776043273345e-03	1.082441445660780807e-02	9.027196808741569291e-04
nan	6.707999999999999829e+01	6.708000000000000074e-02	nan	7.859098064718636825e-03	1.083219909499911517e-02	9.258725508468869858e-04
nan	6.412000000000000455e+01	6.411999999999999644e-02	nan	8.081190175089432784e-03	9.747873523825893033e-03	9.526385673342012200e-04
nan	5.892000000000000171e+01	5.891999999999999321e-02	nan	9.794529416321893361e-03	1.113312545060888940e-02	7.707507985906349775e-04
nan	5.267999999999999261e+01	5.267999999999999072e-02	nan	9.769843973135721588e-03	1.094328295418178429e-02	8.700449232496628577e-04
nan	5.279999999999999716e+01	5.279999999999999277e-02	nan	9.686596106766956829e-03	1.072971856875749863e-02	9.415710543983008473e-04
nan	4.916000000000000369e+01	4.916000000000000231e-02	nan	1.120510461946650979e-02	1.041752377665173049e-02	8.778411198018124320e-04
nan	4.651999999999999602e+01	4.651999999999999885e-02	nan	8.698626698524095438e-03	1.079720122890289423e-02	9.096011285638899019e-04
nan	4.371999999999999886e+01	4.371999999999999498e-02	nan	1.040496893322597274e-02	1.100968623160187079e-02	8.086019820893349235e-04
nan	3.907999999999999829e+01	3.907999999999998975e-02	nan	1.056072560243592404e-02	1.033150643281730875e-02	8.662488027449500661e-04
nan	3.783999999999999631e+01	3.783999999999999864e-02	nan	1.084495022310875446e-02	1.050609518014221713e-02	7.380972577246588387e-04
nan	3.651999999999999602e+01	3.651999999999998997e-02	nan	9.642311282559604818e-03	1.112969308863486981e-02	7.196291271286036012e-04
nan	3.003999999999999915e+01	3.004000000000000073e-02	nan	1.008392714932597294e-02	1.077605497787949632e-02	6.919965059305024143e-04
nan	3.063999999999999702e+01	3.064000000000000057e-02	nan	7.781930871960866629e-03	1.171075082570108110e-02	7.460081694433305047e-04
nan	2.616000000000000369e+01	2.615999999999999923e-02	nan	8.249968439895383893e-03	1.160441477865517199e-02	6.798347804514994711e-04
nan	2.555999999999999872e+01	2.555999999999999939e-02	nan	9.209236847649727303e-03	1.152930302742717975e-02	7.715597053896958765e-04
nan	2.608000000000000185e+01	2.608000000000000249e-02	nan	1.129852697363276093e-02	1.184538402796720888e-02	7.787299866823966252e-04
nan	2.411999999999999744e+01	2.411999999999999908e-02	nan	1.200587537698993498e-02	8.088783912929633363e-03	8.666589621690371208e-04
nan	2.071999999999999886e+01	2.071999999999999884e-02	nan	1.347644690276425528e-02	1.284581163976159478e-02	6.025463311999630991e-04
nan	1.696000000000000085e+01	1.695999999999999938e-02	nan	1.368754627343726250e-02	1.427143227287663851e-02	6.672877213706035742e-04
nan	1.588000000000000078e+01	1.587999999999999828e-02	nan	1.423804309785909293e-02	1.414012538398176991e-02	6.740374725618443084e-04
nan	1.212000000000000099e+01	1.212000000000000056e-02	nan	1.377840347192930623e-02	1.484918534382486353e-02	6.510051375443930491e-04
nan	1.051999999999999957e+01	1.051999999999999984e-02	nan	1.530736443861426856e-02	1.416266259847437023e-02	6.598021686660615007e-04
nan	7.799999999999999822e+00	7.799999999999998775e-03	nan	1.537113706707257145e-02	1.401429095102499876e-02	6.852586333992575270e-04
nan	4.520000000000000462e+00	4.520000000000000580e-03	nan	1.510370438057983059e-02	1.318938081046723207e-02	6.445614927199479422e-04
nan	8.800000000000001155e-01	8.799999999999999229e-04	nan	9.044558457692112793e-03	1.121747007772337310e-02	4.844620792682557617e-04
