# SourcePhotonFlux	NumberRaysSurvived	PercentageRaysSurvived	PhotonFlux	Bandwidth	HorizontalFocusFWHM	VerticalFocusFWHM
nan	1.230750000000000000e+03	1.230749999999999789e+00	nan	3.069222678785621383e-03	6.562665302670310508e-02	4.211871764938411936e-03
nan	1.526250000000000000e+03	1.526249999999999885e+00	nan	5.376454029672572688e-03	4.915069198475975620e-02	4.213504410178510809e-03
nan	1.800500000000000000e+03	1.800499999999999989e+00	nan	6.936672536077992390e-03	4.336257398379182726e-02	4.200589415726289563e-03
nan	2.031500000000000000e+03	2.031499999999999861e+00	nan	8.727953939057897514e-03	3.761546780541428353e-02	4.284198226173849960e-03
nan	2.256500000000000000e+03	2.256499999999999950e+00	nan	1.090499821451373919e-02	3.537286626534199424e-02	4.224515833192441124e-03
nan	2.434750000000000000e+03	2.434750000000000192e+00	nan	1.260695298658731645e-02	3.621464150821748079e-02	4.304621560544618329e-03
nan	2.645250000000000000e+03	2.645249999999999879e+00	nan	1.565361512210472483e-02	3.316196799565269970e-02	4.280702298773620372e-03
nan	2.822750000000000000e+03	2.822749999999999648e+00	nan	1.732134026811138483e-02	2.906629374357427159e-02	4.259911483457011309e-03
nan	2.978500000000000000e+03	2.978499999999999925e+00	nan	1.927577878478814455e-02	2.872823507476832822e-02	4.301933763631857373e-03
nan	3.117750000000000000e+03	3.117749999999999577e+00	nan	2.211395122498061028e-02	2.789796663563936380e-02	4.257780253070032016e-03
nan	3.247500000000000000e+03	3.247500000000000497e+00	nan	2.490126218378918566e-02	2.736790116597448072e-02	4.263767503880222173e-03
nan	3.333500000000000000e+03	3.333499999999999908e+00	nan	2.665622995326089040e-02	2.616159939404707688e-02	4.252671511486821182e-03
nan	3.477750000000000000e+03	3.477750000000000341e+00	nan	2.776291053316981561e-02	2.545543645616954107e-02	4.326351364722357332e-03
nan	3.603500000000000000e+03	3.603499999999999481e+00	nan	3.278824671670577118e-02	2.577050510304473158e-02	4.337446730954121893e-03
nan	3.739750000000000000e+03	3.739749999999999908e+00	nan	3.335607883363422843e-02	2.355032917512710905e-02	4.264211342300432313e-03
nan	3.839250000000000000e+03	3.839250000000000718e+00	nan	3.610534910276896881e-02	2.420006142672762040e-02	4.205618484378282652e-03
nan	3.953750000000000000e+03	3.953749999999999876e+00	nan	4.001312172619009289e-02	2.490887958864990842e-02	4.327192674654098750e-03
nan	3.982000000000000000e+03	3.982000000000000206e+00	nan	4.597315987112438052e-02	2.217220901811566003e-02	4.319496739482439618e-03
nan	4.160500000000000000e+03	4.160499999999999865e+00	nan	4.448369504822835552e-02	2.144987296051245954e-02	4.290137446898573126e-03
nan	4.261250000000000000e+03	4.261250000000000426e+00	nan	4.849236416413305051e-02	2.279676994963741876e-02	4.295407833756989882e-03
nan	4.350250000000000000e+03	4.350249999999999950e+00	nan	5.244376671606687523e-02	2.312693146002755412e-02	4.356028372837982346e-03
nan	4.470250000000000000e+03	4.470250000000000057e+00	nan	5.500744534219847992e-02	2.147906827099225341e-02	4.320890444455478471e-03
nan	4.535500000000000000e+03	4.535499999999999865e+00	nan	5.711331675621522663e-02	2.199737345326953364e-02	4.329734356360911279e-03
nan	4.636250000000000000e+03	4.636250000000000426e+00	nan	5.854288911172034204e-02	2.114124540294659571e-02	4.219756252648485320e-03
nan	4.713750000000000000e+03	4.713749999999999218e+00	nan	6.264947280982369193e-02	2.174064195743312389e-02	4.308405139845800265e-03
nan	4.833000000000000000e+03	4.833000000000000185e+00	nan	6.687256739058966559e-02	2.135634160825437833e-02	4.270053605438499031e-03
nan	4.930250000000000000e+03	4.930250000000000021e+00	nan	6.494446928491015569e-02	2.159478297045647893e-02	4.315050361247492819e-03
nan	5.002250000000000000e+03	5.002250000000000085e+00	nan	7.440373793650678635e-02	2.110546824848676464e-02	4.368968248615347043e-03
nan	5.071250000000000000e+03	5.071249999999999147e+00	nan	7.591029503583968108e-02	1.959139656640770596e-02	4.340998277097774839e-03
nan	5.172750000000000000e+03	5.172749999999999737e+00	nan	7.976899845806428857e-02	1.963801553064945665e-02	4.295569347913656168e-03
nan	5.236500000000000000e+03	5.236499999999999488e+00	nan	7.276633839376245305e-02	2.038930917519662239e-02	4.364570565903913915e-03
nan	5.377000000000000000e+03	5.376999999999999780e+00	nan	8.474789508278490757e-02	1.918601192030998728e-02	4.268459845802127610e-03
nan	5.412500000000000000e+03	5.412499999999999645e+00	nan	8.900141023917740313e-02	1.774245892452128853e-02	4.347172515193030440e-03
nan	5.507250000000000000e+03	5.507249999999999979e+00	nan	9.544157459845337144e-02	2.048100524999302285e-02	4.330988853802997078e-03
nan	5.562750000000000000e+03	5.562749999999999417e+00	nan	9.807855875038740123e-02	1.997211656359632048e-02	4.367713792204293115e-03
nan	5.662500000000000000e+03	5.662499999999999645e+00	nan	9.702625463592084998e-02	1.949887343653525923e-02	4.344298502072975118e-03
nan	5.701500000000000000e+03	5.701500000000000234e+00	nan	1.074831576344195128e-01	1.948551804147390792e-02	4.404972607395318124e-03
nan	5.803000000000000000e+03	5.802999999999999048e+00	nan	1.057062603504732579e-01	1.893867991912782933e-02	4.341865565271263265e-03
nan	5.940500000000000000e+03	5.940500000000000114e+00	nan	1.110605757355642709e-01	1.964521231044874527e-02	4.387515582880112917e-03
nan	9.745000000000000000e+02	9.745000000000001439e-01	nan	3.141054592408210056e-03	5.925372213444494301e-02	3.283739217255369439e-03
nan	1.275000000000000000e+03	1.274999999999999911e+00	nan	5.046904985171352109e-03	4.601258837934295992e-02	3.366965397090128983e-03
nan	1.446750000000000000e+03	1.446749999999999758e+00	nan	6.814934834139307895e-03	4.280741891781590647e-02	3.490980116242123864e-03
nan	1.707750000000000000e+03	1.707750000000000101e+00	nan	8.653443348549672010e-03	3.911847159940248786e-02	3.494646918711539693e-03
nan	1.867000000000000000e+03	1.866999999999999993e+00	nan	9.942037896735200775e-03	3.476174024079910219e-02	3.545868838981150375e-03
nan	2.068500000000000000e+03	2.068500000000000227e+00	nan	1.254928357559492724e-02	3.427184630471469262e-02	3.561958074499983491e-03
nan	2.171500000000000000e+03	2.171499999999999986e+00	nan	1.506412797316158958e-02	2.954620982847046967e-02	3.529977495142625800e-03
nan	2.344000000000000000e+03	2.344000000000000306e+00	nan	1.633284883014596289e-02	3.055875023546708938e-02	3.595984342835736348e-03
nan	2.416000000000000000e+03	2.415999999999999925e+00	nan	1.673178298614175219e-02	2.939692789706654930e-02	3.607047124497286122e-03
nan	2.563500000000000000e+03	2.563500000000000334e+00	nan	2.032703022996429354e-02	2.819017365141533379e-02	3.561629260503730750e-03
nan	2.702250000000000000e+03	2.702250000000000263e+00	nan	2.177886804824424871e-02	2.647593035464323313e-02	3.571171377357275356e-03
nan	2.810750000000000000e+03	2.810749999999999638e+00	nan	2.478421748855907936e-02	2.712856018896580776e-02	3.562316130968339739e-03
nan	2.893000000000000000e+03	2.892999999999999794e+00	nan	2.672670647964991986e-02	2.496601246847939340e-02	3.537373220719066194e-03
nan	3.023250000000000000e+03	3.023249999999999993e+00	nan	2.783788462602387881e-02	2.489636554726171180e-02	3.549322795826828636e-03
nan	3.098750000000000000e+03	3.098749999999999893e+00	nan	3.117807732380128982e-02	2.497665371392038952e-02	3.555542796614908664e-03
nan	3.197750000000000000e+03	3.197750000000000092e+00	nan	3.297304376687293370e-02	2.584337389430146209e-02	3.580466104703414372e-03
nan	3.213750000000000000e+03	3.213750000000000107e+00	nan	3.806482448263182050e-02	2.372424351080132041e-02	3.527913963769746010e-03
nan	3.462750000000000000e+03	3.462749999999999773e+00	nan	3.735326577950104365e-02	2.286528357798065306e-02	3.546454932588499146e-03
nan	3.452250000000000000e+03	3.452250000000000263e+00	nan	4.073061564969293613e-02	2.215123304669921328e-02	3.573202100432460240e-03
nan	3.512750000000000000e+03	3.512749999999999595e+00	nan	4.499044688986941765e-02	2.206156587386629009e-02	3.575520967624994020e-03
nan	3.616750000000000000e+03	3.616749999999999687e+00	nan	4.628429287845392537e-02	2.141839185389597666e-02	3.568854995709354154e-03
nan	3.687000000000000000e+03	3.687000000000000277e+00	nan	5.030486682437640411e-02	2.046289800392477043e-02	3.645791890897918594e-03
nan	3.850250000000000000e+03	3.850249999999999950e+00	nan	5.216003494791721096e-02	2.173552409377369626e-02	3.556962374902571111e-03
nan	3.885750000000000000e+03	3.885749999999999815e+00	nan	5.280661716813028761e-02	2.168812353295064554e-02	3.630353002203856247e-03
nan	3.967750000000000000e+03	3.967750000000000110e+00	nan	5.561445652080010404e-02	1.923246326651618932e-02	3.586715757606667374e-03
nan	4.082500000000000000e+03	4.082500000000000462e+00	nan	5.808049638051215879e-02	2.226165848550669402e-02	3.650697982832100050e-03
nan	4.156000000000000000e+03	4.155999999999999694e+00	nan	6.139632037184128421e-02	2.067779000040217974e-02	3.653792663994511174e-03
nan	4.190500000000000000e+03	4.190500000000000114e+00	nan	6.415636662558199532e-02	1.995487911137543841e-02	3.566684336785325843e-03
nan	4.316000000000000000e+03	4.315999999999999837e+00	nan	6.840984138921157864e-02	2.014854434367019734e-02	3.581288520625908883e-03
nan	4.320750000000000000e+03	4.320750000000000313e+00	nan	6.739727706207077063e-02	2.009795096526301172e-02	3.586758796503605046e-03
nan	4.372000000000000000e+03	4.371999999999999886e+00	nan	7.019879759781133544e-02	1.977809546363019227e-02	3.631566247650713439e-03
nan	4.469750000000000000e+03	4.469750000000000334e+00	nan	7.746315952522309090e-02	2.033689466720147582e-02	3.593318492144332525e-03
nan	4.505000000000000000e+03	4.505000000000000782e+00	nan	7.675812872793130737e-02	2.077717738245563051e-02	3.584577599710688477e-03
nan	4.619000000000000000e+03	4.618999999999999773e+00	nan	7.987671471346402541e-02	2.024592679521918653e-02	3.598809265977939882e-03
nan	4.609000000000000000e+03	4.608999999999999986e+00	nan	8.097447014807812593e-02	1.896810714644869139e-02	3.568512634827786505e-03
nan	4.729500000000000000e+03	4.729499999999999815e+00	nan	8.856909761090037136e-02	1.824873740050667048e-02	3.666229718901333878e-03
nan	4.795500000000000000e+03	4.795499999999999652e+00	nan	8.885852164763718974e-02	1.857833636345038869e-02	3.580112733010200159e-03
nan	4.798750000000000000e+03	4.798750000000000071e+00	nan	9.431183775922136192e-02	1.849708666145585129e-02	3.608120716097625892e-03
nan	4.933500000000000000e+03	4.933500000000000441e+00	nan	9.640087885043158167e-02	1.887370442415755439e-02	3.629339428798851117e-03
nan	7.765000000000000000e+02	7.764999999999999680e-01	nan	3.078785334484024361e-03	5.308107559645146994e-02	2.606576105668465503e-03
nan	9.877500000000000000e+02	9.877500000000001279e-01	nan	4.762007422471015161e-03	4.752249343304651430e-02	2.748284551552376397e-03
nan	1.156750000000000000e+03	1.156749999999999945e+00	nan	6.466580906426599995e-03	4.108365826042537083e-02	2.760218523722380614e-03
nan	1.326000000000000000e+03	1.326000000000000068e+00	nan	8.560047293876493768e-03	3.376534026729855614e-02	2.796907936511101259e-03
nan	1.468000000000000000e+03	1.467999999999999972e+00	nan	1.068364582457093093e-02	3.456509851263963456e-02	2.773715375012001435e-03
nan	1.601000000000000000e+03	1.600999999999999979e+00	nan	1.164331278553731863e-02	3.417979715861751977e-02	2.828787001856055382e-03
nan	1.719250000000000000e+03	1.719249999999999945e+00	nan	1.264879214031111587e-02	2.954620719674804635e-02	2.808126413512425888e-03
nan	1.866500000000000000e+03	1.866499999999999826e+00	nan	1.610297462657683809e-02	3.005592471978212749e-02	2.853812162868652868e-03
nan	1.961500000000000000e+03	1.961500000000000021e+00	nan	1.826658043418660782e-02	2.966442700869650895e-02	2.837832849119688826e-03
nan	2.054750000000000000e+03	2.054749999999999854e+00	nan	2.070302614319530221e-02	2.422751091772955279e-02	2.855584483348429844e-03
nan	2.154500000000000000e+03	2.154500000000000082e+00	nan	2.177608874225711588e-02	2.800853358336540672e-02	2.789037564975823356e-03
nan	2.255250000000000000e+03	2.255250000000000199e+00	nan	2.271665823030843967e-02	2.688716793882723471e-02	2.844669596209720673e-03
nan	2.307500000000000000e+03	2.307500000000000107e+00	nan	2.573370813186670603e-02	2.831689310830650536e-02	2.801186979812651801e-03
nan	2.383250000000000000e+03	2.383250000000000313e+00	nan	2.597582940319398404e-02	2.671521037619787459e-02	2.870569643849475369e-03
nan	2.428500000000000000e+03	2.428500000000000103e+00	nan	2.893109458699427705e-02	2.429408354062018507e-02	2.821911181552597906e-03
nan	2.556500000000000000e+03	2.556499999999999773e+00	nan	3.230489884450093996e-02	2.178924314379006993e-02	2.860037495818265954e-03
nan	2.640250000000000000e+03	2.640249999999999986e+00	nan	3.418327403340981618e-02	2.352634444878435802e-02	2.864595490434253700e-03
nan	2.731500000000000000e+03	2.731500000000000483e+00	nan	3.531730564057511401e-02	2.240010697471973844e-02	2.854603399841066334e-03
nan	2.789750000000000000e+03	2.789749999999999730e+00	nan	3.812140883817960457e-02	2.293862392422377564e-02	2.872268866632174747e-03
nan	2.823250000000000000e+03	2.823249999999999815e+00	nan	3.755979855230862086e-02	2.289394804935947214e-02	2.928418310603474704e-03
nan	2.881500000000000000e+03	2.881499999999999950e+00	nan	4.260866738036384049e-02	2.135656268654994097e-02	2.873332230953248856e-03
nan	2.957000000000000000e+03	2.956999999999999851e+00	nan	4.249817244289033624e-02	2.223490682403201496e-02	2.879241984334996157e-03
nan	3.026250000000000000e+03	3.026250000000000107e+00	nan	4.465999847008106372e-02	2.070707399689667577e-02	2.854513246193909805e-03
nan	3.115500000000000000e+03	3.115499999999999936e+00	nan	4.811695616928091113e-02	2.105680849159000459e-02	2.835626012323594347e-03
nan	3.132750000000000000e+03	3.132749999999999702e+00	nan	4.966007880744882641e-02	2.155885738832330478e-02	2.877420169822019185e-03
nan	3.215750000000000000e+03	3.215749999999999886e+00	nan	5.235963245587527126e-02	2.122940285191381171e-02	2.862117791610105551e-03
nan	3.272750000000000000e+03	3.272749999999999826e+00	nan	5.384032883205236431e-02	2.061046111650882695e-02	2.846736990074163164e-03
nan	3.334250000000000000e+03	3.334249999999999936e+00	nan	5.692443140117120493e-02	2.039648291644843847e-02	2.870783814936124674e-03
nan	3.396750000000000000e+03	3.396749999999999936e+00	nan	6.317117430756979957e-02	1.915112285283651627e-02	2.856277577071978258e-03
nan	3.453500000000000000e+03	3.453500000000000014e+00	nan	5.891049950918159084e-02	1.966509192539794837e-02	2.850815904328675345e-03
nan	3.544250000000000000e+03	3.544249999999999901e+00	nan	6.627065972139689620e-02	1.921754892788317751e-02	2.814939493637735532e-03
nan	3.509500000000000000e+03	3.509500000000000064e+00	nan	6.672653935800099134e-02	1.868511777978957081e-02	2.895260570069464485e-03
nan	3.595500000000000000e+03	3.595499999999999474e+00	nan	7.192037874591505897e-02	2.051828828092355436e-02	2.851961358915267378e-03
nan	3.637000000000000000e+03	3.637000000000000011e+00	nan	7.040528308766624832e-02	1.966152960688354739e-02	2.884590353003577568e-03
nan	3.725000000000000000e+03	3.725000000000000089e+00	nan	7.075750475206632473e-02	2.055487935824840823e-02	2.939303420724519340e-03
nan	3.792000000000000000e+03	3.791999999999999815e+00	nan	7.976756043433397281e-02	1.859422552629728595e-02	2.898546272396048101e-03
nan	3.789750000000000000e+03	3.789750000000000174e+00	nan	7.962815785856491857e-02	1.927769952773328299e-02	2.858258543258178266e-03
nan	3.956250000000000000e+03	3.956250000000000266e+00	nan	8.724287276731956808e-02	1.964572840658523889e-02	2.871963811400700915e-03
nan	3.940500000000000000e+03	3.940500000000000114e+00	nan	7.965237268297187256e-02	1.887213558098024824e-02	2.882012651873864552e-03
nan	6.142500000000000000e+02	6.142499999999999627e-01	nan	3.312890458204265087e-03	5.992443780377011697e-02	2.113876834630447864e-03
nan	8.130000000000000000e+02	8.130000000000000560e-01	nan	4.665458390043397685e-03	4.760684780477497657e-02	2.245242426609791921e-03
nan	9.835000000000000000e+02	9.835000000000000409e-01	nan	6.446268061438331642e-03	3.656985638868874566e-02	2.282977875715620948e-03
nan	1.110000000000000000e+03	1.109999999999999876e+00	nan	8.798740437690355520e-03	3.746982131285769152e-02	2.287553174963246911e-03
nan	1.228750000000000000e+03	1.228750000000000009e+00	nan	9.845842251237968412e-03	3.416476840615374766e-02	2.295044774458126526e-03
nan	1.317000000000000000e+03	1.317000000000000171e+00	nan	1.205576480228387481e-02	3.244218363435712182e-02	2.361880829742007536e-03
nan	1.422250000000000000e+03	1.422250000000000014e+00	nan	1.385791905042310646e-02	2.912693981657905884e-02	2.344059878991550452e-03
nan	1.516250000000000000e+03	1.516250000000000098e+00	nan	1.598078680649450689e-02	2.817819898744287205e-02	2.325267879047228457e-03
nan	1.603500000000000000e+03	1.603499999999999925e+00	nan	1.745722371973101872e-02	2.675467178433604473e-02	2.350872036876268476e-03
nan	1.697000000000000000e+03	1.697000000000000064e+00	nan	2.031689446434370439e-02	2.660461619879334397e-02	2.373167586811042711e-03
nan	1.789250000000000000e+03	1.789250000000000007e+00	nan	1.969057887373537596e-02	2.769785650778325281e-02	2.359011520072836193e-03
nan	1.841250000000000000e+03	1.841250000000000053e+00	nan	2.132497023430346417e-02	2.563389464550975758e-02	2.370833159200370042e-03
nan	1.922750000000000000e+03	1.922750000000000181e+00	nan	2.348900558357058799e-02	2.842489790321089949e-02	2.341597960302900516e-03
nan	2.014250000000000000e+03	2.014250000000000096e+00	nan	2.458499708413341978e-02	2.506443115920747866e-02	2.407917536236226300e-03
nan	2.096500000000000000e+03	2.096499999999999808e+00	nan	3.076140481158518014e-02	2.236322338933287301e-02	2.372992177630847081e-03
nan	2.143000000000000000e+03	2.142999999999999794e+00	nan	2.908087142813542414e-02	2.424678405892615948e-02	2.365683108911894195e-03
nan	2.195750000000000000e+03	2.195749999999999869e+00	nan	3.452877430331113828e-02	2.219627102049983106e-02	2.410470827009274057e-03
nan	2.275500000000000000e+03	2.275499999999999634e+00	nan	3.338608208341042882e-02	2.356302499545015472e-02	2.365972673391502756e-03
nan	2.295500000000000000e+03	2.295499999999999652e+00	nan	3.459408226379423468e-02	2.254724955465983727e-02	2.394010122328264940e-03
nan	2.377750000000000000e+03	2.377749999999999808e+00	nan	3.811291646263725852e-02	2.439339494605891751e-02	2.384230547343856206e-03
nan	2.425000000000000000e+03	2.425000000000000266e+00	nan	3.904127385226274782e-02	2.387278118449212561e-02	2.380939354987526672e-03
nan	2.463000000000000000e+03	2.463000000000000078e+00	nan	4.209995446058201196e-02	2.175839551962521073e-02	2.371506865568707208e-03
nan	2.534500000000000000e+03	2.534499999999999975e+00	nan	4.307480315225120648e-02	2.252108344424964825e-02	2.349629309131238616e-03
nan	2.590250000000000000e+03	2.590250000000000163e+00	nan	4.539676716183294047e-02	2.071950066534871543e-02	2.413723326290928735e-03
nan	2.616500000000000000e+03	2.616500000000000270e+00	nan	4.719198817048209094e-02	2.220589313430201134e-02	2.381138148498413310e-03
nan	2.673250000000000000e+03	2.673250000000000348e+00	nan	5.205957257760474022e-02	2.034479558773200081e-02	2.401347258044662317e-03
nan	2.698250000000000000e+03	2.698249999999999815e+00	nan	5.139879292926252674e-02	2.070890167561116949e-02	2.395763650683043009e-03
nan	2.811000000000000000e+03	2.810999999999999943e+00	nan	5.445874342677825553e-02	2.102116326832269982e-02	2.405059960215705749e-03
nan	2.843250000000000000e+03	2.843250000000000277e+00	nan	5.664779344050430154e-02	2.205321950969431344e-02	2.364539737606447846e-03
nan	2.880250000000000000e+03	2.880250000000000199e+00	nan	6.048380293759691995e-02	1.996604859300095403e-02	2.405191284688074430e-03
nan	2.896250000000000000e+03	2.896250000000000213e+00	nan	6.213999143426462979e-02	1.931830171149291620e-02	2.420959639356431384e-03
nan	2.943250000000000000e+03	2.943249999999999922e+00	nan	6.371310138524677313e-02	2.006171276099475570e-02	2.380083682300386614e-03
nan	3.040500000000000000e+03	3.040500000000000203e+00	nan	6.246866318304000743e-02	1.937583075902277185e-02	2.372993312850477619e-03
nan	3.067500000000000000e+03	3.067499999999999893e+00	nan	6.989628229274558180e-02	1.990009672016957928e-02	2.402197133250150076e-03
nan	3.123750000000000000e+03	3.123749999999999805e+00	nan	6.551257477099170501e-02	2.024174329626047403e-02	2.411763620518531451e-03
nan	3.112750000000000000e+03	3.112749999999999684e+00	nan	7.060620447140308897e-02	1.971555854623533582e-02	2.404765819893747193e-03
nan	3.173250000000000000e+03	3.173249999999999904e+00	nan	7.564729343926046568e-02	1.844001259043814150e-02	2.364972454485409284e-03
nan	3.224500000000000000e+03	3.224500000000000366e+00	nan	7.485245200911094798e-02	1.796764963574853241e-02	2.406035410892086359e-03
nan	3.303000000000000000e+03	3.302999999999999936e+00	nan	8.165030370309978025e-02	1.918002313443574122e-02	2.426798710279839261e-03
nan	4.665000000000000000e+02	4.665000000000000258e-01	nan	3.598374351049926645e-03	5.009841707112377973e-02	1.685176858969332763e-03
nan	6.545000000000000000e+02	6.544999999999999707e-01	nan	5.370554975982599899e-03	4.841929499713907431e-02	1.718385997707750842e-03
nan	7.652500000000000000e+02	7.652499999999999858e-01	nan	6.415151498572413402e-03	3.812087241869480808e-02	1.767246691423130216e-03
nan	8.945000000000000000e+02	8.945000000000000728e-01	nan	8.725247132488789248e-03	3.814174854073769383e-02	1.871143159884984400e-03
nan	9.490000000000000000e+02	9.489999999999999547e-01	nan	8.755251304961575443e-03	3.559507734681265079e-02	1.876149456564822973e-03
nan	1.049250000000000000e+03	1.049250000000000016e+00	nan	1.190426992005200191e-02	3.611272544088322406e-02	1.822845093458707374e-03
nan	1.132000000000000000e+03	1.132000000000000117e+00	nan	1.282273281330503778e-02	3.041547446090705348e-02	1.861584475817502481e-03
nan	1.189250000000000000e+03	1.189249999999999918e+00	nan	1.503565544237517315e-02	2.843676579140510391e-02	1.834670078513887716e-03
nan	1.322750000000000000e+03	1.322749999999999870e+00	nan	1.623459056133924605e-02	2.847918766619095265e-02	1.867732615709202142e-03
nan	1.355250000000000000e+03	1.355250000000000066e+00	nan	1.831163818653180897e-02	2.682132148380656639e-02	1.894680464015931513e-03
nan	1.435250000000000000e+03	1.435249999999999915e+00	nan	2.031567734348982412e-02	2.771547155352974828e-02	1.884414113513789134e-03
nan	1.455000000000000000e+03	1.454999999999999849e+00	nan	2.061796853033115440e-02	2.603913508698348089e-02	1.859401226567604197e-03
nan	1.560000000000000000e+03	1.560000000000000053e+00	nan	2.479650944638933652e-02	2.493349700329335061e-02	1.858680309119367397e-03
nan	1.625250000000000000e+03	1.625249999999999861e+00	nan	2.542549452667230980e-02	2.297804903778253097e-02	1.921253438722438089e-03
nan	1.634500000000000000e+03	1.634499999999999842e+00	nan	2.650126902531724227e-02	2.309698360034335984e-02	1.874594400574652485e-03
nan	1.711750000000000000e+03	1.711750000000000105e+00	nan	2.915885450505584231e-02	2.407446169755286108e-02	1.876886569351318614e-03
nan	1.739750000000000000e+03	1.739749999999999908e+00	nan	3.186809297272930053e-02	2.320171137105889528e-02	1.881029901375457338e-03
nan	1.833000000000000000e+03	1.833000000000000185e+00	nan	3.487956431146699288e-02	2.361736032999912221e-02	1.879679130338588865e-03
nan	1.857000000000000000e+03	1.856999999999999984e+00	nan	3.632609523637597704e-02	2.375107162673537747e-02	1.894056568943818138e-03
nan	1.940000000000000000e+03	1.939999999999999947e+00	nan	3.611810346751553880e-02	2.059678315427654685e-02	1.897074732853965343e-03
nan	1.976500000000000000e+03	1.976499999999999924e+00	nan	3.810700729007976406e-02	2.269707379160091146e-02	1.893371648119948365e-03
nan	1.977250000000000000e+03	1.977249999999999952e+00	nan	4.097173800329301230e-02	1.998707275453311463e-02	1.893887563605792593e-03
nan	2.067750000000000000e+03	2.067750000000000199e+00	nan	4.214827711086854833e-02	2.214269637025460119e-02	1.917125775126359791e-03
nan	2.064000000000000000e+03	2.064000000000000057e+00	nan	4.531471893898242342e-02	1.979963281470893677e-02	1.900008959529426089e-03
nan	2.106500000000000000e+03	2.106500000000000039e+00	nan	4.722134271099776015e-02	1.991471025955854346e-02	1.892770197392124347e-03
nan	2.180500000000000000e+03	2.180499999999999883e+00	nan	5.173809531709139264e-02	2.058204556965697457e-02	1.916116308455297805e-03
nan	2.196750000000000000e+03	2.196749999999999758e+00	nan	5.346485227602215673e-02	2.177743185474126722e-02	1.914343250668608908e-03
nan	2.207000000000000000e+03	2.206999999999999851e+00	nan	5.286718169696769110e-02	2.057604711866583072e-02	1.906596867143854970e-03
nan	2.257750000000000000e+03	2.257750000000000146e+00	nan	5.469115260149237656e-02	2.043852728275486613e-02	1.914685715540291253e-03
nan	2.289000000000000000e+03	2.289000000000000146e+00	nan	5.313521864644599191e-02	1.916401352639058794e-02	1.892857393471516179e-03
nan	2.349500000000000000e+03	2.349499999999999922e+00	nan	6.003269113239184662e-02	1.988887644336136823e-02	1.885078193641775458e-03
nan	2.404000000000000000e+03	2.403999999999999915e+00	nan	6.376264575681034330e-02	1.877132235711243685e-02	1.909787924227948543e-03
nan	2.408250000000000000e+03	2.408249999999999780e+00	nan	5.952528312485583228e-02	1.982872177099248914e-02	1.940670747687482482e-03
nan	2.430000000000000000e+03	2.430000000000000160e+00	nan	6.595435068095412134e-02	1.908522251190312297e-02	1.908665551608559538e-03
nan	2.509250000000000000e+03	2.509250000000000203e+00	nan	6.626687553489318816e-02	2.012957032241811939e-02	1.875810075577486217e-03
nan	2.486000000000000000e+03	2.485999999999999766e+00	nan	7.210312291601894685e-02	1.907937925042933053e-02	1.876925067816079349e-03
nan	2.516000000000000000e+03	2.516000000000000014e+00	nan	6.715739249779062447e-02	1.858446297019211366e-02	1.919130403346952637e-03
nan	2.571000000000000000e+03	2.571000000000000174e+00	nan	7.443753455146406850e-02	1.879882123994625412e-02	1.913425830640125107e-03
nan	2.611250000000000000e+03	2.611250000000000071e+00	nan	6.886567080408667607e-02	1.964905488066547024e-02	1.892647489872887386e-03
nan	3.055000000000000000e+02	3.054999999999999938e-01	nan	2.881616511082540910e-03	5.610330421183837984e-02	1.216319914193360763e-03
nan	4.532500000000000000e+02	4.532499999999999307e-01	nan	4.656736411995154867e-03	4.734266358755565007e-02	1.218857805418911960e-03
nan	5.632500000000000000e+02	5.632499999999999174e-01	nan	6.168712189449365724e-03	4.770156783903540393e-02	1.279538054552464962e-03
nan	6.375000000000000000e+02	6.375000000000000666e-01	nan	7.075127467828679073e-03	4.048869424551092971e-02	1.351438945255319275e-03
nan	7.045000000000000000e+02	7.045000000000000151e-01	nan	1.013886503127992000e-02	3.645643274421797586e-02	1.360061075306166767e-03
nan	7.930000000000000000e+02	7.930000000000000382e-01	nan	1.062885060841267659e-02	3.472265082432229866e-02	1.313895003037246923e-03
nan	8.625000000000000000e+02	8.625000000000000444e-01	nan	1.177655895639873052e-02	2.959911483609918223e-02	1.316973002370569381e-03
nan	9.087500000000000000e+02	9.087499999999999467e-01	nan	1.521471551117770105e-02	3.217043814791187284e-02	1.385197176323653065e-03
nan	9.482500000000000000e+02	9.482500000000000373e-01	nan	1.709262352841278698e-02	2.666364788699030625e-02	1.385683792339742395e-03
nan	1.008000000000000000e+03	1.008000000000000007e+00	nan	1.832549726256615941e-02	2.775746253965027943e-02	1.423096419325366527e-03
nan	1.013500000000000000e+03	1.013500000000000068e+00	nan	1.874745064642979742e-02	2.754103616956352432e-02	1.402266035819856298e-03
nan	1.098250000000000000e+03	1.098249999999999948e+00	nan	2.305944318507613389e-02	2.363096958353300830e-02	1.395255066463061593e-03
nan	1.121000000000000000e+03	1.120999999999999996e+00	nan	2.280529268091413542e-02	2.471941273786393278e-02	1.419224665215018883e-03
nan	1.181750000000000000e+03	1.181750000000000078e+00	nan	2.497099304383709750e-02	2.466657611204823436e-02	1.409443814238068703e-03
nan	1.214750000000000000e+03	1.214749999999999996e+00	nan	2.613667913672657050e-02	2.243404691824751884e-02	1.429114189100180819e-03
nan	1.262250000000000000e+03	1.262250000000000094e+00	nan	2.847064415365707646e-02	2.598107365807423089e-02	1.419239014666412706e-03
nan	1.331500000000000000e+03	1.331499999999999906e+00	nan	3.176099293713718907e-02	2.180850583398484879e-02	1.405373925184508991e-03
nan	1.339250000000000000e+03	1.339250000000000052e+00	nan	3.432427370773893927e-02	2.239623374993487265e-02	1.423456667102142434e-03
nan	1.371500000000000000e+03	1.371500000000000163e+00	nan	3.049289852918946053e-02	2.573816877706863043e-02	1.413354487608870077e-03
nan	1.436000000000000000e+03	1.436000000000000165e+00	nan	3.727078522871352106e-02	2.292083814876014897e-02	1.420575556433023015e-03
nan	1.441500000000000000e+03	1.441500000000000004e+00	nan	3.704157872527957807e-02	2.420223798386319375e-02	1.435813270663954984e-03
nan	1.484750000000000000e+03	1.484750000000000014e+00	nan	3.679649997235401315e-02	2.343007352058784631e-02	1.408801065377183375e-03
nan	1.509750000000000000e+03	1.509749999999999925e+00	nan	3.947792567578289891e-02	2.106230596289820206e-02	1.415450338707184216e-03
nan	1.533500000000000000e+03	1.533500000000000085e+00	nan	4.001582367072842317e-02	2.364052471971280975e-02	1.411602921514865149e-03
nan	1.557750000000000000e+03	1.557749999999999968e+00	nan	4.357899254495123387e-02	2.113978471299945983e-02	1.408210300370312841e-03
nan	1.593500000000000000e+03	1.593499999999999917e+00	nan	4.590030060273875279e-02	2.054129498749789409e-02	1.420913975613417738e-03
nan	1.637750000000000000e+03	1.637750000000000039e+00	nan	4.954350389886030825e-02	2.029099698429221582e-02	1.422530670941862807e-03
nan	1.677750000000000000e+03	1.677750000000000075e+00	nan	5.112340982338992035e-02	2.124800622938954192e-02	1.395089239011256498e-03
nan	1.708000000000000000e+03	1.707999999999999963e+00	nan	5.613756752853760190e-02	1.810374533294736160e-02	1.438800461359720454e-03
nan	1.731250000000000000e+03	1.731250000000000178e+00	nan	5.583461584421911539e-02	2.220432793678197431e-02	1.425287155022434684e-03
nan	1.730250000000000000e+03	1.730250000000000066e+00	nan	5.870895012793653223e-02	2.122003359175075182e-02	1.437309937738206859e-03
nan	1.783250000000000000e+03	1.783250000000000224e+00	nan	5.833724810895546398e-02	1.814903711333546235e-02	1.400999257636527558e-03
nan	1.827500000000000000e+03	1.827500000000000124e+00	nan	5.984434423231732580e-02	1.910627351179281300e-02	1.414906570411751099e-03
nan	1.869500000000000000e+03	1.869499999999999940e+00	nan	6.655593097480050346e-02	2.037225263403199746e-02	1.420623281316058103e-03
nan	1.850750000000000000e+03	1.850749999999999895e+00	nan	6.337196117590337963e-02	1.899456132075676845e-02	1.439701479580812607e-03
nan	1.884000000000000000e+03	1.884000000000000119e+00	nan	6.404479395899898009e-02	2.006636866551595247e-02	1.459683784024419853e-03
nan	1.905250000000000000e+03	1.905249999999999888e+00	nan	7.033576233999383476e-02	1.834611132178614462e-02	1.428090167968981304e-03
nan	1.952500000000000000e+03	1.952500000000000124e+00	nan	6.555857808535847653e-02	1.727065150709181443e-02	1.434614869352822007e-03
nan	1.975500000000000000e+03	1.975500000000000034e+00	nan	6.764190361872124413e-02	1.820528047245362907e-02	1.412494560601028739e-03
