# SourcePhotonFlux	NumberRaysSurvived	PercentageRaysSurvived	PhotonFlux	Bandwidth	HorizontalFocusFWHM	VerticalFocusFWHM
nan	1.845625000000000000e+02	1.845624999999999905e-01	nan	8.120625381389245945e-04	1.327842127595667103e-02	1.030509595360161543e-03
nan	1.708125000000000000e+02	1.708125000000000338e-01	nan	1.295492005702669758e-03	1.247632509563056588e-02	1.010790178363218852e-03
nan	4.787500000000000000e+01	4.787500000000000089e-02	nan	1.593355827118614343e-03	1.097419426239206255e-02	1.039643138213877660e-03
nan	6.912500000000000000e+01	6.912500000000000588e-02	nan	2.497958666673127937e-03	7.336557755207367623e-03	9.975497405786907384e-04
nan	7.987500000000000000e+01	7.987500000000000155e-02	nan	3.003861463387380581e-03	7.945970834577873940e-03	1.042036564711965648e-03
nan	8.875000000000000000e+01	8.874999999999999556e-02	nan	2.932965133378928613e-03	7.804571587779083816e-03	1.010691583734280074e-03
nan	1.071875000000000000e+02	1.071875000000000050e-01	nan	3.672105484756826854e-03	7.535406154238864437e-03	1.044512761265414249e-03
nan	1.270000000000000000e+02	1.270000000000000018e-01	nan	3.927982317634359788e-03	6.060502049770958785e-03	1.040143646892659115e-03
nan	1.375000000000000000e+02	1.374999999999999833e-01	nan	4.727542271655948980e-03	6.546397829263658416e-03	1.050093165929895682e-03
nan	1.447500000000000000e+02	1.447499999999999898e-01	nan	5.232077691509573469e-03	7.131608998554465027e-03	1.053897450324683396e-03
nan	1.577500000000000000e+02	1.577500000000000013e-01	nan	5.698448456271876239e-03	6.112577225342025536e-03	1.070769593589589869e-03
nan	1.706250000000000000e+02	1.706250000000000266e-01	nan	6.012615345262872779e-03	7.155303649124951718e-03	1.062546969501396415e-03
nan	1.813750000000000000e+02	1.813750000000000084e-01	nan	7.032485087677287083e-03	5.980213044609550277e-03	1.057012888146298879e-03
nan	1.913750000000000000e+02	1.913749999999999896e-01	nan	6.809468291713471899e-03	5.564323262864375591e-03	1.072998525815759344e-03
nan	2.027500000000000000e+02	2.027499999999999858e-01	nan	7.998309514540835607e-03	5.946130747691661181e-03	1.077414555890475424e-03
nan	2.065000000000000000e+02	2.065000000000000169e-01	nan	8.258858434814442262e-03	5.237959420159484826e-03	1.018842320349298142e-03
nan	2.193750000000000000e+02	2.193749999999999867e-01	nan	8.887320584328506357e-03	5.535895286192134973e-03	1.064338888527706015e-03
nan	2.203125000000000000e+02	2.203124999999999944e-01	nan	1.032147647450898376e-02	5.313494331041246702e-03	1.075942991297976301e-03
nan	2.298125000000000000e+02	2.298124999999999751e-01	nan	1.056992558807223759e-02	5.632389028008603915e-03	1.076352048260256506e-03
nan	2.239375000000000000e+02	2.239375000000000115e-01	nan	1.114048515542265250e-02	5.402180887342976356e-03	1.041048469733598736e-03
nan	2.270000000000000000e+02	2.269999999999999796e-01	nan	1.183352271230830866e-02	5.237913603556697967e-03	1.037217638024745666e-03
nan	2.260625000000000000e+02	2.260624999999999996e-01	nan	1.311461262598356825e-02	5.464737284271541096e-03	1.088200035429721544e-03
nan	2.192500000000000000e+02	2.192500000000000004e-01	nan	1.221374351715098783e-02	4.729832869339674686e-03	1.063839290202663566e-03
nan	2.048750000000000000e+02	2.048750000000000016e-01	nan	1.370037695143366818e-02	5.144490715845439176e-03	1.058186755248268027e-03
nan	1.965000000000000000e+02	1.965000000000000080e-01	nan	1.371519854555458551e-02	4.893749177462301120e-03	1.044030549232862143e-03
nan	1.840625000000000000e+02	1.840624999999999900e-01	nan	1.465981808108551832e-02	5.626429812741721645e-03	1.085589701249372891e-03
nan	1.645000000000000000e+02	1.645000000000000073e-01	nan	1.448444358764788831e-02	4.978037725542881244e-03	1.028851320965302411e-03
nan	1.516250000000000000e+02	1.516250000000000098e-01	nan	1.779618721009512683e-02	5.043523404771463152e-03	1.076332656166210065e-03
nan	1.366875000000000000e+02	1.366874999999999896e-01	nan	1.468162181210175277e-02	4.705580020297416531e-03	1.054463458946128338e-03
nan	1.284375000000000000e+02	1.284375000000000100e-01	nan	1.634029416382531963e-02	4.284821539132302459e-03	1.040183722465750932e-03
nan	1.101250000000000000e+02	1.101250000000000007e-01	nan	1.838268300186030046e-02	5.313275869927422748e-03	1.023638379225417453e-03
nan	1.016250000000000000e+02	1.016250000000000070e-01	nan	2.065727236333714245e-02	4.055365376390480427e-03	1.077316557837074531e-03
nan	9.268750000000000000e+01	9.268750000000000600e-02	nan	2.359040439515069920e-02	4.194934849425947104e-03	1.078604902182293867e-03
nan	7.650000000000000000e+01	7.649999999999999856e-02	nan	2.176174505467542986e-02	4.652485675759722092e-03	9.977180697337438217e-04
nan	6.812500000000000000e+01	6.812500000000000500e-02	nan	2.047377391701843408e-02	3.881918219898623876e-03	1.045678108018694222e-03
nan	6.156250000000000000e+01	6.156249999999999917e-02	nan	2.116685646947757959e-02	4.397035654041089175e-03	9.980188735224937435e-04
nan	5.287500000000000000e+01	5.287499999999999839e-02	nan	2.297883037387293825e-02	3.911870774272414863e-03	9.691076895341606484e-04
nan	4.375000000000000000e+01	4.374999999999999722e-02	nan	2.059183792700025606e-02	4.414610122147132054e-03	9.248119902324470308e-04
nan	3.487500000000000000e+01	3.487500000000000322e-02	nan	2.538025284560774253e-02	3.534896214834524347e-03	8.617576082311381941e-04
nan	1.577500000000000000e+02	1.577500000000000013e-01	nan	8.212552570645570427e-04	1.401839117121853572e-02	8.807033043631484412e-04
nan	1.380625000000000000e+02	1.380625000000000047e-01	nan	1.260766843607541432e-03	1.068889505867231908e-02	8.188288578747861431e-04
nan	4.068750000000000000e+01	4.068750000000000144e-02	nan	1.201082039385070743e-03	8.135237046379095033e-03	8.181193540039237953e-04
nan	5.893750000000000000e+01	5.893749999999999684e-02	nan	2.074033430632837849e-03	7.628846561272182268e-03	8.100232263774192988e-04
nan	6.275000000000000000e+01	6.275000000000000022e-02	nan	2.707269493193109611e-03	7.419109821847950925e-03	7.604227733150903130e-04
nan	7.625000000000000000e+01	7.624999999999999833e-02	nan	2.749212564140179893e-03	9.216127964996828278e-03	8.175699762238701658e-04
nan	9.162500000000000000e+01	9.162499999999999811e-02	nan	3.560778983747070470e-03	6.225991483040231242e-03	8.774565470407546912e-04
nan	1.071250000000000000e+02	1.071249999999999980e-01	nan	3.493635720893450980e-03	7.350181895552098527e-03	8.604942802355965061e-04
nan	1.113750000000000000e+02	1.113749999999999879e-01	nan	4.074397075289226677e-03	7.580328128619244488e-03	7.814093956627263769e-04
nan	1.186875000000000000e+02	1.186875000000000013e-01	nan	4.529920458672620498e-03	5.692852473657332955e-03	8.579347989417048697e-04
nan	1.357500000000000000e+02	1.357499999999999818e-01	nan	3.904235626592367225e-03	6.975537854728564371e-03	8.814879500765005708e-04
nan	1.428750000000000000e+02	1.428750000000000020e-01	nan	5.723170569083890769e-03	6.498912688991558169e-03	8.390937238995733799e-04
nan	1.501250000000000000e+02	1.501250000000000084e-01	nan	6.676210391091785823e-03	6.780162244224059546e-03	8.571552562397283985e-04
nan	1.585625000000000000e+02	1.585624999999999951e-01	nan	6.369739613830915914e-03	6.327873684366434534e-03	8.541888919749411483e-04
nan	1.676875000000000000e+02	1.676874999999999893e-01	nan	6.913087068703305249e-03	6.119456970443300919e-03	8.853667602761949255e-04
nan	1.746250000000000000e+02	1.746250000000000024e-01	nan	7.421594935415498639e-03	6.110657411004902229e-03	8.630832046065364154e-04
nan	1.890625000000000000e+02	1.890625000000000222e-01	nan	8.622497503388615314e-03	5.947862914904556569e-03	8.894498403961444404e-04
nan	1.923125000000000000e+02	1.923124999999999973e-01	nan	1.025198186223263974e-02	5.849699893715957014e-03	9.023191740802054966e-04
nan	1.825000000000000000e+02	1.824999999999999956e-01	nan	8.196362120166611476e-03	5.445896442072760760e-03	8.878444855426607029e-04
nan	1.868125000000000000e+02	1.868124999999999925e-01	nan	1.002627148105261767e-02	4.736514709159073307e-03	8.872417697596986751e-04
nan	1.894375000000000000e+02	1.894375000000000364e-01	nan	1.066717199955746764e-02	5.449200564220260321e-03	8.884271280520208199e-04
nan	1.879375000000000000e+02	1.879375000000000073e-01	nan	1.228257958155154483e-02	5.206560921220417491e-03	8.908783254609792431e-04
nan	1.850625000000000000e+02	1.850625000000000187e-01	nan	1.262042661363693696e-02	5.021484999301328855e-03	8.528312513490117746e-04
nan	1.729375000000000000e+02	1.729374999999999940e-01	nan	1.296173627515884164e-02	5.737150536754828840e-03	8.503107689617373389e-04
nan	1.675625000000000000e+02	1.675625000000000031e-01	nan	1.280277704954357887e-02	4.495184727978581221e-03	8.734295074074278171e-04
nan	1.501875000000000000e+02	1.501875000000000016e-01	nan	1.258766605698724561e-02	5.357648012792442897e-03	8.915968136167908356e-04
nan	1.391875000000000000e+02	1.391875000000000195e-01	nan	1.308931614434527546e-02	4.731242421857202035e-03	8.738194278657371609e-04
nan	1.221875000000000000e+02	1.221875000000000044e-01	nan	1.390700230417962757e-02	5.406816827607480863e-03	8.685346423737952317e-04
nan	1.170000000000000000e+02	1.170000000000000068e-01	nan	1.691092308043096182e-02	4.596318900145304927e-03	8.660046588312665314e-04
nan	1.021250000000000000e+02	1.021249999999999936e-01	nan	1.603215683985581563e-02	4.917695243325289310e-03	8.840955116648219463e-04
nan	9.175000000000000000e+01	9.174999999999999822e-02	nan	1.561579823138004031e-02	5.057704190641550829e-03	8.928592216065468854e-04
nan	8.262500000000000000e+01	8.262500000000000400e-02	nan	1.873280809188315743e-02	4.547472673880156857e-03	8.749119198942818679e-04
nan	7.500000000000000000e+01	7.499999999999999722e-02	nan	1.826441936546530087e-02	4.380702946324999472e-03	8.287442070828245945e-04
nan	6.556250000000000000e+01	6.556249999999999578e-02	nan	1.840135400225051399e-02	4.400241010353377058e-03	8.406766549989691788e-04
nan	5.931250000000000000e+01	5.931250000000000411e-02	nan	2.235796350024088497e-02	3.390238478000760346e-03	8.167199438418814260e-04
nan	5.156250000000000000e+01	5.156250000000000416e-02	nan	2.012704701064649271e-02	3.961184034437971110e-03	8.637531541681515339e-04
nan	4.550000000000000000e+01	4.549999999999999878e-02	nan	1.939865085311964776e-02	4.708259120528742597e-03	7.342303793744313876e-04
nan	3.687500000000000000e+01	3.687500000000000500e-02	nan	2.130293515087089418e-02	3.587258769622615924e-03	5.593016270106044652e-04
nan	3.112500000000000000e+01	3.112499999999999989e-02	nan	1.963089197938927555e-02	4.111202741794069311e-03	8.020753240797671123e-04
nan	1.265625000000000000e+02	1.265625000000000222e-01	nan	6.130474022727483430e-04	1.591686856538268580e-02	6.217660063029938761e-04
nan	1.059375000000000000e+02	1.059375000000000039e-01	nan	1.183402189427695816e-03	1.098344474295064044e-02	6.547235590813328373e-04
nan	3.331250000000000000e+01	3.331250000000000183e-02	nan	1.765509593827374601e-03	9.311819618829042522e-03	6.209884626736320978e-04
nan	4.756250000000000000e+01	4.756249999999999367e-02	nan	2.095731164306613437e-03	8.033812937357859285e-03	6.511311330960065438e-04
nan	4.768750000000000000e+01	4.768750000000000766e-02	nan	2.042534673400098200e-03	8.205584293070177643e-03	6.504687032683369782e-04
nan	5.787500000000000000e+01	5.787499999999999589e-02	nan	2.530895192368376456e-03	8.428309809446477008e-03	6.305720767580075357e-04
nan	7.106250000000000000e+01	7.106250000000000067e-02	nan	2.854435852480463609e-03	6.894462558509220282e-03	6.676254449195763658e-04
nan	8.043750000000000000e+01	8.043750000000000899e-02	nan	3.508047094115340769e-03	7.975823952742445641e-03	7.051617460864992694e-04
nan	9.468750000000000000e+01	9.468750000000000777e-02	nan	4.419058321044389004e-03	5.462951324422287390e-03	6.805174709150884488e-04
nan	9.112500000000000000e+01	9.112499999999999767e-02	nan	4.259364513096386418e-03	6.264629047314080462e-03	7.075899480408486290e-04
nan	1.066875000000000000e+02	1.066874999999999907e-01	nan	5.087013385555394507e-03	5.789834535556637879e-03	7.238217592152711979e-04
nan	1.191875000000000000e+02	1.191875000000000018e-01	nan	5.516041164653984197e-03	6.324656109679707705e-03	6.820992736801736057e-04
nan	1.221250000000000000e+02	1.221250000000000113e-01	nan	6.312670112897933450e-03	6.659442619831723933e-03	6.857027124924108298e-04
nan	1.275625000000000000e+02	1.275624999999999953e-01	nan	6.543620230736735266e-03	6.159983276621125263e-03	6.919476808758373131e-04
nan	1.336250000000000000e+02	1.336249999999999938e-01	nan	6.785279626697615640e-03	6.557953043055345793e-03	6.854041530101172980e-04
nan	1.436250000000000000e+02	1.436250000000000027e-01	nan	8.248007981748628481e-03	5.407127726595536629e-03	7.047717893125174512e-04
nan	1.490000000000000000e+02	1.490000000000000213e-01	nan	7.254713110661725750e-03	5.547244131154593048e-03	6.850125458254987653e-04
nan	1.434375000000000000e+02	1.434374999999999956e-01	nan	8.904155285172521417e-03	4.577696736219837720e-03	7.084505940213193381e-04
nan	1.540000000000000000e+02	1.540000000000000258e-01	nan	9.646624907077239186e-03	6.276334852683343804e-03	6.836982965037512920e-04
nan	1.521875000000000000e+02	1.521875000000000033e-01	nan	9.687591777591819664e-03	5.076611253667632009e-03	7.152748516248224296e-04
nan	1.510000000000000000e+02	1.509999999999999953e-01	nan	1.025302918149861853e-02	5.118542673970218407e-03	7.038340132464528413e-04
nan	1.560625000000000000e+02	1.560624999999999929e-01	nan	1.043692839975562947e-02	5.258076954313056078e-03	7.020022572785811080e-04
nan	1.453750000000000000e+02	1.453750000000000042e-01	nan	1.110857316187718880e-02	5.601932360155719923e-03	6.842173882781989657e-04
nan	1.393750000000000000e+02	1.393749999999999989e-01	nan	1.048293478594075623e-02	4.959501139541624623e-03	7.090834083957801934e-04
nan	1.297500000000000000e+02	1.297500000000000042e-01	nan	1.242634600865244465e-02	5.344247808568413499e-03	6.791175684465190461e-04
nan	1.174375000000000000e+02	1.174375000000000002e-01	nan	1.283496326476551985e-02	5.221378267457287697e-03	6.513731968949159658e-04
nan	1.145625000000000000e+02	1.145624999999999977e-01	nan	1.284326005243485724e-02	4.617747751444562128e-03	6.873176692197942783e-04
nan	1.021250000000000000e+02	1.021250000000000074e-01	nan	1.441564419644691952e-02	5.159943390008089360e-03	6.628460119414885179e-04
nan	9.793750000000000000e+01	9.793750000000001066e-02	nan	1.430788531354210136e-02	4.823851669888931312e-03	6.151010255181831119e-04
nan	8.362500000000000000e+01	8.362500000000000488e-02	nan	1.472918881923135359e-02	5.262537991930708869e-03	6.270550424359955331e-04
nan	7.493750000000000000e+01	7.493749999999999023e-02	nan	1.508141665686935085e-02	5.292005917596884559e-03	6.089871550719642371e-04
nan	7.000000000000000000e+01	7.000000000000000666e-02	nan	1.448144382740679248e-02	4.886211203861581809e-03	6.617013651416350263e-04
nan	6.200000000000000000e+01	6.199999999999999956e-02	nan	1.831888903440415106e-02	4.050742427389226845e-03	6.420785409386447085e-04
nan	5.568750000000000000e+01	5.568750000000000089e-02	nan	1.719864980010754607e-02	3.937455749560106119e-03	6.645996700608287466e-04
nan	4.656250000000000000e+01	4.656250000000000666e-02	nan	1.761020916715949625e-02	4.415275179209770043e-03	5.627892914538683723e-04
nan	3.875000000000000000e+01	3.875000000000000666e-02	nan	2.013632919586427761e-02	4.605033821932407248e-03	6.406977421054154982e-04
nan	3.481250000000000000e+01	3.481250000000000316e-02	nan	1.694782332845079509e-02	4.293737067148212933e-03	4.731695556322512101e-04
nan	2.775000000000000000e+01	2.775000000000000036e-02	nan	2.060650960774523810e-02	5.302976318490037339e-03	5.701952268094298646e-04
nan	2.456250000000000000e+01	2.456250000000000100e-02	nan	2.037630965974640551e-02	5.087886917593542613e-03	5.320309493978580325e-04
nan	1.035000000000000000e+02	1.035000000000000087e-01	nan	8.510283110245708826e-04	1.202400728950634573e-02	5.255048621456898973e-04
nan	9.037500000000000000e+01	9.037499999999999700e-02	nan	1.322992505357944992e-03	1.108148841283772279e-02	5.484408730899368017e-04
nan	2.593750000000000000e+01	2.593750000000000222e-02	nan	1.834666432124323942e-03	9.364750762881603185e-03	4.343740762940107806e-04
nan	4.275000000000000000e+01	4.274999999999999634e-02	nan	1.951376302525176243e-03	8.068715437023282755e-03	5.543816570608346185e-04
nan	4.150000000000000000e+01	4.149999999999999523e-02	nan	2.168068744950346627e-03	7.703925337246810695e-03	5.439679098873052756e-04
nan	5.093750000000000000e+01	5.093750000000000361e-02	nan	2.298404320598024242e-03	6.387545829517643492e-03	4.678007057018683480e-04
nan	6.331250000000000000e+01	6.331249999999999378e-02	nan	3.536007576276034570e-03	7.515133854959378697e-03	5.536089934221929531e-04
nan	7.100000000000000000e+01	7.099999999999999367e-02	nan	2.641053531100112650e-03	7.122333513485568091e-03	5.509338592683090449e-04
nan	7.450000000000000000e+01	7.450000000000001066e-02	nan	3.967485900723488612e-03	6.294699858378979829e-03	5.510556341880526064e-04
nan	7.550000000000000000e+01	7.549999999999999767e-02	nan	4.421509781344923340e-03	6.629502848667228297e-03	5.199880707804911510e-04
nan	8.512500000000000000e+01	8.512499999999999234e-02	nan	5.531526980860235199e-03	6.209676578550958788e-03	5.631705643180701278e-04
nan	9.625000000000000000e+01	9.625000000000000222e-02	nan	5.584120836594763659e-03	6.194402067752610708e-03	5.682623488452291129e-04
nan	1.001875000000000000e+02	1.001875000000000127e-01	nan	5.362410550837637402e-03	5.676352196826951399e-03	5.561936143929645292e-04
nan	1.033750000000000000e+02	1.033749999999999947e-01	nan	6.561623881715661355e-03	5.936907952777860896e-03	5.710554529617024346e-04
nan	1.125625000000000000e+02	1.125624999999999959e-01	nan	7.217791415982333092e-03	5.679880049749813642e-03	5.691065442557180715e-04
nan	1.213750000000000000e+02	1.213749999999999829e-01	nan	7.010246019135024653e-03	6.298795590946104812e-03	5.818177277430729329e-04
nan	1.225000000000000000e+02	1.224999999999999978e-01	nan	7.320139230607480840e-03	6.264332287580506343e-03	5.646960699393626260e-04
nan	1.228125000000000000e+02	1.228125000000000050e-01	nan	7.362568053629559017e-03	5.532637528629396305e-03	5.822474824188929570e-04
nan	1.296250000000000000e+02	1.296249999999999902e-01	nan	8.047724190646476927e-03	5.708689154161882343e-03	5.846846117471634794e-04
nan	1.336250000000000000e+02	1.336249999999999938e-01	nan	9.527406672930283094e-03	5.186964109629831760e-03	5.803520224427045036e-04
nan	1.256250000000000000e+02	1.256250000000000144e-01	nan	9.188641453064860798e-03	5.365951138184210482e-03	5.904012049335130314e-04
nan	1.190000000000000000e+02	1.190000000000000085e-01	nan	1.042401136470516576e-02	5.068664862116420422e-03	5.782126406327172709e-04
nan	1.205625000000000000e+02	1.205624999999999891e-01	nan	1.044871838259098240e-02	5.164011984505466335e-03	5.565516275269461691e-04
nan	1.136875000000000000e+02	1.136874999999999969e-01	nan	1.166007438570204613e-02	5.131151497686197403e-03	5.721163945878724767e-04
nan	1.107500000000000000e+02	1.107499999999999873e-01	nan	1.101491898143081016e-02	5.011515429861375034e-03	5.636745946412395798e-04
nan	9.643750000000000000e+01	9.643750000000000933e-02	nan	1.134771701549652789e-02	4.531902261227213451e-03	5.133991422886938433e-04
nan	9.681250000000000000e+01	9.681249999999999578e-02	nan	1.186725647964692598e-02	4.954482819216999429e-03	5.336728367209838493e-04
nan	8.743750000000000000e+01	8.743749999999998745e-02	nan	1.287917531242044333e-02	5.118295119585331357e-03	5.400825342705364461e-04
nan	7.737500000000000000e+01	7.737499999999998546e-02	nan	1.245628468736015293e-02	4.323124060677648040e-03	5.479595192608404785e-04
nan	6.931250000000000000e+01	6.931249999999999911e-02	nan	1.519841622395290415e-02	4.492043913262630701e-03	5.497788756579791852e-04
nan	6.037500000000000000e+01	6.037499999999999811e-02	nan	1.652531911268795284e-02	5.259406956470637391e-03	5.650209304769119451e-04
nan	5.287500000000000000e+01	5.287499999999999839e-02	nan	1.560286491482543170e-02	4.498180416657420432e-03	5.365341278693864895e-04
nan	4.706250000000000000e+01	4.706250000000000711e-02	nan	1.415156274210005449e-02	4.725714395400324244e-03	5.575108963406966460e-04
nan	4.375000000000000000e+01	4.375000000000000416e-02	nan	1.406198230459665410e-02	3.162456252792696185e-03	5.414718437244988702e-04
nan	3.931250000000000000e+01	3.931250000000000022e-02	nan	1.761841980126632734e-02	4.109887552704851940e-03	5.582035120332059369e-04
nan	3.475000000000000000e+01	3.475000000000000311e-02	nan	1.471216144135212289e-02	4.077431098411170990e-03	3.887770932367996639e-04
nan	2.975000000000000000e+01	2.974999999999999867e-02	nan	1.553970378400038044e-02	5.705282359864170469e-03	4.555910699807200399e-04
nan	2.481250000000000000e+01	2.481250000000000122e-02	nan	1.940320948163047621e-02	4.215354701954577080e-03	4.378137284858348108e-04
nan	1.862500000000000000e+01	1.862500000000000266e-02	nan	2.216077517780229086e-02	5.590134146679759559e-03	4.125985413928905023e-04
nan	7.218750000000000000e+01	7.218750000000000167e-02	nan	7.357050723255653679e-04	1.203642734196286659e-02	3.829967514764295628e-04
nan	6.468750000000000000e+01	6.468749999999999500e-02	nan	1.154740552079758231e-03	1.060281813901411962e-02	4.454999146002031063e-04
nan	2.162500000000000000e+01	2.162499999999999839e-02	nan	2.089452377852797117e-03	1.188735618407773392e-02	3.522411582961775889e-04
nan	2.681250000000000000e+01	2.681249999999999953e-02	nan	1.673231396674695979e-03	8.359385538371217825e-03	3.480016368968961884e-04
nan	3.056250000000000000e+01	3.056249999999999939e-02	nan	1.071286983489017075e-03	6.254742653889986195e-03	3.301056303604172097e-04
nan	3.706250000000000000e+01	3.706249999999999822e-02	nan	2.655653393208723401e-03	6.176948774728052358e-03	4.539374790878946417e-04
nan	4.637500000000000000e+01	4.637499999999999956e-02	nan	3.052851123797495347e-03	7.423273716839569672e-03	4.376494131086343473e-04
nan	5.587500000000000000e+01	5.587500000000000105e-02	nan	3.334834745015058388e-03	6.654554663300270637e-03	4.247534803250860649e-04
nan	6.050000000000000000e+01	6.049999999999999822e-02	nan	4.908747153312020828e-03	5.701317972972172465e-03	4.273281437132282062e-04
nan	6.231250000000000000e+01	6.231249999999999983e-02	nan	4.045075110738594049e-03	7.003849637506300713e-03	4.321027967399436779e-04
nan	7.006250000000000000e+01	7.006249999999999978e-02	nan	5.031761927938305234e-03	4.923278132262121076e-03	4.412547346414450356e-04
nan	7.506250000000000000e+01	7.506250000000000422e-02	nan	4.434718602816190014e-03	5.898875730760633901e-03	4.362899012042227619e-04
nan	8.075000000000000000e+01	8.075000000000000233e-02	nan	5.263792763535946051e-03	5.149792596586194766e-03	4.472117224528732258e-04
nan	8.150000000000000000e+01	8.150000000000000300e-02	nan	5.714314731001479686e-03	6.257413581906046650e-03	4.298511806191025481e-04
nan	9.150000000000000000e+01	9.149999999999999800e-02	nan	6.588161717871798828e-03	4.723031332752546801e-03	4.374289628539675232e-04
nan	9.318750000000000000e+01	9.318750000000000644e-02	nan	6.590621650623518235e-03	4.902793390047520232e-03	4.519841670916986600e-04
nan	1.001250000000000000e+02	1.001250000000000057e-01	nan	7.224324596265319087e-03	5.798978407586221490e-03	4.592341409260318453e-04
nan	9.862500000000000000e+01	9.862499999999999045e-02	nan	6.524291180447505667e-03	5.417620163536196465e-03	4.490657886591693402e-04
nan	9.937500000000000000e+01	9.937499999999999112e-02	nan	7.873550157313502496e-03	5.051499879717928805e-03	4.357909528263078443e-04
nan	9.918750000000000000e+01	9.918749999999999789e-02	nan	8.112476609966279284e-03	4.782708572625810582e-03	4.731982369194243239e-04
nan	1.027500000000000000e+02	1.027500000000000080e-01	nan	8.787663498310394061e-03	5.151713918712136353e-03	4.321570780751175138e-04
nan	9.550000000000000000e+01	9.549999999999998768e-02	nan	9.599150298498670963e-03	3.787100541927401667e-03	4.656971982572817364e-04
nan	9.556250000000000000e+01	9.556249999999999467e-02	nan	1.108568274985088919e-02	4.413707386947176778e-03	4.521880113486556997e-04
nan	8.993750000000000000e+01	8.993750000000000355e-02	nan	1.165331680117276392e-02	4.225358052828181304e-03	4.434978331144246691e-04
nan	8.237500000000000000e+01	8.237500000000000377e-02	nan	9.832311259629022970e-03	4.712776276327385570e-03	4.514801172696174996e-04
nan	8.006250000000000000e+01	8.006249999999999478e-02	nan	1.219992279446557859e-02	4.928792365247854079e-03	4.351397340256184677e-04
nan	7.631250000000000000e+01	7.631250000000000533e-02	nan	1.252158742342146525e-02	4.530512884184286979e-03	4.657853934782191100e-04
nan	6.968750000000000000e+01	6.968750000000001332e-02	nan	9.821777786626739726e-03	3.709369109175767072e-03	4.282542881481086550e-04
nan	6.243750000000000000e+01	6.243749999999999994e-02	nan	9.978733051369204077e-03	5.091681361203527836e-03	4.610253537558009636e-04
nan	5.481250000000000000e+01	5.481250000000000011e-02	nan	1.186283357338879796e-02	4.777396350254822267e-03	4.259298563096229487e-04
nan	5.050000000000000000e+01	5.050000000000000322e-02	nan	1.299245551457772763e-02	3.881208821540013242e-03	3.535112733851268575e-04
nan	4.306250000000000000e+01	4.306250000000000355e-02	nan	1.235336119050600701e-02	4.393279684941878323e-03	3.652924496877211677e-04
nan	4.181250000000000000e+01	4.181250000000000244e-02	nan	1.292034034243272345e-02	4.525733873324977105e-03	4.543333283674704914e-04
nan	3.487500000000000000e+01	3.487500000000000322e-02	nan	1.463466681688885274e-02	4.263622827991999514e-03	4.049678075882458435e-04
nan	3.056250000000000000e+01	3.056249999999999939e-02	nan	1.248042673114468926e-02	3.491358058630424262e-03	3.875176292854761958e-04
nan	2.381250000000000000e+01	2.381250000000000380e-02	nan	1.692530299352275336e-02	4.503678744834442929e-03	3.521843482951862725e-04
nan	2.325000000000000000e+01	2.324999999999999983e-02	nan	2.117297863568258498e-02	5.313498465644012764e-03	3.418151953088937657e-04
nan	1.943750000000000000e+01	1.943750000000000339e-02	nan	1.945999856892186020e-02	5.319692941278116212e-03	3.328673690246929475e-04
nan	1.506250000000000000e+01	1.506249999999999950e-02	nan	1.877598154090370786e-02	5.120303584432639096e-03	3.403054708028337323e-04
nan	4.556250000000000000e+01	4.556250000000000577e-02	nan	5.737508052154893790e-04	1.333350295139461988e-02	2.884292611934893488e-04
nan	4.731250000000000000e+01	4.731250000000000733e-02	nan	1.220306959726968898e-03	1.157194850798280022e-02	2.752103277044064874e-04
nan	1.481250000000000000e+01	1.481249999999999928e-02	nan	1.856947381761694157e-03	1.278955936845883185e-02	2.663871202893708942e-04
nan	2.093750000000000000e+01	2.093750000000000125e-02	nan	2.191203186946665254e-03	1.134378849006657114e-02	2.529817192949055348e-04
nan	2.500000000000000000e+01	2.500000000000000139e-02	nan	2.685994356662564642e-03	1.026212198867468457e-02	2.591923007887766387e-04
nan	2.937500000000000000e+01	2.937499999999999833e-02	nan	1.944728863193745383e-03	7.804245119360589573e-03	2.480446422144710547e-04
nan	3.637500000000000000e+01	3.637500000000000455e-02	nan	3.108336762885244298e-03	5.927885198509883803e-03	3.134262234657949719e-04
nan	4.137500000000000000e+01	4.137500000000000205e-02	nan	3.094835889989155930e-03	6.401702079502368664e-03	3.154741762119687314e-04
nan	4.675000000000000000e+01	4.674999999999999989e-02	nan	4.305390599977698685e-03	7.412302322984339747e-03	3.171212015240444833e-04
nan	4.787500000000000000e+01	4.787500000000000089e-02	nan	3.695481005557610388e-03	7.229232359325063993e-03	2.809588585086064249e-04
nan	5.081250000000000000e+01	5.081249999999999656e-02	nan	4.601323854572569871e-03	5.501423938228515789e-03	3.225404221695403863e-04
nan	5.625000000000000000e+01	5.624999999999999445e-02	nan	6.001666248160120176e-03	5.831746745384912278e-03	3.006907635383570480e-04
nan	6.262500000000000000e+01	6.262500000000000011e-02	nan	5.298507636524618647e-03	6.504209167788027775e-03	3.280703502012473631e-04
nan	5.987500000000000000e+01	5.987499999999999767e-02	nan	5.334094544650724856e-03	4.482397676945184747e-03	3.446672744410170567e-04
nan	6.737500000000000000e+01	6.737499999999999045e-02	nan	7.748929660067460645e-03	5.674428493214991008e-03	3.300282357006495415e-04
nan	7.043750000000000000e+01	7.043750000000001399e-02	nan	6.297413091900239124e-03	5.229118334780848490e-03	3.371161174202099375e-04
nan	7.387500000000000000e+01	7.387499999999999623e-02	nan	6.472446105775020442e-03	5.803654187410087553e-03	3.285613524495032854e-04
nan	7.237500000000000000e+01	7.237499999999999489e-02	nan	7.559958240605624269e-03	4.904266061455819607e-03	3.280543318207938645e-04
nan	7.668750000000000000e+01	7.668749999999999178e-02	nan	8.592406566911847676e-03	4.819824713413210782e-03	3.281279908317397869e-04
nan	7.537500000000000000e+01	7.537499999999999756e-02	nan	7.582585394558805092e-03	5.438859276938784286e-03	3.338106958448303009e-04
nan	7.718750000000000000e+01	7.718749999999999223e-02	nan	8.795350929673872997e-03	4.881242745107462755e-03	3.485334443072474523e-04
nan	7.381250000000000000e+01	7.381249999999998923e-02	nan	9.402890444178524376e-03	5.215129016822290728e-03	3.239965219165238399e-04
nan	7.187500000000000000e+01	7.187499999999999445e-02	nan	9.623151303458143957e-03	4.664543718037915745e-03	3.367313778489244565e-04
nan	6.968750000000000000e+01	6.968749999999999944e-02	nan	9.924961642582275090e-03	4.970266850855523284e-03	3.365388732099026557e-04
nan	6.475000000000000000e+01	6.475000000000000200e-02	nan	9.533217337946098269e-03	4.188091399842604028e-03	3.374733498558248924e-04
nan	6.206250000000000000e+01	6.206249999999999961e-02	nan	1.036442844926455109e-02	4.012859558664233495e-03	3.331659836778873133e-04
nan	5.443750000000000000e+01	5.443749999999999978e-02	nan	1.058463194799230678e-02	4.811622971826122822e-03	3.100362553280656269e-04
nan	5.031250000000000000e+01	5.031250000000000999e-02	nan	1.244246414881899909e-02	4.574994969199920603e-03	3.147323140989183917e-04
nan	4.618750000000000000e+01	4.618749999999999245e-02	nan	1.279183844012266036e-02	5.140979963226828542e-03	3.003721385485151932e-04
nan	4.237500000000000000e+01	4.237499999999999600e-02	nan	1.158917801760139810e-02	5.219881978573320466e-03	3.231398129918118490e-04
nan	3.875000000000000000e+01	3.875000000000000666e-02	nan	1.270534238310006003e-02	3.403690610186132105e-03	3.024975720769662439e-04
nan	3.187500000000000000e+01	3.187500000000000056e-02	nan	1.338032654160770107e-02	5.099386088174260451e-03	2.993778957122847015e-04
nan	2.931250000000000000e+01	2.931249999999999828e-02	nan	1.647763333006452280e-02	4.477860748383240969e-03	3.044993254813439841e-04
nan	2.800000000000000000e+01	2.800000000000000058e-02	nan	1.561874596280287894e-02	4.133049875538420161e-03	2.917933222633028382e-04
nan	2.418750000000000000e+01	2.418750000000000067e-02	nan	1.317612028020424125e-02	5.593526848951236273e-03	2.805765612985726626e-04
nan	2.018750000000000000e+01	2.018750000000000058e-02	nan	1.914742218198586116e-02	5.201036700617844150e-03	2.579540730855548782e-04
nan	1.850000000000000000e+01	1.850000000000000255e-02	nan	1.735354783576804547e-02	5.574216468670397523e-03	2.592083578594309200e-04
nan	1.575000000000000000e+01	1.575000000000000011e-02	nan	1.950063328914126981e-02	5.194530326995398795e-03	2.512624290183849800e-04
nan	1.312500000000000000e+01	1.312499999999999951e-02	nan	1.972349188851457019e-02	5.240502539705890403e-03	2.465973029290857710e-04
