# SourcePhotonFlux	NumberRaysSurvived	PercentageRaysSurvived	PhotonFlux	Bandwidth	HorizontalFocusFWHM	VerticalFocusFWHM
nan	1.000000000000000000e+05	1.000000000000000000e+02	nan	9.987538349573554797e-02	1.103437500156175394e-01	1.035866752417902437e-01
nan	1.000000000000000000e+05	1.000000000000000000e+02	nan	1.490941577295430420e-01	9.451834815380555366e-02	8.326107999781541535e-02
nan	1.000000000000000000e+05	1.000000000000000000e+02	nan	1.997623078051589118e-01	8.014714350409171684e-02	7.822806366564048763e-02
nan	1.000000000000000000e+05	1.000000000000000000e+02	nan	2.497535959176033771e-01	7.295586839406797974e-02	6.849454829739018424e-02
nan	1.000000000000000000e+05	1.000000000000000000e+02	nan	2.992695926578790022e-01	6.814939008233733553e-02	5.965508670370170408e-02
nan	1.000000000000000000e+05	1.000000000000000000e+02	nan	3.492012112822209247e-01	6.561220395932249039e-02	5.550015262850596653e-02
nan	1.000000000000000000e+05	1.000000000000000000e+02	nan	3.992305715148773970e-01	6.261713810268734748e-02	5.313366899060398968e-02
nan	1.000000000000000000e+05	1.000000000000000000e+02	nan	4.477555892387812264e-01	6.113708451460138360e-02	4.893530474035809319e-02
nan	1.000000000000000000e+05	1.000000000000000000e+02	nan	4.972212595365022025e-01	5.800659200333353749e-02	4.761031157734149644e-02
nan	1.000000000000000000e+05	1.000000000000000000e+02	nan	5.492439160207425175e-01	5.946063415920030404e-02	4.549058459527601656e-02
nan	1.000000000000000000e+05	1.000000000000000000e+02	nan	5.994106590189289818e-01	5.792057494472614698e-02	4.287649968755259666e-02
nan	1.000000000000000000e+05	1.000000000000000000e+02	nan	5.970607482516436804e-01	5.615042471058688534e-02	4.331178815671768434e-02
nan	1.000000000000000000e+05	1.000000000000000000e+02	nan	6.995064215238642191e-01	5.797887503654060998e-02	3.946560810120262885e-02
nan	1.000000000000000000e+05	1.000000000000000000e+02	nan	7.493196560116928140e-01	5.261204390647404583e-02	3.925695193557879326e-02
nan	1.000000000000000000e+05	1.000000000000000000e+02	nan	7.986561087734571629e-01	5.023808473887707987e-02	3.527364563486992677e-02
nan	1.000000000000000000e+05	1.000000000000000000e+02	nan	8.485769161429743690e-01	5.157354714028754977e-02	3.543619482916424840e-02
nan	1.000000000000000000e+05	1.000000000000000000e+02	nan	8.989189595710911362e-01	5.104323492814395735e-02	3.530370368618319932e-02
nan	1.000000000000000000e+05	1.000000000000000000e+02	nan	9.475776254382424213e-01	5.078172269677490303e-02	3.355257258894607519e-02
nan	1.000000000000000000e+05	1.000000000000000000e+02	nan	9.193004364015162633e-01	4.752806593679712033e-02	3.117032478546017185e-02
nan	1.000000000000000000e+05	1.000000000000000000e+02	nan	1.048647370898493136e+00	5.246012744043848652e-02	3.308537256568512552e-02
nan	1.000000000000000000e+05	1.000000000000000000e+02	nan	1.092890136689788960e+00	4.753481795814587518e-02	3.124068387544430905e-02
nan	1.000000000000000000e+05	1.000000000000000000e+02	nan	1.145526329018309752e+00	4.779828505788228515e-02	3.148576836592011097e-02
nan	1.000000000000000000e+05	1.000000000000000000e+02	nan	1.197753309415645617e+00	5.041284616033425009e-02	3.061512013118739342e-02
nan	1.000000000000000000e+05	1.000000000000000000e+02	nan	1.247259672115319518e+00	4.816345739158123251e-02	3.095106858120217144e-02
nan	1.000000000000000000e+05	1.000000000000000000e+02	nan	1.297972392501151262e+00	4.810271909969471987e-02	2.981890782698574938e-02
nan	1.000000000000000000e+05	1.000000000000000000e+02	nan	1.348238689510935728e+00	4.589589823740953395e-02	2.803310224066915199e-02
nan	1.000000000000000000e+05	1.000000000000000000e+02	nan	1.388618822893022298e+00	4.530054379774208634e-02	2.862306628894020072e-02
nan	1.000000000000000000e+05	1.000000000000000000e+02	nan	1.447733395514092081e+00	4.736414171440297971e-02	2.734827410373833617e-02
nan	1.000000000000000000e+05	1.000000000000000000e+02	nan	1.498471075613224457e+00	4.647993146948883880e-02	2.578997569333562820e-02
nan	1.000000000000000000e+05	1.000000000000000000e+02	nan	1.547728756082904056e+00	4.409061550706990656e-02	2.628314319130343676e-02
nan	1.000000000000000000e+05	1.000000000000000000e+02	nan	1.598847483399879366e+00	4.955067340730911346e-02	2.671271070372251491e-02
nan	1.000000000000000000e+05	1.000000000000000000e+02	nan	1.642630579440492511e+00	4.539767131451324239e-02	2.427655580964926257e-02
nan	1.000000000000000000e+05	1.000000000000000000e+02	nan	1.696750605912939136e+00	4.512991140284565439e-02	2.455824366482197221e-02
nan	1.000000000000000000e+05	1.000000000000000000e+02	nan	1.747821708928597673e+00	4.626159676194031845e-02	2.545319071243480960e-02
nan	1.000000000000000000e+05	1.000000000000000000e+02	nan	1.796481361429471235e+00	4.383130877140159476e-02	2.527905966393045878e-02
nan	1.000000000000000000e+05	1.000000000000000000e+02	nan	1.844821454581165199e+00	4.382753334577195459e-02	2.431831778670384692e-02
nan	1.000000000000000000e+05	1.000000000000000000e+02	nan	1.897659698105087500e+00	4.435921829026090446e-02	2.456199561602732256e-02
nan	1.000000000000000000e+05	1.000000000000000000e+02	nan	1.944312233523419309e+00	4.413984943567373503e-02	2.356366976975660804e-02
nan	1.000000000000000000e+05	1.000000000000000000e+02	nan	1.995784540389877293e+00	4.445720799468971113e-02	2.294029371103042253e-02
nan	1.000000000000000000e+05	1.000000000000000000e+02	nan	9.918745770042747267e-02	1.092688803614103726e-01	1.077754869729772580e-01
nan	1.000000000000000000e+05	1.000000000000000000e+02	nan	1.497365274811670588e-01	9.138653883142545953e-02	8.456393318622121291e-02
nan	1.000000000000000000e+05	1.000000000000000000e+02	nan	1.998916710701195143e-01	8.345997598814777763e-02	7.103041355074478369e-02
nan	1.000000000000000000e+05	1.000000000000000000e+02	nan	2.498039966998106820e-01	7.618476606803235851e-02	6.717345978491925940e-02
nan	1.000000000000000000e+05	1.000000000000000000e+02	nan	2.997960484837989270e-01	7.070754744143964432e-02	6.327964016040985018e-02
nan	1.000000000000000000e+05	1.000000000000000000e+02	nan	3.495968032792831082e-01	6.813291226587050997e-02	5.527970530292750095e-02
nan	1.000000000000000000e+05	1.000000000000000000e+02	nan	3.996599533930265125e-01	6.457833156832687438e-02	5.178708033123517046e-02
nan	1.000000000000000000e+05	1.000000000000000000e+02	nan	4.492213633989905475e-01	6.213197601670679415e-02	4.801084152603691396e-02
nan	1.000000000000000000e+05	1.000000000000000000e+02	nan	4.958160030565466059e-01	5.763977376510572015e-02	4.619812815486287749e-02
nan	1.000000000000000000e+05	1.000000000000000000e+02	nan	5.480686994541201784e-01	5.651766390953147368e-02	4.471014859367459376e-02
nan	1.000000000000000000e+05	1.000000000000000000e+02	nan	5.995985737776834412e-01	5.656283654029560515e-02	4.225634354381533481e-02
nan	1.000000000000000000e+05	1.000000000000000000e+02	nan	6.487148400530031722e-01	5.765411619669268128e-02	3.891051006326276540e-02
nan	1.000000000000000000e+05	1.000000000000000000e+02	nan	6.992781182481735414e-01	5.431810888589471559e-02	4.204665164483188666e-02
nan	1.000000000000000000e+05	1.000000000000000000e+02	nan	7.493565884283839296e-01	5.589529422729905966e-02	3.801399026937877373e-02
nan	1.000000000000000000e+05	1.000000000000000000e+02	nan	7.988664670844514148e-01	5.555144937279821171e-02	3.726863769244492808e-02
nan	1.000000000000000000e+05	1.000000000000000000e+02	nan	8.493094404038004086e-01	5.342801563120503500e-02	3.423375051012556014e-02
nan	1.000000000000000000e+05	1.000000000000000000e+02	nan	8.986858318629060705e-01	5.102030965944259061e-02	3.325242838750366858e-02
nan	1.000000000000000000e+05	1.000000000000000000e+02	nan	9.479167690507779298e-01	5.151769206576099075e-02	3.419273618173626628e-02
nan	1.000000000000000000e+05	1.000000000000000000e+02	nan	9.993842854278227605e-01	4.850134617723424191e-02	3.249901482543084141e-02
nan	1.000000000000000000e+05	1.000000000000000000e+02	nan	1.045531107535452975e+00	4.931129008793549290e-02	3.171210774425013007e-02
nan	1.000000000000000000e+05	1.000000000000000000e+02	nan	1.098466749974875256e+00	5.109654206379572738e-02	3.111205595574384475e-02
nan	1.000000000000000000e+05	1.000000000000000000e+02	nan	1.138404595524946217e+00	4.978491688588995712e-02	3.068208568912959844e-02
nan	1.000000000000000000e+05	1.000000000000000000e+02	nan	1.197910707270864350e+00	4.555678321316279644e-02	3.102667700708784670e-02
nan	1.000000000000000000e+05	1.000000000000000000e+02	nan	1.248401627477278453e+00	4.809963801119946508e-02	3.209341090435297028e-02
nan	1.000000000000000000e+05	1.000000000000000000e+02	nan	1.298435372095582352e+00	4.670503531781781958e-02	2.896152415197284988e-02
nan	1.000000000000000000e+05	1.000000000000000000e+02	nan	1.347424465028723262e+00	4.660826261210000016e-02	2.849751819134421771e-02
nan	1.000000000000000000e+05	1.000000000000000000e+02	nan	1.393884905339689340e+00	4.538296139022439390e-02	2.829941220369330823e-02
nan	1.000000000000000000e+05	1.000000000000000000e+02	nan	1.435361378504978802e+00	4.718132517690105943e-02	2.630934794272310820e-02
nan	1.000000000000000000e+05	1.000000000000000000e+02	nan	1.498480777650627260e+00	4.534613117107400698e-02	2.769753314001585642e-02
nan	1.000000000000000000e+05	1.000000000000000000e+02	nan	1.548709683294191564e+00	4.539856621452476731e-02	2.520245386029376297e-02
nan	1.000000000000000000e+05	1.000000000000000000e+02	nan	1.591817397873342088e+00	4.487986362197074475e-02	2.664831328472531957e-02
nan	1.000000000000000000e+05	1.000000000000000000e+02	nan	1.647698845330296535e+00	4.347043863541646957e-02	2.466914173159458212e-02
nan	1.000000000000000000e+05	1.000000000000000000e+02	nan	1.698155246001249452e+00	4.593758839584517750e-02	2.542595604902385051e-02
nan	1.000000000000000000e+05	1.000000000000000000e+02	nan	1.745898656162523821e+00	4.592901013587560866e-02	2.527078879696190855e-02
nan	1.000000000000000000e+05	1.000000000000000000e+02	nan	1.797530496387537369e+00	4.514085792419360310e-02	2.362283745048934097e-02
nan	1.000000000000000000e+05	1.000000000000000000e+02	nan	1.847765756741068799e+00	4.572614697253986338e-02	2.389532627671767454e-02
nan	1.000000000000000000e+05	1.000000000000000000e+02	nan	1.897711545785909948e+00	4.424048929901465421e-02	2.292087139086009320e-02
nan	1.000000000000000000e+05	1.000000000000000000e+02	nan	1.948225001281343793e+00	4.280527883620163787e-02	2.286616392464401945e-02
nan	1.000000000000000000e+05	1.000000000000000000e+02	nan	1.986306591820152789e+00	4.346733583086087593e-02	2.370149689064375564e-02
nan	1.000000000000000000e+05	1.000000000000000000e+02	nan	9.981423829878366405e-02	1.060023715421487128e-01	1.064512549024154014e-01
nan	1.000000000000000000e+05	1.000000000000000000e+02	nan	1.490798471590508711e-01	9.208274736276003680e-02	8.423438654140395776e-02
nan	1.000000000000000000e+05	1.000000000000000000e+02	nan	1.999070863200387294e-01	8.212768275690515707e-02	6.930945197112142742e-02
nan	1.000000000000000000e+05	1.000000000000000000e+02	nan	2.497667154185378990e-01	7.345881816856947299e-02	6.914569055165815936e-02
nan	1.000000000000000000e+05	1.000000000000000000e+02	nan	2.994848759072823441e-01	7.266007774037613887e-02	5.901328278849519993e-02
nan	1.000000000000000000e+05	1.000000000000000000e+02	nan	3.495389852487136295e-01	6.832577818788623802e-02	5.472664628073315579e-02
nan	1.000000000000000000e+05	1.000000000000000000e+02	nan	3.988886394056549989e-01	6.334505179971142153e-02	5.202787803588319882e-02
nan	1.000000000000000000e+05	1.000000000000000000e+02	nan	4.494884177044866647e-01	6.434546746130545558e-02	4.903793180905384463e-02
nan	1.000000000000000000e+05	1.000000000000000000e+02	nan	4.995368536928594949e-01	6.408563964165953086e-02	4.898899366729368016e-02
nan	1.000000000000000000e+05	1.000000000000000000e+02	nan	5.485072432336153270e-01	5.780395125874731449e-02	4.573060008780924918e-02
nan	1.000000000000000000e+05	1.000000000000000000e+02	nan	5.984267232868205610e-01	5.780020540727859313e-02	4.355168848432686146e-02
nan	1.000000000000000000e+05	1.000000000000000000e+02	nan	6.477148089767297279e-01	5.584719446757629990e-02	4.233187833913887310e-02
nan	1.000000000000000000e+05	1.000000000000000000e+02	nan	6.994249588676666463e-01	5.429858067722732884e-02	3.764321412818887047e-02
nan	1.000000000000000000e+05	1.000000000000000000e+02	nan	7.484767596574215531e-01	5.448930942813140499e-02	3.696139644396749524e-02
nan	1.000000000000000000e+05	1.000000000000000000e+02	nan	7.987497395482705542e-01	5.450091386518571279e-02	3.648340814129685805e-02
nan	1.000000000000000000e+05	1.000000000000000000e+02	nan	8.482092386724673361e-01	5.154813912363008510e-02	3.734102459395118034e-02
nan	1.000000000000000000e+05	1.000000000000000000e+02	nan	8.986681999213601557e-01	5.035402611940813233e-02	3.470504300040834489e-02
nan	1.000000000000000000e+05	1.000000000000000000e+02	nan	9.466112062427782803e-01	4.961714149265005619e-02	3.533180478829349436e-02
nan	1.000000000000000000e+05	1.000000000000000000e+02	nan	9.969537278388429513e-01	5.076009696689598449e-02	3.251895672096732914e-02
nan	1.000000000000000000e+05	1.000000000000000000e+02	nan	1.048391627124715342e+00	4.820530412728616515e-02	3.431424670856411674e-02
nan	1.000000000000000000e+05	1.000000000000000000e+02	nan	1.098720986754472051e+00	5.168204652354976836e-02	3.109437997560071665e-02
nan	1.000000000000000000e+05	1.000000000000000000e+02	nan	1.149242821153620753e+00	4.951098215516862300e-02	3.190532379143005970e-02
nan	1.000000000000000000e+05	1.000000000000000000e+02	nan	1.197559878517949983e+00	4.972689220771138452e-02	3.111966389354752643e-02
nan	1.000000000000000000e+05	1.000000000000000000e+02	nan	1.247991693755238884e+00	4.704071499570383619e-02	2.770949580036913273e-02
nan	1.000000000000000000e+05	1.000000000000000000e+02	nan	1.298335458364988426e+00	4.536434805218182709e-02	2.791401869067047792e-02
nan	1.000000000000000000e+05	1.000000000000000000e+02	nan	1.340599401259169099e+00	4.460245774937157681e-02	2.845405464292489334e-02
nan	1.000000000000000000e+05	1.000000000000000000e+02	nan	1.398081098116961130e+00	4.573559369995669477e-02	2.905169300316043021e-02
nan	1.000000000000000000e+05	1.000000000000000000e+02	nan	1.447998191672979829e+00	4.587289761177010261e-02	2.678376124697216115e-02
nan	1.000000000000000000e+05	1.000000000000000000e+02	nan	1.496700542621226759e+00	4.362411804261361742e-02	2.636017540991740862e-02
nan	1.000000000000000000e+05	1.000000000000000000e+02	nan	1.544768913048983450e+00	4.693880555827206064e-02	2.643492699490570044e-02
nan	1.000000000000000000e+05	1.000000000000000000e+02	nan	1.599285492911292295e+00	4.335406943139712144e-02	2.613006462303515617e-02
nan	1.000000000000000000e+05	1.000000000000000000e+02	nan	1.514144558508396132e+00	4.569364311171688481e-02	2.437877044385188680e-02
nan	1.000000000000000000e+05	1.000000000000000000e+02	nan	1.698343321285108232e+00	4.668386740068646013e-02	2.684700542781582114e-02
nan	1.000000000000000000e+05	1.000000000000000000e+02	nan	1.749112702855597945e+00	4.449386416501671659e-02	2.466725605561591664e-02
nan	1.000000000000000000e+05	1.000000000000000000e+02	nan	1.797815429925208264e+00	4.416812077650365820e-02	2.392346676111068576e-02
nan	1.000000000000000000e+05	1.000000000000000000e+02	nan	1.846575164555076753e+00	4.508099686316619642e-02	2.428283968264595416e-02
nan	1.000000000000000000e+05	1.000000000000000000e+02	nan	1.897451365617996544e+00	4.233260195824045669e-02	2.436201477207686553e-02
nan	1.000000000000000000e+05	1.000000000000000000e+02	nan	1.946072314213608934e+00	4.349505622592002990e-02	2.482448938595225446e-02
nan	1.000000000000000000e+05	1.000000000000000000e+02	nan	1.996972300089851160e+00	4.440281476968870739e-02	2.430548940735181157e-02
nan	1.000000000000000000e+05	1.000000000000000000e+02	nan	9.989037050563354114e-02	1.085758358135923141e-01	9.878616286979674532e-02
nan	1.000000000000000000e+05	1.000000000000000000e+02	nan	1.498658736714943984e-01	9.214236771417982919e-02	8.571452775601084983e-02
nan	1.000000000000000000e+05	1.000000000000000000e+02	nan	1.998294054235998374e-01	8.107638785737497633e-02	7.223883705276019918e-02
nan	1.000000000000000000e+05	1.000000000000000000e+02	nan	2.473289621466605581e-01	7.519137884945065187e-02	6.658125221169554353e-02
nan	1.000000000000000000e+05	1.000000000000000000e+02	nan	2.994708216090060660e-01	7.084371135718578461e-02	6.065115734608884923e-02
nan	1.000000000000000000e+05	1.000000000000000000e+02	nan	3.489705438032899565e-01	6.416880202599505034e-02	5.353974822564305097e-02
nan	1.000000000000000000e+05	1.000000000000000000e+02	nan	3.997600697470886644e-01	6.517503535685292837e-02	5.347839996650217281e-02
nan	1.000000000000000000e+05	1.000000000000000000e+02	nan	4.487292371959483717e-01	6.658194258249433561e-02	5.074980639768225665e-02
nan	1.000000000000000000e+05	1.000000000000000000e+02	nan	4.992824266831803470e-01	5.949672687953579814e-02	4.705866069098964266e-02
nan	1.000000000000000000e+05	1.000000000000000000e+02	nan	5.479880635049312332e-01	5.772173336230895790e-02	4.374735771917635796e-02
nan	1.000000000000000000e+05	1.000000000000000000e+02	nan	5.987932582164035011e-01	5.626698856762562401e-02	4.350914078611890778e-02
nan	1.000000000000000000e+05	1.000000000000000000e+02	nan	6.488560983842432961e-01	5.779641227065956954e-02	4.038713633173613565e-02
nan	1.000000000000000000e+05	1.000000000000000000e+02	nan	6.994290356440160394e-01	5.688779002774857485e-02	3.834109811866220907e-02
nan	1.000000000000000000e+05	1.000000000000000000e+02	nan	7.477055794470857109e-01	5.425765179666732635e-02	3.649277548774247648e-02
nan	1.000000000000000000e+05	1.000000000000000000e+02	nan	7.990109132775558010e-01	5.019542160623481630e-02	3.830257329588557247e-02
nan	1.000000000000000000e+05	1.000000000000000000e+02	nan	8.469843622519874771e-01	5.151103867014415055e-02	3.637515919950976007e-02
nan	1.000000000000000000e+05	1.000000000000000000e+02	nan	8.983734737123825198e-01	5.090536188641419518e-02	3.299408593558588593e-02
nan	1.000000000000000000e+05	1.000000000000000000e+02	nan	9.488251525971804767e-01	5.182861976587370412e-02	3.223526305683629967e-02
nan	1.000000000000000000e+05	1.000000000000000000e+02	nan	9.987983111997209562e-01	5.003210546681016724e-02	3.217895505599370487e-02
nan	1.000000000000000000e+05	1.000000000000000000e+02	nan	1.044808978133858091e+00	4.862395251236606430e-02	3.161226548934918668e-02
nan	1.000000000000000000e+05	1.000000000000000000e+02	nan	1.096478819013327666e+00	4.930819746055637581e-02	3.138735377588278835e-02
nan	1.000000000000000000e+05	1.000000000000000000e+02	nan	1.147930666036927505e+00	4.747588922537648859e-02	2.995566758022113335e-02
nan	1.000000000000000000e+05	1.000000000000000000e+02	nan	1.195783481831824702e+00	4.662267759277272106e-02	2.915346441943544864e-02
nan	1.000000000000000000e+05	1.000000000000000000e+02	nan	1.247778978070414269e+00	4.904701637824568361e-02	2.827159332597038027e-02
nan	1.000000000000000000e+05	1.000000000000000000e+02	nan	1.297738046084759844e+00	4.513076113302347259e-02	2.879084055112066803e-02
nan	1.000000000000000000e+05	1.000000000000000000e+02	nan	1.347832807954944201e+00	4.445169589640492191e-02	2.704802110853376726e-02
nan	1.000000000000000000e+05	1.000000000000000000e+02	nan	1.396401266802570262e+00	4.674251729920263915e-02	2.759528735942790023e-02
nan	1.000000000000000000e+05	1.000000000000000000e+02	nan	1.447994817623680319e+00	4.677063962946106934e-02	2.745179280324933774e-02
nan	1.000000000000000000e+05	1.000000000000000000e+02	nan	1.378383521576626913e+00	4.475827412001032179e-02	2.747229023866300593e-02
nan	1.000000000000000000e+05	1.000000000000000000e+02	nan	1.547659756253437990e+00	4.388648299649250406e-02	2.611810989776585518e-02
nan	1.000000000000000000e+05	1.000000000000000000e+02	nan	1.595448642115172788e+00	4.783755161299228092e-02	2.655971170112120250e-02
nan	1.000000000000000000e+05	1.000000000000000000e+02	nan	1.647986998901671996e+00	4.734807308417449123e-02	2.551318403739196577e-02
nan	1.000000000000000000e+05	1.000000000000000000e+02	nan	1.696224339564253114e+00	4.574833757832501985e-02	2.688222224776207203e-02
nan	1.000000000000000000e+05	1.000000000000000000e+02	nan	1.747899333462441973e+00	4.446004511799934306e-02	2.489460975343474325e-02
nan	1.000000000000000000e+05	1.000000000000000000e+02	nan	1.798304795442163595e+00	4.481923268022108137e-02	2.464723024325253878e-02
nan	1.000000000000000000e+05	1.000000000000000000e+02	nan	1.848006918984651747e+00	4.239862861211535217e-02	2.415033997718854172e-02
nan	1.000000000000000000e+05	1.000000000000000000e+02	nan	1.897805134397742677e+00	4.304391227570259632e-02	2.351762755039699115e-02
nan	1.000000000000000000e+05	1.000000000000000000e+02	nan	1.942624362589697284e+00	4.688269596713140475e-02	2.300463685806924952e-02
nan	1.000000000000000000e+05	1.000000000000000000e+02	nan	1.996941261463973660e+00	4.361179379378889859e-02	2.337964752351275044e-02
nan	1.000000000000000000e+05	1.000000000000000000e+02	nan	9.987321119453795859e-02	1.091364328012583984e-01	1.030178808067518520e-01
nan	1.000000000000000000e+05	1.000000000000000000e+02	nan	1.489019970899363443e-01	9.657061473388975359e-02	8.302684908405172370e-02
nan	1.000000000000000000e+05	1.000000000000000000e+02	nan	1.990520607170083167e-01	8.631321622318151310e-02	7.568367476406943906e-02
nan	1.000000000000000000e+05	1.000000000000000000e+02	nan	2.488193730287733274e-01	7.602911327258694840e-02	6.669724206208291206e-02
nan	1.000000000000000000e+05	1.000000000000000000e+02	nan	2.995987729671298894e-01	6.893778551675844302e-02	5.696373305291591027e-02
nan	1.000000000000000000e+05	1.000000000000000000e+02	nan	3.497361768328630660e-01	6.624006358583102438e-02	5.339328008358242700e-02
nan	1.000000000000000000e+05	1.000000000000000000e+02	nan	3.992728952455877334e-01	6.326760125745925500e-02	5.084832006393502635e-02
nan	1.000000000000000000e+05	1.000000000000000000e+02	nan	4.495100746829905347e-01	6.303194002824369369e-02	4.897340922805757529e-02
nan	1.000000000000000000e+05	1.000000000000000000e+02	nan	4.994531532304762322e-01	6.050396743283602274e-02	4.740299387930629188e-02
nan	1.000000000000000000e+05	1.000000000000000000e+02	nan	5.491811224762841448e-01	5.892644806885923708e-02	4.500810868398250064e-02
nan	1.000000000000000000e+05	1.000000000000000000e+02	nan	5.992760564902823717e-01	5.988353275815155169e-02	4.162009398269438110e-02
nan	1.000000000000000000e+05	1.000000000000000000e+02	nan	6.492111809940581679e-01	5.736384974040600188e-02	4.240313247657818280e-02
nan	1.000000000000000000e+05	1.000000000000000000e+02	nan	6.974243299564477638e-01	5.404663404645462799e-02	3.967522147298399582e-02
nan	1.000000000000000000e+05	1.000000000000000000e+02	nan	7.469236500083979990e-01	5.108882266704323216e-02	3.756007017828386085e-02
nan	1.000000000000000000e+05	1.000000000000000000e+02	nan	7.974381766803730898e-01	5.254717996846913070e-02	3.602375724670529855e-02
nan	1.000000000000000000e+05	1.000000000000000000e+02	nan	8.492755695868368093e-01	5.237331335460874288e-02	3.584419518321983050e-02
nan	1.000000000000000000e+05	1.000000000000000000e+02	nan	8.271358247519662310e-01	4.832983860220439742e-02	3.530447444717994820e-02
nan	1.000000000000000000e+05	1.000000000000000000e+02	nan	9.487784078109768870e-01	5.133350819209916288e-02	3.395057660888445988e-02
nan	1.000000000000000000e+05	1.000000000000000000e+02	nan	9.988839282976016420e-01	4.801232026487959464e-02	3.333384352053747612e-02
nan	1.000000000000000000e+05	1.000000000000000000e+02	nan	1.048812024681978983e+00	5.032411209846988920e-02	3.207383251096847243e-02
nan	1.000000000000000000e+05	1.000000000000000000e+02	nan	1.098669720500311087e+00	4.955817282142231661e-02	3.019490730712300758e-02
nan	1.000000000000000000e+05	1.000000000000000000e+02	nan	1.147861107931134939e+00	4.962342586437815117e-02	3.163997117461207764e-02
nan	1.000000000000000000e+05	1.000000000000000000e+02	nan	1.198571817874551471e+00	4.820199796434045114e-02	2.905185405709003604e-02
nan	1.000000000000000000e+05	1.000000000000000000e+02	nan	1.247832151019792946e+00	4.810347045143750083e-02	2.891871717970454989e-02
nan	1.000000000000000000e+05	1.000000000000000000e+02	nan	1.298389070359519337e+00	4.655505961847351826e-02	2.869754845835036788e-02
nan	1.000000000000000000e+05	1.000000000000000000e+02	nan	1.337807301721284148e+00	5.066072320974399773e-02	2.847877766676387354e-02
nan	1.000000000000000000e+05	1.000000000000000000e+02	nan	1.397217579640198437e+00	4.559603601538576162e-02	2.892706429344442040e-02
nan	1.000000000000000000e+05	1.000000000000000000e+02	nan	1.444936208124147470e+00	4.860193869211926893e-02	2.649257182417694839e-02
nan	1.000000000000000000e+05	1.000000000000000000e+02	nan	1.496741341545202886e+00	4.457622984459982951e-02	2.751874893130985822e-02
nan	1.000000000000000000e+05	1.000000000000000000e+02	nan	1.547308116225110552e+00	4.586041543224815553e-02	2.687684569827863273e-02
nan	1.000000000000000000e+05	1.000000000000000000e+02	nan	1.592090598208699248e+00	4.720389431355873772e-02	2.658864478078275251e-02
nan	1.000000000000000000e+05	1.000000000000000000e+02	nan	1.644933192847474857e+00	4.575193165700199016e-02	2.596812074236708873e-02
nan	1.000000000000000000e+05	1.000000000000000000e+02	nan	1.695803139015424676e+00	4.548059083662462504e-02	2.530670341530034256e-02
nan	1.000000000000000000e+05	1.000000000000000000e+02	nan	1.747649175524429666e+00	4.425931112002161327e-02	2.462264160229013163e-02
nan	1.000000000000000000e+05	1.000000000000000000e+02	nan	1.798787232018014492e+00	4.439929986760005054e-02	2.443456058020403165e-02
nan	1.000000000000000000e+05	1.000000000000000000e+02	nan	1.847602613830645168e+00	4.397997644994015853e-02	2.450267557062892412e-02
nan	1.000000000000000000e+05	1.000000000000000000e+02	nan	1.896996343014052400e+00	4.797095531339018448e-02	2.370255720103351532e-02
nan	1.000000000000000000e+05	1.000000000000000000e+02	nan	1.948383630298167191e+00	4.479859533249077458e-02	2.407807628889388138e-02
nan	1.000000000000000000e+05	1.000000000000000000e+02	nan	1.991745322928636597e+00	4.503118685142078886e-02	2.225770149027448547e-02
nan	1.000000000000000000e+05	1.000000000000000000e+02	nan	9.987359415900698423e-02	1.070438404788454506e-01	1.055325736801149134e-01
nan	1.000000000000000000e+05	1.000000000000000000e+02	nan	1.498409535976605866e-01	9.853080747517550808e-02	8.490385831668620376e-02
nan	1.000000000000000000e+05	1.000000000000000000e+02	nan	1.997404046866861904e-01	8.786105410203716437e-02	7.489466650074408371e-02
nan	1.000000000000000000e+05	1.000000000000000000e+02	nan	2.496541119998880731e-01	7.396575926838344639e-02	6.459828810970751067e-02
nan	1.000000000000000000e+05	1.000000000000000000e+02	nan	2.757414032868477638e-01	6.886806473674914053e-02	5.740002320834821509e-02
nan	1.000000000000000000e+05	1.000000000000000000e+02	nan	3.481319685095343175e-01	6.711213725832210208e-02	5.542401480364432531e-02
nan	1.000000000000000000e+05	1.000000000000000000e+02	nan	3.995429167419501937e-01	6.398224931315295294e-02	5.091592867780477677e-02
nan	1.000000000000000000e+05	1.000000000000000000e+02	nan	4.490850834716013651e-01	6.022017607153799801e-02	4.870841151508546740e-02
nan	1.000000000000000000e+05	1.000000000000000000e+02	nan	4.991158712478522830e-01	6.149440657736839067e-02	4.949960439452390920e-02
nan	1.000000000000000000e+05	1.000000000000000000e+02	nan	5.492249827582327271e-01	5.681871425746240489e-02	4.532658423780771412e-02
nan	1.000000000000000000e+05	1.000000000000000000e+02	nan	5.996460709626774133e-01	5.858519898584563235e-02	4.255423123909571337e-02
nan	1.000000000000000000e+05	1.000000000000000000e+02	nan	6.495384958940064735e-01	5.321669048471469599e-02	3.901625927725820009e-02
nan	1.000000000000000000e+05	1.000000000000000000e+02	nan	6.981267762019172096e-01	5.388073145441512474e-02	3.842210365510749515e-02
nan	1.000000000000000000e+05	1.000000000000000000e+02	nan	7.485699353345580676e-01	5.371309643628465608e-02	3.785493637579687154e-02
nan	1.000000000000000000e+05	1.000000000000000000e+02	nan	7.323955702650359889e-01	5.403778799663636750e-02	3.728693278417385959e-02
nan	1.000000000000000000e+05	1.000000000000000000e+02	nan	8.490661927219207428e-01	5.031773627100651070e-02	3.561722433368648411e-02
nan	1.000000000000000000e+05	1.000000000000000000e+02	nan	8.990460361849841320e-01	4.826713240056360044e-02	3.696605739288923165e-02
nan	1.000000000000000000e+05	1.000000000000000000e+02	nan	9.488035405465495842e-01	5.237821658558408644e-02	3.417254838602307165e-02
nan	1.000000000000000000e+05	1.000000000000000000e+02	nan	9.972062049375836068e-01	5.059832508911819848e-02	3.375377103790402900e-02
nan	1.000000000000000000e+05	1.000000000000000000e+02	nan	1.046848205233004592e+00	5.021917463492649170e-02	3.204273524442873694e-02
nan	1.000000000000000000e+05	1.000000000000000000e+02	nan	1.098188581642887129e+00	4.889529635176475403e-02	2.984585266004060808e-02
nan	1.000000000000000000e+05	1.000000000000000000e+02	nan	1.148274161392976112e+00	4.752636436439028333e-02	3.017594562041771983e-02
nan	1.000000000000000000e+05	1.000000000000000000e+02	nan	1.196335881478148622e+00	5.288703769214582462e-02	2.928994420568028015e-02
nan	1.000000000000000000e+05	1.000000000000000000e+02	nan	1.248222290722196703e+00	4.907312180363461451e-02	2.982566306495831876e-02
nan	1.000000000000000000e+05	1.000000000000000000e+02	nan	1.289915449605302911e+00	4.858917606672656653e-02	2.948357702891117940e-02
nan	1.000000000000000000e+05	1.000000000000000000e+02	nan	1.348331091312047647e+00	4.940927085407180452e-02	2.870537795551223598e-02
nan	1.000000000000000000e+05	1.000000000000000000e+02	nan	1.398728861095776210e+00	4.544468203699900122e-02	2.913859271863893444e-02
nan	1.000000000000000000e+05	1.000000000000000000e+02	nan	1.445838674051174166e+00	4.514707438843156007e-02	2.866954926412362825e-02
nan	1.000000000000000000e+05	1.000000000000000000e+02	nan	1.494670961215092575e+00	4.695958654017508282e-02	2.780370512434198263e-02
nan	1.000000000000000000e+05	1.000000000000000000e+02	nan	1.548333444556021732e+00	4.485617724938117945e-02	2.695287385730751190e-02
nan	1.000000000000000000e+05	1.000000000000000000e+02	nan	1.599319737059886393e+00	4.604241761967480667e-02	2.553203447918966917e-02
nan	1.000000000000000000e+05	1.000000000000000000e+02	nan	1.648969937453841794e+00	4.496871117755027458e-02	2.551759220666198480e-02
nan	1.000000000000000000e+05	1.000000000000000000e+02	nan	1.698621840757766677e+00	4.576077044264161009e-02	2.543670227172440887e-02
nan	1.000000000000000000e+05	1.000000000000000000e+02	nan	1.748049316379365337e+00	4.338470453694704548e-02	2.353587166929307223e-02
nan	1.000000000000000000e+05	1.000000000000000000e+02	nan	1.797852595305812429e+00	4.627623875742646609e-02	2.479692907141049091e-02
nan	1.000000000000000000e+05	1.000000000000000000e+02	nan	1.847099695726456048e+00	4.580458230817521098e-02	2.470752839080252519e-02
nan	1.000000000000000000e+05	1.000000000000000000e+02	nan	1.899107917566311698e+00	4.222112839629319631e-02	2.428764561072059569e-02
nan	1.000000000000000000e+05	1.000000000000000000e+02	nan	1.943852179196937868e+00	4.538477537109174287e-02	2.354893544907948194e-02
nan	1.000000000000000000e+05	1.000000000000000000e+02	nan	1.991227915210913579e+00	4.517644590621745782e-02	2.406194332301722638e-02
