# SourcePhotonFlux	NumberRaysSurvived	PercentageRaysSurvived	PhotonFlux	Bandwidth	HorizontalFocusFWHM	VerticalFocusFWHM
nan	6.100000000000000000e+01	6.099999999999999867e-01	nan	3.762778748997234503e-03	3.151235879498950898e-02	3.356642850338003962e-03
nan	7.000000000000000000e+01	6.999999999999999556e-01	nan	5.845852495712359521e-03	3.265428606542290779e-02	3.473608269089704936e-03
nan	8.400000000000000000e+01	8.399999999999999689e-01	nan	7.521041128227322001e-03	3.059286657776971036e-02	3.223063379253051676e-03
nan	9.200000000000000000e+01	9.199999999999999289e-01	nan	1.126413625049289130e-02	3.168865473338466909e-02	3.609938953539502601e-03
nan	1.030000000000000000e+02	1.030000000000000027e+00	nan	1.464069800025595905e-02	3.254696018479588671e-02	3.625178377931768080e-03
nan	1.105000000000000000e+02	1.104999999999999982e+00	nan	1.189117897013147740e-02	3.111240859339143086e-02	4.191072189941857928e-03
nan	1.135000000000000000e+02	1.135000000000000009e+00	nan	1.752178301461526644e-02	3.349760493381359616e-02	4.684969506446824347e-03
nan	1.200000000000000000e+02	1.199999999999999956e+00	nan	2.002078314512800716e-02	3.874504870381120791e-02	4.153564160739503519e-03
nan	1.390000000000000000e+02	1.390000000000000124e+00	nan	1.392123707481118799e-02	3.314374475923710650e-02	3.292921372527682182e-03
nan	1.410000000000000000e+02	1.410000000000000142e+00	nan	1.471518293755025297e-02	3.968144312808306179e-02	4.106767502638069070e-03
nan	1.625000000000000000e+02	1.625000000000000000e+00	nan	2.766986231330292867e-02	3.868945475090286579e-02	4.714716886219071958e-03
nan	1.725000000000000000e+02	1.724999999999999867e+00	nan	2.699586638453865817e-02	3.675149543678662978e-02	3.848538231542668157e-03
nan	1.750000000000000000e+02	1.750000000000000000e+00	nan	3.002688689332444483e-02	3.900339208505125554e-02	4.425997110111819059e-03
nan	1.725000000000000000e+02	1.724999999999999867e+00	nan	2.044285229732167863e-02	3.537202482882577381e-02	4.407539684537835518e-03
nan	1.735000000000000000e+02	1.735000000000000098e+00	nan	4.605446904236032424e-02	3.696693162514306380e-02	4.357872834077874957e-03
nan	1.825000000000000000e+02	1.825000000000000178e+00	nan	3.388642423607279852e-02	3.657868030688162658e-02	3.169098462994162507e-03
nan	2.045000000000000000e+02	2.044999999999999929e+00	nan	4.416737837124173893e-02	2.794143431010571305e-02	3.535718463054608740e-03
nan	1.945000000000000000e+02	1.945000000000000062e+00	nan	4.009958124260037948e-02	4.167174373110692914e-02	3.390509142447644276e-03
nan	1.830000000000000000e+02	1.830000000000000071e+00	nan	4.622183034894078446e-02	3.754560931476468022e-02	4.280416097595276040e-03
nan	2.065000000000000000e+02	2.065000000000000391e+00	nan	3.660354828548406658e-02	2.274424757371176428e-02	4.454177874591637096e-03
nan	2.215000000000000000e+02	2.214999999999999858e+00	nan	5.227321156507969135e-02	4.062322843397796895e-02	4.245545705424673411e-03
nan	2.085000000000000000e+02	2.084999999999999964e+00	nan	5.822828197324270150e-02	4.096023906871523734e-02	4.654688103360186437e-03
nan	2.135000000000000000e+02	2.134999999999999787e+00	nan	7.230526450234719960e-02	3.723895479455444080e-02	4.385426121975979225e-03
nan	2.190000000000000000e+02	2.189999999999999947e+00	nan	7.062499015955836512e-02	3.855519178365302002e-02	4.559474090676227803e-03
nan	2.415000000000000000e+02	2.415000000000000036e+00	nan	6.376338363463673886e-02	3.319766608187366824e-02	4.474930023979166102e-03
nan	2.345000000000000000e+02	2.344999999999999751e+00	nan	6.529653530833456898e-02	3.693084862263834589e-02	4.615313761451989363e-03
nan	2.460000000000000000e+02	2.459999999999999964e+00	nan	7.489197888082799182e-02	3.661626571250280182e-02	4.080161920579620030e-03
nan	2.530000000000000000e+02	2.530000000000000249e+00	nan	7.837187491543318174e-02	4.018359225712563043e-02	4.632839035230253318e-03
nan	2.535000000000000000e+02	2.535000000000000142e+00	nan	8.368333883834111475e-02	3.678820250884060755e-02	4.257843985349335850e-03
nan	2.570000000000000000e+02	2.569999999999999840e+00	nan	6.368790169653948396e-02	3.679572950916006058e-02	3.535509681819248677e-03
nan	2.615000000000000000e+02	2.615000000000000213e+00	nan	7.382708238446866744e-02	3.959286435256993697e-02	4.428147232618449142e-03
nan	2.700000000000000000e+02	2.700000000000000178e+00	nan	9.354502119981589203e-02	4.106893272948321238e-02	4.464772761831596604e-03
nan	2.755000000000000000e+02	2.754999999999999893e+00	nan	1.021246477857857826e-01	3.755811791845144187e-02	4.444923020246798959e-03
nan	2.630000000000000000e+02	2.629999999999999893e+00	nan	7.618361893298697396e-02	4.087111096882060923e-02	4.080268165054249524e-03
nan	2.930000000000000000e+02	2.929999999999999716e+00	nan	7.877844907261533081e-02	3.902049383167941615e-02	4.409321349907230694e-03
nan	2.960000000000000000e+02	2.959999999999999964e+00	nan	1.203953072080139464e-01	3.822562382452859842e-02	3.384664572667629798e-03
nan	3.005000000000000000e+02	3.004999999999999893e+00	nan	1.067364024340804463e-01	3.490047756689185210e-02	3.797098151679452471e-03
nan	2.930000000000000000e+02	2.929999999999999716e+00	nan	1.131687259280624858e-01	3.851068165571448765e-02	4.677693540070179679e-03
nan	3.095000000000000000e+02	3.094999999999999751e+00	nan	1.028112256028634874e-01	4.157036839471454914e-02	4.532016655012429535e-03
nan	5.200000000000000000e+01	5.200000000000000178e-01	nan	4.329248426197123550e-03	3.155069546142680315e-02	3.460459600159763397e-03
nan	6.350000000000000000e+01	6.350000000000000089e-01	nan	6.029347408112112686e-03	3.238650049462977326e-02	3.167182351726000478e-03
nan	8.250000000000000000e+01	8.249999999999999556e-01	nan	7.873919594670205496e-03	3.209846870348710690e-02	3.117547127513252588e-03
nan	9.850000000000000000e+01	9.849999999999999867e-01	nan	1.079660705575973337e-02	3.149958708249615824e-02	3.201845904406731402e-03
nan	9.050000000000000000e+01	9.050000000000000266e-01	nan	1.259616830700171705e-02	3.147007480390061340e-02	3.314271883609512526e-03
nan	1.025000000000000000e+02	1.024999999999999911e+00	nan	1.300552059382198422e-02	2.925232185614117311e-02	3.960822296752798677e-03
nan	1.250000000000000000e+02	1.250000000000000000e+00	nan	1.522295986924859790e-02	3.764717982049779754e-02	2.333185542637593486e-03
nan	1.350000000000000000e+02	1.350000000000000089e+00	nan	1.954143459522583726e-02	3.840047879880629372e-02	4.406866448367768863e-03
nan	1.360000000000000000e+02	1.360000000000000098e+00	nan	1.376665634461460286e-02	3.707070463311470943e-02	4.405792742412636964e-03
nan	1.515000000000000000e+02	1.515000000000000124e+00	nan	2.710219192965723778e-02	2.351027355104052391e-02	4.229239660085416103e-03
nan	1.435000000000000000e+02	1.435000000000000053e+00	nan	2.580554580936222919e-02	3.993185711788557052e-02	4.281674192942831053e-03
nan	1.420000000000000000e+02	1.419999999999999929e+00	nan	2.522669896808338308e-02	3.747309853856502226e-02	4.477073941488487682e-03
nan	1.665000000000000000e+02	1.665000000000000036e+00	nan	3.357130877367353605e-02	3.215869984660468806e-02	3.627017214478238730e-03
nan	1.830000000000000000e+02	1.830000000000000071e+00	nan	3.160126767340898368e-02	3.582382055379564056e-02	3.556383847416399839e-03
nan	1.805000000000000000e+02	1.804999999999999938e+00	nan	3.395235951313679834e-02	2.924619439556433095e-02	4.689865423520650500e-03
nan	1.925000000000000000e+02	1.925000000000000266e+00	nan	3.924604230002159966e-02	3.870995712047007459e-02	4.516596989082763067e-03
nan	1.900000000000000000e+02	1.899999999999999911e+00	nan	3.439795223096098198e-02	3.170035098795755124e-02	4.483251318064156339e-03
nan	1.875000000000000000e+02	1.875000000000000000e+00	nan	4.459826966217406152e-02	3.136473379127829864e-02	3.448646248821597531e-03
nan	1.940000000000000000e+02	1.939999999999999947e+00	nan	4.108982943796490872e-02	3.704904004666444151e-02	4.687225367105524523e-03
nan	2.080000000000000000e+02	2.080000000000000071e+00	nan	5.782314957491507812e-02	4.121841284454508259e-02	3.305901370523214519e-03
nan	2.270000000000000000e+02	2.270000000000000018e+00	nan	6.235806566598967038e-02	3.781958447185872207e-02	4.596440699698532868e-03
nan	2.270000000000000000e+02	2.269999999999999574e+00	nan	4.828224080210929969e-02	3.833576246452238129e-02	4.539814692406158106e-03
nan	2.160000000000000000e+02	2.160000000000000142e+00	nan	7.339357126238610363e-02	3.855107431332502332e-02	3.769673262385280464e-03
nan	2.355000000000000000e+02	2.354999999999999982e+00	nan	4.955810372143787390e-02	3.627378446535667322e-02	3.998358354671248567e-03
nan	2.090000000000000000e+02	2.089999999999999858e+00	nan	5.522687932307235315e-02	4.267247786589684760e-02	4.725874199803027122e-03
nan	2.505000000000000000e+02	2.504999999999999893e+00	nan	6.901155455784646620e-02	4.018061986849968958e-02	4.351576704738270573e-03
nan	2.495000000000000000e+02	2.495000000000000107e+00	nan	7.000330105120156077e-02	3.414647286291555561e-02	4.222451114829115296e-03
nan	2.610000000000000000e+02	2.610000000000000320e+00	nan	6.960975929735013779e-02	4.013771049881353914e-02	4.574673230377189134e-03
nan	2.590000000000000000e+02	2.589999999999999858e+00	nan	8.279336216628507827e-02	3.989986766156882608e-02	4.194793223658075179e-03
nan	2.590000000000000000e+02	2.589999999999999858e+00	nan	6.811293598218526313e-02	3.897660817611534045e-02	4.238789571988536148e-03
nan	2.625000000000000000e+02	2.625000000000000000e+00	nan	1.092779064607611872e-01	3.804570469637789942e-02	4.113399967830838264e-03
nan	2.380000000000000000e+02	2.380000000000000338e+00	nan	8.944879913553904771e-02	3.334664200507597709e-02	3.363087374551915372e-03
nan	2.635000000000000000e+02	2.635000000000000231e+00	nan	1.006288253820457612e-01	3.770787579607922518e-02	4.748106205470080388e-03
nan	2.610000000000000000e+02	2.609999999999999876e+00	nan	9.432527776573351730e-02	3.663234963806396433e-02	4.536645353368923272e-03
nan	2.640000000000000000e+02	2.639999999999999680e+00	nan	1.198891034465532357e-01	3.979672011503394835e-02	4.328254145373340231e-03
nan	2.905000000000000000e+02	2.905000000000000249e+00	nan	8.728532488635210029e-02	3.624752824586337241e-02	4.700634350441994409e-03
nan	2.805000000000000000e+02	2.805000000000000160e+00	nan	1.396513997674446728e-01	3.682033513600350971e-02	4.800369875672262643e-03
nan	2.965000000000000000e+02	2.964999999999999858e+00	nan	1.124111642153593493e-01	3.994076383036081895e-02	4.577799222958449030e-03
nan	2.865000000000000000e+02	2.865000000000000213e+00	nan	1.344023854842362198e-01	3.938606378153258064e-02	2.479978712728007559e-03
nan	2.700000000000000000e+01	2.700000000000000178e-01	nan	4.161238865555899787e-03	3.508725552714048179e-02	1.754678103677960064e-03
nan	3.300000000000000000e+01	3.299999999999999600e-01	nan	4.917931223826952150e-03	2.836498163266772121e-02	1.639584574752130791e-03
nan	4.100000000000000000e+01	4.100000000000000311e-01	nan	9.126831148100717633e-03	2.997538086935658264e-02	1.689243877555020399e-03
nan	4.550000000000000000e+01	4.549999999999999600e-01	nan	9.950931419716299575e-03	2.943301542048099712e-02	1.713801230267771036e-03
nan	5.350000000000000000e+01	5.349999999999999201e-01	nan	1.209558527702474240e-02	2.955467953547139676e-02	1.699211432219827804e-03
nan	6.200000000000000000e+01	6.199999999999999956e-01	nan	1.420537498857168610e-02	2.858891592875488497e-02	1.797131757876247425e-03
nan	6.400000000000000000e+01	6.400000000000000133e-01	nan	1.668613247936460292e-02	3.131156472660411721e-02	1.680997307555223523e-03
nan	6.650000000000000000e+01	6.650000000000000355e-01	nan	2.065850674302521783e-02	3.245545295796211510e-02	1.707565124438424923e-03
nan	6.750000000000000000e+01	6.750000000000000444e-01	nan	2.093754913548846047e-02	3.238931906277749129e-02	1.720891167855628920e-03
nan	7.850000000000000000e+01	7.850000000000000311e-01	nan	2.331824968324712477e-02	2.997841222813154780e-02	1.698650017201157282e-03
nan	9.250000000000000000e+01	9.250000000000000444e-01	nan	2.042378461161029751e-02	3.313888269011658338e-02	2.031760090312217416e-03
nan	8.200000000000000000e+01	8.199999999999999512e-01	nan	3.034835401645252784e-02	2.929212266865552014e-02	1.694948316726842177e-03
nan	7.900000000000000000e+01	7.900000000000000355e-01	nan	3.640002693588224869e-02	3.218857673500313821e-02	1.734270117133946201e-03
nan	8.500000000000000000e+01	8.500000000000000888e-01	nan	3.317107800796259554e-02	2.976270685911695107e-02	1.722385638200425772e-03
nan	9.200000000000000000e+01	9.200000000000001510e-01	nan	3.582976320654815416e-02	3.008015551014502076e-02	1.641101706565464401e-03
nan	8.900000000000000000e+01	8.900000000000000133e-01	nan	3.491041343387292495e-02	3.358317091694221213e-02	1.421482408005378135e-03
nan	8.700000000000000000e+01	8.699999999999998845e-01	nan	4.151648032024782969e-02	3.207754710958981431e-02	1.681846261333298396e-03
nan	9.900000000000000000e+01	9.899999999999999911e-01	nan	4.077957716611912975e-02	3.452378892990931591e-02	1.758965154528409520e-03
nan	1.045000000000000000e+02	1.044999999999999929e+00	nan	4.398426794557508401e-02	3.113369363936881878e-02	1.840605467832552144e-03
nan	1.060000000000000000e+02	1.060000000000000053e+00	nan	4.822694672827765316e-02	3.165566081750134653e-02	1.941383862922749183e-03
nan	1.095000000000000000e+02	1.094999999999999751e+00	nan	3.446260735233863670e-02	3.902616291772317142e-02	1.767132666438252491e-03
nan	1.150000000000000000e+02	1.149999999999999911e+00	nan	3.308646775383294880e-02	3.646960496774609428e-02	2.220907247417519027e-03
nan	1.150000000000000000e+02	1.149999999999999911e+00	nan	4.640581845330871147e-02	3.820697148063359472e-02	2.254923548287481212e-03
nan	1.305000000000000000e+02	1.305000000000000160e+00	nan	5.404387713053893094e-02	3.508011460651043467e-02	1.083459328562840938e-03
nan	1.255000000000000000e+02	1.255000000000000115e+00	nan	5.021099733198752801e-02	3.717554879987963745e-02	2.281697951882072795e-03
nan	1.155000000000000000e+02	1.155000000000000027e+00	nan	4.683881113498955528e-02	3.571363333087270581e-02	1.854344720758684031e-03
nan	1.190000000000000000e+02	1.189999999999999947e+00	nan	5.054712519267923199e-02	3.300598700838647259e-02	1.124608643966702693e-03
nan	1.340000000000000000e+02	1.339999999999999858e+00	nan	5.868717697433112335e-02	3.968118927162209153e-02	2.005460238290722366e-03
nan	1.210000000000000000e+02	1.209999999999999964e+00	nan	5.808997492511025484e-02	3.469965089321340457e-02	1.917495310524104874e-03
nan	1.205000000000000000e+02	1.205000000000000071e+00	nan	6.587209844792596414e-02	2.928770760577945748e-02	1.998683994208792346e-03
nan	1.220000000000000000e+02	1.219999999999999973e+00	nan	8.455344914500528830e-02	3.859087543619386246e-02	1.199682774279192937e-03
nan	1.320000000000000000e+02	1.319999999999999840e+00	nan	6.006819244748839992e-02	3.529238348124508207e-02	2.037891705220527816e-03
nan	1.345000000000000000e+02	1.344999999999999973e+00	nan	4.549234683895519993e-02	3.681956596318083225e-02	1.842073191449280752e-03
nan	1.285000000000000000e+02	1.285000000000000142e+00	nan	6.670746222255274915e-02	3.745705669223053230e-02	2.146013259533757767e-03
nan	1.510000000000000000e+02	1.510000000000000009e+00	nan	8.275008785699355940e-02	3.860918690735508363e-02	2.307832570337782323e-03
nan	1.400000000000000000e+02	1.399999999999999911e+00	nan	7.849585379392465256e-02	3.454183101719240923e-02	2.326861181741834202e-03
nan	1.370000000000000000e+02	1.370000000000000107e+00	nan	5.274264502827463730e-02	3.176727701667205611e-02	2.203907592943148315e-03
nan	1.355000000000000000e+02	1.354999999999999982e+00	nan	8.245325965606298269e-02	3.391768635885572536e-02	1.930940933303563253e-03
nan	1.525000000000000000e+02	1.524999999999999911e+00	nan	1.261691974110590309e-01	3.775316141388114499e-02	1.985484644904233348e-03
