Simulation Number PG.cFactor ExitSlit.openingHeight SU.photonEnergy PG.orderDiffraction SU.numberRays
0                 2.25       0.008                  1000            1                   100000       
1                 2.25       0.008                  1000            1                   100000       
2                 2.25       0.008                  1000            1                   100000       
3                 2.25       0.008                  1000            1                   100000       
4                 2.25       0.008                  1000            1                   100000       
5                 2.25       0.008                  1000            1                   100000       
6                 2.25       0.008                  1000            1                   100000       
7                 2.25       0.008                  1000            1                   100000       
8                 2.25       0.008                  1000            1                   100000       
9                 2.25       0.008                  1000            1                   100000       
10                2.25       0.008                  1000            1                   100000       
11                2.25       0.008                  1000            1                   100000       
12                2.25       0.008                  1000            1                   100000       
13                2.25       0.008                  1000            1                   100000       
14                2.25       0.008                  1000            1                   100000       
15                2.25       0.008                  1000            1                   100000       
16                2.25       0.008                  1000            1                   100000       
17                2.25       0.008                  1000            1                   100000       
18                2.25       0.008                  1000            1                   100000       
19                2.25       0.008                  1000            1                   100000       
20                2.25       0.008                  1000            1                   100000       
21                2.25       0.008                  1000            1                   100000       
22                2.25       0.008                  1000            1                   100000       
23                2.25       0.008                  1000            1                   100000       
24                2.25       0.008                  1000            1                   100000       
25                2.25       0.008                  1000            1                   100000       
26                2.25       0.008                  1000            1                   100000       
27                2.25       0.008                  1000            1                   100000       
28                2.25       0.008                  1000            1                   100000       
29                2.25       0.008                  1000            1                   100000       
30                2.25       0.008                  1000            1                   100000       
31                2.25       0.008                  1000            1                   100000       
32                2.25       0.008                  1000            1                   100000       
33                2.25       0.008                  1000            1                   100000       
34                2.25       0.008                  1000            1                   100000       
35                2.25       0.008                  1000            1                   100000       
36                2.25       0.008                  1000            1                   100000       
37                2.25       0.008                  1000            1                   100000       
38                2.25       0.008                  1000            1                   100000       
39                2.25       0.008                  1000            1                   100000       
40                2.25       0.008                  1000            1                   100000       
41                2.25       0.008                  1000            1                   100000       
42                2.25       0.008                  1000            1                   100000       
43                2.25       0.008                  1000            1                   100000       
44                2.25       0.008                  1000            1                   100000       
45                2.25       0.008                  1000            1                   100000       
46                2.25       0.008                  1000            1                   100000       
47                2.25       0.008                  1000            1                   100000       
48                2.25       0.008                  1000            1                   100000       
49                2.25       0.008                  1000            1                   100000       
50                2.25       0.008                  1000            1                   100000       
51                2.25       0.008                  1000            1                   100000       
52                2.25       0.008                  1000            1                   100000       
53                2.25       0.008                  1000            1                   100000       
54                2.25       0.008                  1000            1                   100000       
55                2.25       0.008                  1000            1                   100000       
56                2.25       0.008                  1000            1                   100000       
57                2.25       0.008                  1000            1                   100000       
58                2.25       0.008                  1000            1                   100000       
59                2.25       0.008                  1000            1                   100000       
60                2.25       0.008                  1000            1                   100000       
61                2.25       0.008                  1000            1                   100000       
62                2.25       0.008                  1000            1                   100000       
63                2.25       0.008                  1000            1                   100000       
64                2.25       0.008                  1000            1                   100000       
65                2.25       0.008                  1000            1                   100000       
66                2.25       0.008                  1000            1                   100000       
67                2.25       0.008                  1000            1                   100000       
68                2.25       0.008                  1000            1                   100000       
69                2.25       0.008                  1000            1                   100000       
70                2.25       0.008                  1000            1                   100000       
71                2.25       0.008                  1000            1                   100000       
72                2.25       0.008                  1000            1                   100000       
73                2.25       0.008                  1000            1                   100000       
74                2.25       0.008                  1000            1                   100000       
75                2.25       0.008                  1000            1                   100000       
76                2.25       0.008                  1000            1                   100000       
77                2.25       0.008                  1000            1                   100000       
78                2.25       0.008                  1000            1                   100000       
79                2.25       0.008                  1000            1                   100000       
80                2.25       0.008                  1000            1                   100000       
81                2.25       0.008                  1000            1                   100000       
82                2.25       0.008                  1000            1                   100000       
83                2.25       0.008                  1000            1                   100000       
84                2.25       0.008                  1000            1                   100000       
85                2.25       0.008                  1000            1                   100000       
86                2.25       0.008                  1000            1                   100000       
87                2.25       0.008                  1000            1                   100000       
88                2.25       0.008                  1000            1                   100000       
89                2.25       0.008                  1000            1                   100000       
90                2.25       0.008                  1000            1                   100000       
91                2.25       0.008                  1000            1                   100000       
92                2.25       0.008                  1000            1                   100000       
93                2.25       0.008                  1000            1                   100000       
94                2.25       0.008                  1000            1                   100000       
95                2.25       0.008                  1000            1                   100000       
96                2.25       0.008                  1000            1                   100000       
97                2.25       0.008                  1000            1                   100000       
98                2.25       0.008                  1000            1                   100000       
99                2.25       0.008                  1000            1                   100000       
100               2.25       0.008                  1000            1                   100000       
101               2.25       0.008                  1000            1                   100000       
102               2.25       0.008                  1000            1                   100000       
103               2.25       0.008                  1000            1                   100000       
104               2.25       0.008                  1000            1                   100000       
105               2.25       0.008                  1000            1                   100000       
106               2.25       0.008                  1000            1                   100000       
107               2.25       0.008                  1000            1                   100000       
108               2.25       0.008                  1000            1                   100000       
109               2.25       0.008                  1000            1                   100000       
110               2.25       0.008                  1000            1                   100000       
111               2.25       0.008                  1000            1                   100000       
112               2.25       0.008                  1000            1                   100000       
113               2.25       0.008                  1000            1                   100000       
114               2.25       0.008                  1000            1                   100000       
115               2.25       0.008                  1000            1                   100000       
116               2.25       0.008                  1000            1                   100000       
117               2.25       0.008                  1000            1                   100000       
118               2.25       0.008                  1000            1                   100000       
119               2.25       0.008                  1000            1                   100000       
120               2.25       0.008                  1000            1                   100000       
121               2.25       0.008                  1000            1                   100000       
122               2.25       0.008                  1000            1                   100000       
123               2.25       0.008                  1000            1                   100000       
124               2.25       0.008                  1000            1                   100000       
125               2.25       0.008                  1000            1                   100000       
126               2.25       0.008                  1000            1                   100000       
127               2.25       0.008                  1000            1                   100000       
128               2.25       0.008                  1000            1                   100000       
129               2.25       0.008                  1000            1                   100000       
130               2.25       0.008                  1000            1                   100000       
131               2.25       0.008                  1000            1                   100000       
132               2.25       0.008                  1000            1                   100000       
133               2.25       0.008                  1000            1                   100000       
134               2.25       0.008                  1000            1                   100000       
135               2.25       0.008                  1000            1                   100000       
136               2.25       0.008                  1000            1                   100000       
137               2.25       0.008                  1000            1                   100000       
138               2.25       0.008                  1000            1                   100000       
139               2.25       0.008                  1000            1                   100000       
140               2.25       0.008                  1000            1                   100000       
141               2.25       0.008                  1000            1                   100000       
142               2.25       0.008                  1000            1                   100000       
143               2.25       0.008                  1000            1                   100000       
144               2.25       0.008                  1000            1                   100000       
145               2.25       0.008                  1000            1                   100000       
146               2.25       0.008                  1000            1                   100000       
147               2.25       0.008                  1000            1                   100000       
148               2.25       0.008                  1000            1                   100000       
149               2.25       0.008                  1000            1                   100000       
150               2.25       0.008                  1000            1                   100000       
151               2.25       0.008                  1000            1                   100000       
152               2.25       0.008                  1000            1                   100000       
153               2.25       0.008                  1000            1                   100000       
154               2.25       0.008                  1000            1                   100000       
155               2.25       0.008                  1000            1                   100000       
156               2.25       0.008                  1000            1                   100000       
157               2.25       0.008                  1000            1                   100000       
158               2.25       0.008                  1000            1                   100000       
159               2.25       0.008                  1000            1                   100000       
160               2.25       0.008                  1000            1                   100000       
161               2.25       0.008                  1000            1                   100000       
162               2.25       0.008                  1000            1                   100000       
163               2.25       0.008                  1000            1                   100000       
164               2.25       0.008                  1000            1                   100000       
165               2.25       0.008                  1000            1                   100000       
166               2.25       0.008                  1000            1                   100000       
167               2.25       0.008                  1000            1                   100000       
168               2.25       0.008                  1000            1                   100000       
169               2.25       0.008                  1000            1                   100000       
170               2.25       0.008                  1000            1                   100000       
171               2.25       0.008                  1000            1                   100000       
172               2.25       0.008                  1000            1                   100000       
173               2.25       0.008                  1000            1                   100000       
174               2.25       0.008                  1000            1                   100000       
175               2.25       0.008                  1000            1                   100000       
176               2.25       0.008                  1000            1                   100000       
177               2.25       0.008                  1000            1                   100000       
178               2.25       0.008                  1000            1                   100000       
179               2.25       0.008                  1000            1                   100000       
180               2.25       0.008                  1000            1                   100000       
181               2.25       0.008                  1000            1                   100000       
182               2.25       0.008                  1000            1                   100000       
183               2.25       0.008                  1000            1                   100000       
184               2.25       0.008                  1000            1                   100000       
185               2.25       0.008                  1000            1                   100000       
186               2.25       0.008                  1000            1                   100000       
187               2.25       0.008                  1000            1                   100000       
188               2.25       0.008                  1000            1                   100000       
189               2.25       0.008                  1000            1                   100000       
190               2.25       0.008                  1000            1                   100000       
191               2.25       0.008                  1000            1                   100000       
192               2.25       0.008                  1000            1                   100000       
193               2.25       0.008                  1000            1                   100000       
194               2.25       0.008                  1000            1                   100000       
195               2.25       0.008                  1000            1                   100000       
196               2.25       0.008                  1000            1                   100000       
197               2.25       0.008                  1000            1                   100000       
198               2.25       0.008                  1000            1                   100000       
199               2.25       0.008                  1000            1                   100000       
200               2.25       0.008                  1000            1                   100000       
201               2.25       0.008                  1000            1                   100000       
202               2.25       0.008                  1000            1                   100000       
203               2.25       0.008                  1000            1                   100000       
204               2.25       0.008                  1000            1                   100000       
205               2.25       0.008                  1000            1                   100000       
206               2.25       0.008                  1000            1                   100000       
207               2.25       0.008                  1000            1                   100000       
208               2.25       0.008                  1000            1                   100000       
209               2.25       0.008                  1000            1                   100000       
210               2.25       0.008                  1000            1                   100000       
211               2.25       0.008                  1000            1                   100000       
212               2.25       0.008                  1000            1                   100000       
213               2.25       0.008                  1000            1                   100000       
214               2.25       0.008                  1000            1                   100000       
215               2.25       0.008                  1000            1                   100000       
216               2.25       0.008                  1000            1                   100000       
217               2.25       0.008                  1000            1                   100000       
218               2.25       0.008                  1000            1                   100000       
219               2.25       0.008                  1000            1                   100000       
220               2.25       0.008                  1000            1                   100000       
221               2.25       0.008                  1000            1                   100000       
222               2.25       0.008                  1000            1                   100000       
223               2.25       0.008                  1000            1                   100000       
224               2.25       0.008                  1000            1                   100000       
225               2.25       0.008                  1000            1                   100000       
226               2.25       0.008                  1000            1                   100000       
227               2.25       0.008                  1000            1                   100000       
228               2.25       0.008                  1000            1                   100000       
229               2.25       0.008                  1000            1                   100000       
230               2.25       0.008                  1000            1                   100000       
231               2.25       0.008                  1000            1                   100000       
232               2.25       0.008                  1000            1                   100000       
233               2.25       0.008                  1000            1                   100000       
