# SourcePhotonFlux	NumberRaysSurvived	PercentageRaysSurvived	PhotonFlux	Bandwidth	HorizontalFocusFWHM	VerticalFocusFWHM
nan	5.256000000000000227e+02	5.256000000000000671e-01	nan	1.777672408596231391e-03	6.009903206991980967e-02	2.646734182767195021e-03
nan	6.616000000000000227e+02	6.615999999999999659e-01	nan	2.964047411748538079e-03	4.608753469564402794e-02	2.675594578077310302e-03
nan	7.716000000000000227e+02	7.716000000000000636e-01	nan	3.888104690830118670e-03	4.075261901782130380e-02	2.703352058507817093e-03
nan	8.892000000000000455e+02	8.891999999999999904e-01	nan	4.687680414974693122e-03	3.846177644139342489e-02	2.735701823690810976e-03
nan	9.745000000000000000e+02	9.744999999999999218e-01	nan	6.124983572118480706e-03	3.395225008419226753e-02	2.804850145324674394e-03
nan	1.095299999999999955e+03	1.095299999999999940e+00	nan	6.694169682276651656e-03	3.292316986571416221e-02	2.784995868960094163e-03
nan	1.147299999999999955e+03	1.147299999999999986e+00	nan	7.882563053351531943e-03	3.174795694122756196e-02	2.801578566340816572e-03
nan	1.225000000000000000e+03	1.224999999999999867e+00	nan	9.209320495421025390e-03	2.848947201580774927e-02	2.784707259004383026e-03
nan	1.294500000000000000e+03	1.294499999999999984e+00	nan	1.016939712118300997e-02	2.850911139169572811e-02	2.843156654985887471e-03
nan	1.345200000000000045e+03	1.345199999999999951e+00	nan	1.110675574878996520e-02	2.673463630523081197e-02	2.804875243644572910e-03
nan	1.418400000000000091e+03	1.418400000000000105e+00	nan	1.222253986903751831e-02	2.680637839941473269e-02	2.846135378418091638e-03
nan	1.473700000000000045e+03	1.473699999999999788e+00	nan	1.365293669672382713e-02	2.482917982704532095e-02	2.800757938436363413e-03
nan	1.538700000000000045e+03	1.538699999999999957e+00	nan	1.529401153751450658e-02	2.444332471914250487e-02	2.842736183815522920e-03
nan	1.584299999999999955e+03	1.584300000000000042e+00	nan	1.599653715813929150e-02	2.439620907999867985e-02	2.866003319115255268e-03
nan	1.621299999999999955e+03	1.621300000000000185e+00	nan	1.573263650946046116e-02	2.365052739945425544e-02	2.863858092299081514e-03
nan	1.700599999999999909e+03	1.700600000000000112e+00	nan	1.881096436984535172e-02	2.345519801962364648e-02	2.844712178251462744e-03
nan	1.731000000000000000e+03	1.730999999999999872e+00	nan	1.968558707100100807e-02	2.317474795972091633e-02	2.847351726536104851e-03
nan	1.775599999999999909e+03	1.775599999999999623e+00	nan	2.104394640045938875e-02	2.188172193901129908e-02	2.823935602197351086e-03
nan	1.818900000000000091e+03	1.818899999999999961e+00	nan	2.306242848667352380e-02	2.161788084001454308e-02	2.832360001311469942e-03
nan	1.868299999999999955e+03	1.868300000000000072e+00	nan	2.452304309035753180e-02	2.074818312885624502e-02	2.849500307210799804e-03
nan	1.933000000000000000e+03	1.932999999999999829e+00	nan	2.590776505217036105e-02	2.200203859867942008e-02	2.868817728869689932e-03
nan	1.968500000000000000e+03	1.968499999999999917e+00	nan	2.768598564543935797e-02	2.155059041593980831e-02	2.871059919392018704e-03
nan	1.991099999999999909e+03	1.991100000000000092e+00	nan	2.906637774408409383e-02	2.028622119648906472e-02	2.880861236700706964e-03
nan	2.047400000000000091e+03	2.047400000000000109e+00	nan	3.075439935553276813e-02	2.173300853240290806e-02	2.860281731175844371e-03
nan	2.070800000000000182e+03	2.070799999999999308e+00	nan	3.025307719740339893e-02	1.943706142604900711e-02	2.868100848207475774e-03
nan	2.093800000000000182e+03	2.093800000000000328e+00	nan	3.282858222207778176e-02	2.016432806562855340e-02	2.841902187921493787e-03
nan	2.167300000000000182e+03	2.167299999999999560e+00	nan	3.396770800648028082e-02	2.109963923610720660e-02	2.857557935274725007e-03
nan	2.216699999999999818e+03	2.216700000000000337e+00	nan	3.671926480490128597e-02	1.978926527573090371e-02	2.878137312388282139e-03
nan	2.226099999999999909e+03	2.226100000000000190e+00	nan	3.685106172320047613e-02	1.970586115344924796e-02	2.900243579091008484e-03
nan	2.267699999999999818e+03	2.267700000000000049e+00	nan	3.864978231283657667e-02	1.851908473611217631e-02	2.850729353642834397e-03
nan	2.327699999999999818e+03	2.327700000000000102e+00	nan	3.946959568386319145e-02	1.773052137099524403e-02	2.859055878161730502e-03
nan	2.362300000000000182e+03	2.362300000000000288e+00	nan	4.302809377616086117e-02	1.893510567568102917e-02	2.876493835283515897e-03
nan	2.389199999999999818e+03	2.389199999999999768e+00	nan	4.535074488730970327e-02	1.808765619530584498e-02	2.863422085777081200e-03
nan	2.444300000000000182e+03	2.444299999999999695e+00	nan	4.697759224538913120e-02	1.754100717658320721e-02	2.853596861619764162e-03
nan	2.445400000000000091e+03	2.445399999999999796e+00	nan	4.715450889307248872e-02	1.818683086195449841e-02	2.903714834435698004e-03
nan	2.508599999999999909e+03	2.508600000000000385e+00	nan	4.988619313257913745e-02	1.817618734969159849e-02	2.919764435805712304e-03
nan	2.560599999999999909e+03	2.560599999999999987e+00	nan	5.252775850192392681e-02	1.716482060339191359e-02	2.868978317405274699e-03
nan	2.560900000000000091e+03	2.560900000000000176e+00	nan	5.321132091621620652e-02	1.769248239315621488e-02	2.890712409551953258e-03
nan	2.580699999999999818e+03	2.580699999999999772e+00	nan	5.433132872051373713e-02	1.834446757726725455e-02	2.904702736605125311e-03
nan	4.271000000000000227e+02	4.271000000000000907e-01	nan	1.779838637061459308e-03	6.039769695502743285e-02	2.087855849622603181e-03
nan	5.400000000000000000e+02	5.399999999999999245e-01	nan	2.780053949132366229e-03	4.813678572723720933e-02	2.285790497329554492e-03
nan	6.461000000000000227e+02	6.460999999999998966e-01	nan	3.628412862738628064e-03	4.086570097993355577e-02	2.244256559938190461e-03
nan	7.397000000000000455e+02	7.396999999999999131e-01	nan	4.599568501549811290e-03	3.759152384020292281e-02	2.240235895068090101e-03
nan	8.297999999999999545e+02	8.297999999999999821e-01	nan	5.341957059044943890e-03	3.604905689156900905e-02	2.297667059854062877e-03
nan	8.872999999999999545e+02	8.872999999999999776e-01	nan	6.715955484014557615e-03	3.090914959842851889e-02	2.329550865252540300e-03
nan	9.407999999999999545e+02	9.407999999999999696e-01	nan	6.953949161362516299e-03	3.008373412037579353e-02	2.293425715053671633e-03
nan	1.009799999999999955e+03	1.009800000000000031e+00	nan	8.481873617404290036e-03	2.895939495278080852e-02	2.297744204861803304e-03
nan	1.066599999999999909e+03	1.066599999999999993e+00	nan	1.007616736047225493e-02	2.799484968187996442e-02	2.351502965542013636e-03
nan	1.120400000000000091e+03	1.120400000000000063e+00	nan	1.200676257165014284e-02	2.571890920438309538e-02	2.345689070014265847e-03
nan	1.174799999999999955e+03	1.174799999999999844e+00	nan	1.145398558014676382e-02	2.680447369294457899e-02	2.345957021279783568e-03
nan	1.235299999999999955e+03	1.235300000000000065e+00	nan	1.377336509588076262e-02	2.481402232862495172e-02	2.372936506657875779e-03
nan	1.253200000000000045e+03	1.253200000000000092e+00	nan	1.484449368862215089e-02	2.385347976541471460e-02	2.370639214849180020e-03
nan	1.308500000000000000e+03	1.308499999999999996e+00	nan	1.557213090801496877e-02	2.394375218119091514e-02	2.344232275256684980e-03
nan	1.372500000000000000e+03	1.372500000000000053e+00	nan	1.696041982822862199e-02	2.195258407135839557e-02	2.365037891753372923e-03
nan	1.396799999999999955e+03	1.396800000000000042e+00	nan	1.789073408859849154e-02	2.365379870449533031e-02	2.390764863409536225e-03
nan	1.463299999999999955e+03	1.463300000000000267e+00	nan	1.892424163984287450e-02	2.147259159966400516e-02	2.357025151397574604e-03
nan	1.508200000000000045e+03	1.508199999999999985e+00	nan	2.099704170603899911e-02	2.209850676581151183e-02	2.361754172849319690e-03
nan	1.543400000000000091e+03	1.543400000000000105e+00	nan	2.119141094442511530e-02	2.291545494962968568e-02	2.351248611363440134e-03
nan	1.559099999999999909e+03	1.559100000000000152e+00	nan	2.277955702236340516e-02	2.201389850456429015e-02	2.363969397693633286e-03
nan	1.610400000000000091e+03	1.610399999999999610e+00	nan	2.509115572706832609e-02	2.026908515536099409e-02	2.359243194033306366e-03
nan	1.641900000000000091e+03	1.641900000000000137e+00	nan	2.608427834961730626e-02	2.077055055503675488e-02	2.394901004633633382e-03
nan	1.670299999999999955e+03	1.670299999999999896e+00	nan	2.775069446438465162e-02	2.046825256946445057e-02	2.375373586852432169e-03
nan	1.695400000000000091e+03	1.695400000000000018e+00	nan	2.924132717064367032e-02	1.999326034136451186e-02	2.383710544519381663e-03
nan	1.766599999999999909e+03	1.766599999999999948e+00	nan	2.880776144390893162e-02	2.028712436203137376e-02	2.383869841005409676e-03
nan	1.758200000000000045e+03	1.758199999999999985e+00	nan	3.046422844790868181e-02	2.049881147460927422e-02	2.381889434334435486e-03
nan	1.785500000000000000e+03	1.785500000000000087e+00	nan	3.078641599217917316e-02	1.985570596117127232e-02	2.400413093866874022e-03
nan	1.840599999999999909e+03	1.840599999999999792e+00	nan	3.405820700520507949e-02	1.958857683557042179e-02	2.381636279757760270e-03
nan	1.852000000000000000e+03	1.851999999999999647e+00	nan	3.507522231066104862e-02	1.979345316868475618e-02	2.370002462647011806e-03
nan	1.880400000000000091e+03	1.880400000000000293e+00	nan	3.608431972584184855e-02	1.897060770089264645e-02	2.394693732024622164e-03
nan	1.939599999999999909e+03	1.939599999999999991e+00	nan	3.809844108222933123e-02	1.941929480832470939e-02	2.377671870818505884e-03
nan	1.957099999999999909e+03	1.957100000000000062e+00	nan	3.852227509455587867e-02	1.812838321849519208e-02	2.370698168432396578e-03
nan	1.970900000000000091e+03	1.970899999999999874e+00	nan	4.160296624481816391e-02	1.894296370051910122e-02	2.395675450584288952e-03
nan	2.011500000000000000e+03	2.011499999999999844e+00	nan	4.325176161264607938e-02	1.845194366803519850e-02	2.400580617953704081e-03
nan	2.059400000000000091e+03	2.059400000000000119e+00	nan	4.497492943153247325e-02	1.828707821918802365e-02	2.398742194756567792e-03
nan	2.092500000000000000e+03	2.092500000000000249e+00	nan	4.524908191997382978e-02	1.809593494688003720e-02	2.375879590408068367e-03
nan	2.095199999999999818e+03	2.095199999999999729e+00	nan	4.700557652138286080e-02	1.750661400059242909e-02	2.403588630947578811e-03
nan	2.130900000000000091e+03	2.130900000000000016e+00	nan	5.164712266878268565e-02	1.777910931824876889e-02	2.437698184170471703e-03
nan	2.159400000000000091e+03	2.159400000000000208e+00	nan	5.176655212965215747e-02	1.776152984635242377e-02	2.396149544052213198e-03
nan	3.063999999999999773e+02	3.063999999999999502e-01	nan	1.731932328678453857e-03	5.397474226859816371e-02	1.685411370874085506e-03
nan	4.308999999999999773e+02	4.309000000000000052e-01	nan	2.254301850817341715e-03	5.157446286028901511e-02	1.732172912980500367e-03
nan	4.883999999999999773e+02	4.883999999999999453e-01	nan	3.360738908827443257e-03	4.509309686453139704e-02	1.734365510440124061e-03
nan	5.708999999999999773e+02	5.708999999999999631e-01	nan	4.608434483142786857e-03	3.633151170038239480e-02	1.779697787259934549e-03
nan	6.572999999999999545e+02	6.572999999999999954e-01	nan	5.575458926148258061e-03	3.461430032586044342e-02	1.800115691381511855e-03
nan	6.985000000000000000e+02	6.984999999999998987e-01	nan	6.509826455857137435e-03	3.511081622854549805e-02	1.812266076014021994e-03
nan	7.537000000000000455e+02	7.537000000000000366e-01	nan	7.882319768458500436e-03	3.054654373498100900e-02	1.834770788104770570e-03
nan	7.980000000000000000e+02	7.979999999999999316e-01	nan	8.953513686174119010e-03	2.738406294807162883e-02	1.838118672029481456e-03
nan	8.446000000000000227e+02	8.446000000000001284e-01	nan	8.849998818027416184e-03	2.801131076554552735e-02	1.872464728823766428e-03
nan	8.847999999999999545e+02	8.847999999999999199e-01	nan	1.099551019466389265e-02	2.622803628683167965e-02	1.887654756474187222e-03
nan	9.205000000000000000e+02	9.204999999999999849e-01	nan	1.132956965751645909e-02	2.527195756401568946e-02	1.838136924735144341e-03
nan	9.607999999999999545e+02	9.607999999999998764e-01	nan	1.308801722631187589e-02	2.400399861285511943e-02	1.852137269252187831e-03
nan	1.006399999999999977e+03	1.006399999999999739e+00	nan	1.407227875948819859e-02	2.506832891772491773e-02	1.882569684008547671e-03
nan	1.050799999999999955e+03	1.050800000000000178e+00	nan	1.495237349702165444e-02	2.359143392617521484e-02	1.872517455362612826e-03
nan	1.093400000000000091e+03	1.093400000000000150e+00	nan	1.509363204180544892e-02	2.266898765143271488e-02	1.886344206710356382e-03
nan	1.119799999999999955e+03	1.119799999999999685e+00	nan	1.735686769536641874e-02	2.364344976257335557e-02	1.887340980666480901e-03
nan	1.188500000000000000e+03	1.188500000000000112e+00	nan	1.887018335989978229e-02	2.223493467099797727e-02	1.882983345772129211e-03
nan	1.194099999999999909e+03	1.194100000000000161e+00	nan	2.021789762837897936e-02	2.269777877199146907e-02	1.904674040217611440e-03
nan	1.224900000000000091e+03	1.224899999999999878e+00	nan	2.184566765567979088e-02	2.208262036972109474e-02	1.880706889137876824e-03
nan	1.260099999999999909e+03	1.260099999999999998e+00	nan	2.140343341579864500e-02	2.173189856993495289e-02	1.901591999068730525e-03
nan	1.252599999999999909e+03	1.252599999999999936e+00	nan	2.518256080929859309e-02	2.142756651878269941e-02	1.867857586742025303e-03
nan	1.301099999999999909e+03	1.301099999999999923e+00	nan	2.410897563113394496e-02	2.047686131953702082e-02	1.896776911878596261e-03
nan	1.336299999999999955e+03	1.336300000000000043e+00	nan	2.614326585749040394e-02	1.993115410841048846e-02	1.878387800937739117e-03
nan	1.375000000000000000e+03	1.375000000000000000e+00	nan	2.510151453179787495e-02	2.117299706725407973e-02	1.908084554251219351e-03
nan	1.409099999999999909e+03	1.409100000000000019e+00	nan	3.014555303393535654e-02	1.992838917819380468e-02	1.893841010835247253e-03
nan	1.416599999999999909e+03	1.416600000000000081e+00	nan	2.823910407498715289e-02	1.947913682735911978e-02	1.886343094616940762e-03
nan	1.449200000000000045e+03	1.449200000000000044e+00	nan	3.022653154528143205e-02	1.977430153047037356e-02	1.896551558544579521e-03
nan	1.475099999999999909e+03	1.475100000000000078e+00	nan	3.385621395223097074e-02	1.962571067521085705e-02	1.913737584811024683e-03
nan	1.503500000000000000e+03	1.503500000000000059e+00	nan	3.423488253833965878e-02	1.913266283914583782e-02	1.884333057082647391e-03
nan	1.505599999999999909e+03	1.505600000000000271e+00	nan	3.461276187031216839e-02	1.830634387628185186e-02	1.909714117530345772e-03
nan	1.527200000000000045e+03	1.527200000000000113e+00	nan	3.889860654539915863e-02	1.865094874488957416e-02	1.905588439299176623e-03
nan	1.579900000000000091e+03	1.579899999999999860e+00	nan	3.740681612071057593e-02	1.854039390675429194e-02	1.902893951536417704e-03
nan	1.605500000000000000e+03	1.605499999999999927e+00	nan	4.180295998155543480e-02	1.816223713845285456e-02	1.909497821082689704e-03
nan	1.637500000000000000e+03	1.637500000000000400e+00	nan	3.925487537615026529e-02	1.773776577549007055e-02	1.914944377188770907e-03
nan	1.647900000000000091e+03	1.647899999999999920e+00	nan	4.115420229488790660e-02	1.804544011068660858e-02	1.910341819654751919e-03
nan	1.686500000000000000e+03	1.686499999999999888e+00	nan	4.342008594564959051e-02	1.876627032550085006e-02	1.911654784579064304e-03
nan	1.687900000000000091e+03	1.687900000000000178e+00	nan	4.207693016355733284e-02	1.871091792543231117e-02	1.934306319173404506e-03
nan	1.704200000000000045e+03	1.704200000000000159e+00	nan	4.434268355119001803e-02	1.817937574896750716e-02	1.913653715605961826e-03
nan	1.735700000000000045e+03	1.735700000000000021e+00	nan	4.949904522411543301e-02	1.767166489870760152e-02	1.917766479080240975e-03
