Simulation Number PG.cFactor ExitSlit.openingHeight SU.photonEnergy PG.orderDiffraction SU.numberRays
0                    2.25                 0.008999999999999999   1000                 1                    1000000             
1                    2.25                 0.008999999999999999   1000                 1                    1000000             
2                    2.25                 0.008999999999999999   1000                 1                    1000000             
3                    2.25                 0.008999999999999999   1000                 1                    1000000             
4                    2.25                 0.008999999999999999   1000                 1                    1000000             
5                    2.25                 0.008999999999999999   1000                 1                    1000000             
6                    2.25                 0.008999999999999999   1000                 1                    1000000             
7                    2.25                 0.008999999999999999   1000                 1                    1000000             
8                    2.25                 0.008999999999999999   1000                 1                    1000000             
9                    2.25                 0.008999999999999999   1000                 1                    1000000             
10                   2.25                 0.008999999999999999   1000                 1                    1000000             
11                   2.25                 0.008999999999999999   1000                 1                    1000000             
12                   2.25                 0.008999999999999999   1000                 1                    1000000             
13                   2.25                 0.008999999999999999   1000                 1                    1000000             
14                   2.25                 0.008999999999999999   1000                 1                    1000000             
15                   2.25                 0.008999999999999999   1000                 1                    1000000             
16                   2.25                 0.008999999999999999   1000                 1                    1000000             
17                   2.25                 0.008999999999999999   1000                 1                    1000000             
18                   2.25                 0.008999999999999999   1000                 1                    1000000             
19                   2.25                 0.008999999999999999   1000                 1                    1000000             
20                   2.25                 0.008999999999999999   1000                 1                    1000000             
21                   2.25                 0.008999999999999999   1000                 1                    1000000             
22                   2.25                 0.008999999999999999   1000                 1                    1000000             
23                   2.25                 0.008999999999999999   1000                 1                    1000000             
24                   2.25                 0.008999999999999999   1000                 1                    1000000             
25                   2.25                 0.008999999999999999   1000                 1                    1000000             
26                   2.25                 0.008999999999999999   1000                 1                    1000000             
27                   2.25                 0.008999999999999999   1000                 1                    1000000             
28                   2.25                 0.008999999999999999   1000                 1                    1000000             
29                   2.25                 0.008999999999999999   1000                 1                    1000000             
30                   2.25                 0.008999999999999999   1000                 1                    1000000             
31                   2.25                 0.008999999999999999   1000                 1                    1000000             
32                   2.25                 0.008999999999999999   1000                 1                    1000000             
33                   2.25                 0.008999999999999999   1000                 1                    1000000             
34                   2.25                 0.008999999999999999   1000                 1                    1000000             
35                   2.25                 0.008999999999999999   1000                 1                    1000000             
36                   2.25                 0.008999999999999999   1000                 1                    1000000             
37                   2.25                 0.008999999999999999   1000                 1                    1000000             
38                   2.25                 0.008999999999999999   1000                 1                    1000000             
39                   2.25                 0.008999999999999999   1000                 1                    1000000             
40                   2.25                 0.008999999999999999   1000                 1                    1000000             
41                   2.25                 0.008999999999999999   1000                 1                    1000000             
42                   2.25                 0.008999999999999999   1000                 1                    1000000             
43                   2.25                 0.008999999999999999   1000                 1                    1000000             
44                   2.25                 0.008999999999999999   1000                 1                    1000000             
45                   2.25                 0.008999999999999999   1000                 1                    1000000             
46                   2.25                 0.008999999999999999   1000                 1                    1000000             
47                   2.25                 0.008999999999999999   1000                 1                    1000000             
48                   2.25                 0.008999999999999999   1000                 1                    1000000             
49                   2.25                 0.008999999999999999   1000                 1                    1000000             
50                   2.25                 0.008999999999999999   1000                 1                    1000000             
51                   2.25                 0.008999999999999999   1000                 1                    1000000             
52                   2.25                 0.008999999999999999   1000                 1                    1000000             
53                   2.25                 0.008999999999999999   1000                 1                    1000000             
54                   2.25                 0.008999999999999999   1000                 1                    1000000             
55                   2.25                 0.008999999999999999   1000                 1                    1000000             
56                   2.25                 0.008999999999999999   1000                 1                    1000000             
57                   2.25                 0.008999999999999999   1000                 1                    1000000             
58                   2.25                 0.008999999999999999   1000                 1                    1000000             
59                   2.25                 0.008999999999999999   1000                 1                    1000000             
60                   2.25                 0.008999999999999999   1000                 1                    1000000             
61                   2.25                 0.008999999999999999   1000                 1                    1000000             
62                   2.25                 0.008999999999999999   1000                 1                    1000000             
63                   2.25                 0.008999999999999999   1000                 1                    1000000             
64                   2.25                 0.008999999999999999   1000                 1                    1000000             
65                   2.25                 0.008999999999999999   1000                 1                    1000000             
66                   2.25                 0.008999999999999999   1000                 1                    1000000             
67                   2.25                 0.008999999999999999   1000                 1                    1000000             
68                   2.25                 0.008999999999999999   1000                 1                    1000000             
69                   2.25                 0.008999999999999999   1000                 1                    1000000             
70                   2.25                 0.008999999999999999   1000                 1                    1000000             
71                   2.25                 0.008999999999999999   1000                 1                    1000000             
72                   2.25                 0.008999999999999999   1000                 1                    1000000             
73                   2.25                 0.008999999999999999   1000                 1                    1000000             
74                   2.25                 0.008999999999999999   1000                 1                    1000000             
75                   2.25                 0.008999999999999999   1000                 1                    1000000             
76                   2.25                 0.008999999999999999   1000                 1                    1000000             
77                   2.25                 0.008999999999999999   1000                 1                    1000000             
78                   2.25                 0.008999999999999999   1000                 1                    1000000             
79                   2.25                 0.008999999999999999   1000                 1                    1000000             
80                   2.25                 0.008999999999999999   1000                 1                    1000000             
81                   2.25                 0.008999999999999999   1000                 1                    1000000             
82                   2.25                 0.008999999999999999   1000                 1                    1000000             
83                   2.25                 0.008999999999999999   1000                 1                    1000000             
84                   2.25                 0.008999999999999999   1000                 1                    1000000             
85                   2.25                 0.008999999999999999   1000                 1                    1000000             
86                   2.25                 0.008999999999999999   1000                 1                    1000000             
87                   2.25                 0.008999999999999999   1000                 1                    1000000             
88                   2.25                 0.008999999999999999   1000                 1                    1000000             
89                   2.25                 0.008999999999999999   1000                 1                    1000000             
90                   2.25                 0.008999999999999999   1000                 1                    1000000             
91                   2.25                 0.008999999999999999   1000                 1                    1000000             
92                   2.25                 0.008999999999999999   1000                 1                    1000000             
93                   2.25                 0.008999999999999999   1000                 1                    1000000             
94                   2.25                 0.008999999999999999   1000                 1                    1000000             
95                   2.25                 0.008999999999999999   1000                 1                    1000000             
96                   2.25                 0.008999999999999999   1000                 1                    1000000             
97                   2.25                 0.008999999999999999   1000                 1                    1000000             
98                   2.25                 0.008999999999999999   1000                 1                    1000000             
99                   2.25                 0.008999999999999999   1000                 1                    1000000             
100                  2.25                 0.008999999999999999   1000                 1                    1000000             
101                  2.25                 0.008999999999999999   1000                 1                    1000000             
102                  2.25                 0.008999999999999999   1000                 1                    1000000             
103                  2.25                 0.008999999999999999   1000                 1                    1000000             
104                  2.25                 0.008999999999999999   1000                 1                    1000000             
105                  2.25                 0.008999999999999999   1000                 1                    1000000             
106                  2.25                 0.008999999999999999   1000                 1                    1000000             
107                  2.25                 0.008999999999999999   1000                 1                    1000000             
108                  2.25                 0.008999999999999999   1000                 1                    1000000             
109                  2.25                 0.008999999999999999   1000                 1                    1000000             
110                  2.25                 0.008999999999999999   1000                 1                    1000000             
111                  2.25                 0.008999999999999999   1000                 1                    1000000             
112                  2.25                 0.008999999999999999   1000                 1                    1000000             
113                  2.25                 0.008999999999999999   1000                 1                    1000000             
114                  2.25                 0.008999999999999999   1000                 1                    1000000             
115                  2.25                 0.008999999999999999   1000                 1                    1000000             
116                  2.25                 0.008999999999999999   1000                 1                    1000000             
