# SourcePhotonFlux	NumberRaysSurvived	PercentageRaysSurvived	PhotonFlux	Bandwidth	HorizontalFocusFWHM	VerticalFocusFWHM
nan	1.000000000000000000e+05	1.000000000000000000e+02	nan	9.866687601661539020e-02	1.100459582351110271e-01	1.042591876986531385e-01
nan	1.000000000000000000e+05	1.000000000000000000e+02	nan	1.497862319487950344e-01	9.300686715795396242e-02	8.407730088957932058e-02
nan	1.000000000000000000e+05	1.000000000000000000e+02	nan	1.997369520975382784e-01	8.299138479001760826e-02	7.519662733780606290e-02
nan	1.000000000000000000e+05	1.000000000000000000e+02	nan	2.491505473431203654e-01	7.791358888801508398e-02	6.555807630001056485e-02
nan	1.000000000000000000e+05	1.000000000000000000e+02	nan	2.995451744350816625e-01	6.960166555683949818e-02	6.439118914947447592e-02
nan	1.000000000000000000e+05	1.000000000000000000e+02	nan	3.499349554098216686e-01	6.752731056240088292e-02	5.517560782363977595e-02
nan	1.000000000000000000e+05	1.000000000000000000e+02	nan	3.677846477883440768e-01	6.286422738423644296e-02	5.330658196837882723e-02
nan	1.000000000000000000e+05	1.000000000000000000e+02	nan	4.493247711072427819e-01	6.023426352205223100e-02	5.006538379421593410e-02
nan	1.000000000000000000e+05	1.000000000000000000e+02	nan	4.992935829306333062e-01	6.011138540300354355e-02	4.398297827743082727e-02
nan	1.000000000000000000e+05	1.000000000000000000e+02	nan	5.054238022573083189e-01	6.411694856195973569e-02	4.426458182974112726e-02
nan	1.000000000000000000e+05	1.000000000000000000e+02	nan	5.982474415492049502e-01	5.700013715640628309e-02	4.138855003020470991e-02
nan	1.000000000000000000e+05	1.000000000000000000e+02	nan	6.483278736390047925e-01	5.592143884252501890e-02	4.124001262676439683e-02
nan	1.000000000000000000e+05	1.000000000000000000e+02	nan	6.989363857221064791e-01	5.713530568156757750e-02	3.812939289675908172e-02
nan	1.000000000000000000e+05	1.000000000000000000e+02	nan	7.489473766046614855e-01	5.208773792588873575e-02	3.728659377400594943e-02
nan	1.000000000000000000e+05	1.000000000000000000e+02	nan	7.984445557393087256e-01	5.499968336518118450e-02	3.697482316263989849e-02
nan	1.000000000000000000e+05	1.000000000000000000e+02	nan	8.484955832648779506e-01	5.034220971417551621e-02	3.584668699971731154e-02
nan	1.000000000000000000e+05	1.000000000000000000e+02	nan	8.979596712634929645e-01	4.968651784021159423e-02	3.575615052796440180e-02
nan	1.000000000000000000e+05	1.000000000000000000e+02	nan	9.490315109112827940e-01	5.010693010593769703e-02	3.533335070478781093e-02
nan	1.000000000000000000e+05	1.000000000000000000e+02	nan	9.972397427294481531e-01	4.858181286409057886e-02	3.138001334904157169e-02
nan	1.000000000000000000e+05	1.000000000000000000e+02	nan	1.049111982059400816e+00	4.887866586422313919e-02	3.274212691851256796e-02
nan	1.000000000000000000e+05	1.000000000000000000e+02	nan	1.098005615939030122e+00	4.914579866557614030e-02	3.048737459090095428e-02
nan	1.000000000000000000e+05	1.000000000000000000e+02	nan	1.146966899744370494e+00	4.673890566885292169e-02	3.220036556867991728e-02
nan	1.000000000000000000e+05	1.000000000000000000e+02	nan	1.196852670237433358e+00	4.917239900580722134e-02	2.949919584124335165e-02
nan	1.000000000000000000e+05	1.000000000000000000e+02	nan	1.247863194613785254e+00	4.805802752604796529e-02	3.058142223686965630e-02
nan	1.000000000000000000e+05	1.000000000000000000e+02	nan	1.298707963499737161e+00	4.755083788334858036e-02	2.746928955016686089e-02
nan	1.000000000000000000e+05	1.000000000000000000e+02	nan	1.348640462074399693e+00	4.629095853148839507e-02	2.793523895327717360e-02
nan	1.000000000000000000e+05	1.000000000000000000e+02	nan	1.388161226427428119e+00	4.773690450104518118e-02	2.840480286492476358e-02
nan	1.000000000000000000e+05	1.000000000000000000e+02	nan	1.445462180818708475e+00	4.621759736471938579e-02	2.620084974769409936e-02
nan	1.000000000000000000e+05	1.000000000000000000e+02	nan	1.498220779342830156e+00	4.716795747674390471e-02	2.781996959732960240e-02
nan	1.000000000000000000e+05	1.000000000000000000e+02	nan	1.545316984749263156e+00	4.698001535683939828e-02	2.694027883498676529e-02
nan	1.000000000000000000e+05	1.000000000000000000e+02	nan	1.598387001598382540e+00	4.385204186720772362e-02	2.676414693408423612e-02
nan	1.000000000000000000e+05	1.000000000000000000e+02	nan	1.648521801330844028e+00	4.611691496213225772e-02	2.565442752527529943e-02
nan	1.000000000000000000e+05	1.000000000000000000e+02	nan	1.697762009100301839e+00	4.396601744704562581e-02	2.603104807592859782e-02
nan	1.000000000000000000e+05	1.000000000000000000e+02	nan	1.748960216026205217e+00	4.280072945609517815e-02	2.555579072988327025e-02
nan	1.000000000000000000e+05	1.000000000000000000e+02	nan	1.797337862584299728e+00	4.623957530946888606e-02	2.488023487188622401e-02
nan	1.000000000000000000e+05	1.000000000000000000e+02	nan	1.834335214428904237e+00	4.298860827325112766e-02	2.479683940950356755e-02
nan	1.000000000000000000e+05	1.000000000000000000e+02	nan	1.896531765416114013e+00	4.468744882442879374e-02	2.367925203493964625e-02
nan	1.000000000000000000e+05	1.000000000000000000e+02	nan	1.948112902613843289e+00	4.381771709978604656e-02	2.390907856416945101e-02
nan	1.000000000000000000e+05	1.000000000000000000e+02	nan	1.996418150193960628e+00	4.452195321955381563e-02	2.334396572157516891e-02
nan	1.000000000000000000e+05	1.000000000000000000e+02	nan	9.991646402646026104e-02	1.102854450717989238e-01	1.003093228230793610e-01
nan	1.000000000000000000e+05	1.000000000000000000e+02	nan	1.498327237325440819e-01	9.149434780234745601e-02	8.504199437718429344e-02
nan	1.000000000000000000e+05	1.000000000000000000e+02	nan	1.990062359620665688e-01	8.502845109361714671e-02	7.608369587323213223e-02
nan	1.000000000000000000e+05	1.000000000000000000e+02	nan	2.490021030167355320e-01	7.690534093404151339e-02	6.729015710880426049e-02
nan	1.000000000000000000e+05	1.000000000000000000e+02	nan	2.993395848422863992e-01	7.213118816128211153e-02	6.156722416487225846e-02
nan	1.000000000000000000e+05	1.000000000000000000e+02	nan	3.489536037726850282e-01	6.491833329974264211e-02	5.555079066940803861e-02
nan	1.000000000000000000e+05	1.000000000000000000e+02	nan	3.982626052184912169e-01	6.415018451842702252e-02	5.112838881673382324e-02
nan	1.000000000000000000e+05	1.000000000000000000e+02	nan	4.494110847315226920e-01	6.547591637325946012e-02	4.797501685984022213e-02
nan	1.000000000000000000e+05	1.000000000000000000e+02	nan	4.991839332819125730e-01	5.976778957990132313e-02	4.693154769306231988e-02
nan	1.000000000000000000e+05	1.000000000000000000e+02	nan	5.490218185262847328e-01	5.929411879959128190e-02	4.177347897438285496e-02
nan	1.000000000000000000e+05	1.000000000000000000e+02	nan	5.991123025157776283e-01	5.540250108895806991e-02	3.975658837197137280e-02
nan	1.000000000000000000e+05	1.000000000000000000e+02	nan	6.482533416352111999e-01	5.449493738279614224e-02	4.046180965270175511e-02
nan	1.000000000000000000e+05	1.000000000000000000e+02	nan	6.986579438224111982e-01	5.460683311470947848e-02	4.270584636161274539e-02
nan	1.000000000000000000e+05	1.000000000000000000e+02	nan	7.493245785982765028e-01	5.120332352872170034e-02	3.757280553191469363e-02
nan	1.000000000000000000e+05	1.000000000000000000e+02	nan	7.981618876222000836e-01	5.380821728226677092e-02	3.670252654012744198e-02
nan	1.000000000000000000e+05	1.000000000000000000e+02	nan	8.488082618926853229e-01	5.236052202585798204e-02	3.639688220962312287e-02
nan	1.000000000000000000e+05	1.000000000000000000e+02	nan	8.985922547544191730e-01	4.956262714783263301e-02	3.470249807746500492e-02
nan	1.000000000000000000e+05	1.000000000000000000e+02	nan	9.492204376557253909e-01	4.971558573849518825e-02	3.303288309242652376e-02
nan	1.000000000000000000e+05	1.000000000000000000e+02	nan	9.979629769060522904e-01	4.863823689413045853e-02	3.255343752458217388e-02
nan	1.000000000000000000e+05	1.000000000000000000e+02	nan	1.048995127835723906e+00	4.731581717768620216e-02	3.402797678457349789e-02
nan	1.000000000000000000e+05	1.000000000000000000e+02	nan	1.097445771573518414e+00	4.875838670980423006e-02	3.247785610254629723e-02
nan	1.000000000000000000e+05	1.000000000000000000e+02	nan	1.148681155975623369e+00	4.932256931633531571e-02	3.176298738142221273e-02
nan	1.000000000000000000e+05	1.000000000000000000e+02	nan	1.195657375826840507e+00	5.039563368094202023e-02	2.995247922130858317e-02
nan	1.000000000000000000e+05	1.000000000000000000e+02	nan	1.245943750794026528e+00	4.840019794544182102e-02	2.920352486778075851e-02
nan	1.000000000000000000e+05	1.000000000000000000e+02	nan	1.298626329954515768e+00	4.817736070895233674e-02	2.910198679847438366e-02
nan	1.000000000000000000e+05	1.000000000000000000e+02	nan	1.346220407237865402e+00	4.604792548566206262e-02	2.834732668549171802e-02
nan	1.000000000000000000e+05	1.000000000000000000e+02	nan	1.384235355000555501e+00	4.747885538877572725e-02	2.768999528680828742e-02
nan	1.000000000000000000e+05	1.000000000000000000e+02	nan	1.437280386718043701e+00	4.769139054080316631e-02	2.676568456748654179e-02
nan	1.000000000000000000e+05	1.000000000000000000e+02	nan	1.498636957783503476e+00	4.415458722531395708e-02	2.710172887997540012e-02
nan	1.000000000000000000e+05	1.000000000000000000e+02	nan	1.548258264556977792e+00	4.323539903592012179e-02	2.545274604446491271e-02
nan	1.000000000000000000e+05	1.000000000000000000e+02	nan	1.596214225417099897e+00	4.439599456492109020e-02	2.562488617046284126e-02
nan	1.000000000000000000e+05	1.000000000000000000e+02	nan	1.645019378330630389e+00	4.528533240763601975e-02	2.620370709057402020e-02
nan	1.000000000000000000e+05	1.000000000000000000e+02	nan	1.696258559298655655e+00	4.450213118631927284e-02	2.496381470597290944e-02
nan	1.000000000000000000e+05	1.000000000000000000e+02	nan	1.743680613322510453e+00	4.458375980329305766e-02	2.426153582448106402e-02
nan	1.000000000000000000e+05	1.000000000000000000e+02	nan	1.797592543854079850e+00	4.710377467446993927e-02	2.412105254339835109e-02
nan	1.000000000000000000e+05	1.000000000000000000e+02	nan	1.846450890006110512e+00	4.623167562219735599e-02	2.510793104058434144e-02
nan	1.000000000000000000e+05	1.000000000000000000e+02	nan	1.895116830832421329e+00	4.479247631919949790e-02	2.379745353475402891e-02
nan	1.000000000000000000e+05	1.000000000000000000e+02	nan	1.791802091589971724e+00	4.419977540500443641e-02	2.385590442091135854e-02
nan	1.000000000000000000e+05	1.000000000000000000e+02	nan	1.994518529384038175e+00	4.527429942890445064e-02	2.343107779493087614e-02
nan	1.000000000000000000e+05	1.000000000000000000e+02	nan	9.984268320443234757e-02	1.132844440321005841e-01	1.029025480344292059e-01
nan	1.000000000000000000e+05	1.000000000000000000e+02	nan	1.497349354771202457e-01	9.174711155801984486e-02	8.585094626305994625e-02
nan	1.000000000000000000e+05	1.000000000000000000e+02	nan	1.996817178262588754e-01	7.992102117271673856e-02	7.277088992799825296e-02
nan	1.000000000000000000e+05	1.000000000000000000e+02	nan	2.495668248555773516e-01	7.560377043745269976e-02	6.467221286496782628e-02
nan	1.000000000000000000e+05	1.000000000000000000e+02	nan	2.961977687755279476e-01	7.148716029866525323e-02	6.184568442398611504e-02
nan	1.000000000000000000e+05	1.000000000000000000e+02	nan	3.495519690054464945e-01	6.530456241668414208e-02	5.536646135431207844e-02
nan	1.000000000000000000e+05	1.000000000000000000e+02	nan	3.995798504070364743e-01	6.148638853236197688e-02	5.261780391160925802e-02
nan	1.000000000000000000e+05	1.000000000000000000e+02	nan	4.488384996603969057e-01	6.147283296858137291e-02	4.856962245552616519e-02
nan	1.000000000000000000e+05	1.000000000000000000e+02	nan	4.989971688049479326e-01	5.710013677508110619e-02	4.655168377097575888e-02
nan	1.000000000000000000e+05	1.000000000000000000e+02	nan	5.051409104026484131e-01	5.610719251463001933e-02	4.410228065734279890e-02
nan	1.000000000000000000e+05	1.000000000000000000e+02	nan	5.995861218546849614e-01	5.500650596660865838e-02	4.291878361598846364e-02
nan	1.000000000000000000e+05	1.000000000000000000e+02	nan	6.487855129449542346e-01	5.357594152877447058e-02	4.066301545549690782e-02
nan	1.000000000000000000e+05	1.000000000000000000e+02	nan	6.984150599521683489e-01	5.617707657017036171e-02	4.022314320148629579e-02
nan	1.000000000000000000e+05	1.000000000000000000e+02	nan	7.450177556204380380e-01	5.407991966588408805e-02	3.921845789820328776e-02
nan	1.000000000000000000e+05	1.000000000000000000e+02	nan	7.993707306252986200e-01	5.583476530287222184e-02	3.848421703635837576e-02
nan	1.000000000000000000e+05	1.000000000000000000e+02	nan	7.814193906905581022e-01	5.144519154474966327e-02	3.715039523333384108e-02
nan	1.000000000000000000e+05	1.000000000000000000e+02	nan	8.983807233445304519e-01	5.225815395051024159e-02	3.599320958842377322e-02
nan	1.000000000000000000e+05	1.000000000000000000e+02	nan	9.484859840498529593e-01	5.100781105738386861e-02	3.541930074181501298e-02
nan	1.000000000000000000e+05	1.000000000000000000e+02	nan	9.990378492899765206e-01	4.858764844368633484e-02	3.174427089948044650e-02
nan	1.000000000000000000e+05	1.000000000000000000e+02	nan	1.047716310556779717e+00	4.805904882644221332e-02	3.145517515709485984e-02
nan	1.000000000000000000e+05	1.000000000000000000e+02	nan	1.098087126309678752e+00	5.034075915973539039e-02	3.320610404241888108e-02
nan	1.000000000000000000e+05	1.000000000000000000e+02	nan	1.148260552136378010e+00	4.736335367722993572e-02	3.136187063983153500e-02
nan	1.000000000000000000e+05	1.000000000000000000e+02	nan	1.199279362106665303e+00	4.765727489056895139e-02	2.925656268621836670e-02
nan	1.000000000000000000e+05	1.000000000000000000e+02	nan	1.248229631388142025e+00	4.483848799797536533e-02	2.901511739506833915e-02
nan	1.000000000000000000e+05	1.000000000000000000e+02	nan	1.297847034074209205e+00	4.530040715744385743e-02	2.853933277159053511e-02
nan	1.000000000000000000e+05	1.000000000000000000e+02	nan	1.348215021683984105e+00	4.723465252431512107e-02	2.811359218239839475e-02
nan	1.000000000000000000e+05	1.000000000000000000e+02	nan	1.393596272335059894e+00	4.724068070209148928e-02	2.848715073278625109e-02
nan	1.000000000000000000e+05	1.000000000000000000e+02	nan	1.332577863523471295e+00	4.717330020332591300e-02	2.913243488959214172e-02
nan	1.000000000000000000e+05	1.000000000000000000e+02	nan	1.497693777238055191e+00	4.557110558878482015e-02	2.654876043930494423e-02
nan	1.000000000000000000e+05	1.000000000000000000e+02	nan	1.548951205509013107e+00	4.558227445499810765e-02	2.555542990174753878e-02
nan	1.000000000000000000e+05	1.000000000000000000e+02	nan	1.594819428900791536e+00	4.537879610778915163e-02	2.577068797605875858e-02
nan	1.000000000000000000e+05	1.000000000000000000e+02	nan	1.644904704755674629e+00	4.424356237521875901e-02	2.664409868769723050e-02
nan	1.000000000000000000e+05	1.000000000000000000e+02	nan	1.687798683620997053e+00	4.397345522069124463e-02	2.710557366463342902e-02
nan	1.000000000000000000e+05	1.000000000000000000e+02	nan	1.748218329336680199e+00	4.556035550842605503e-02	2.455117667376505164e-02
nan	1.000000000000000000e+05	1.000000000000000000e+02	nan	1.798387847356138991e+00	4.578622600642812124e-02	2.570994373035969532e-02
nan	1.000000000000000000e+05	1.000000000000000000e+02	nan	1.845721958104093119e+00	4.549297410670805064e-02	2.509693369491448195e-02
nan	1.000000000000000000e+05	1.000000000000000000e+02	nan	1.896879671567603509e+00	4.328404469324171472e-02	2.289520304036182785e-02
nan	1.000000000000000000e+05	1.000000000000000000e+02	nan	1.946205738430933252e+00	4.347791985696212308e-02	2.426830342842605653e-02
nan	1.000000000000000000e+05	1.000000000000000000e+02	nan	1.997102448794123575e+00	4.489777431767536658e-02	2.227785407190758377e-02
nan	1.000000000000000000e+05	1.000000000000000000e+02	nan	9.171244836896233488e-02	1.047703177383784851e-01	1.058540450761897844e-01
nan	1.000000000000000000e+05	1.000000000000000000e+02	nan	1.496077916456357570e-01	9.877911334089660433e-02	8.449769355962349904e-02
nan	1.000000000000000000e+05	1.000000000000000000e+02	nan	1.996618139339432219e-01	8.692904998826646301e-02	7.276558073982905550e-02
nan	1.000000000000000000e+05	1.000000000000000000e+02	nan	2.495806477115678490e-01	7.192360643851208879e-02	6.799220223452001610e-02
nan	1.000000000000000000e+05	1.000000000000000000e+02	nan	2.990494758214339299e-01	7.144095069636630102e-02	6.228677931286627500e-02
nan	1.000000000000000000e+05	1.000000000000000000e+02	nan	3.492819180841024718e-01	6.826944267156326296e-02	5.573862163530112629e-02
nan	1.000000000000000000e+05	1.000000000000000000e+02	nan	3.996194756563653527e-01	6.361915595968871406e-02	5.158299169279818158e-02
nan	1.000000000000000000e+05	1.000000000000000000e+02	nan	4.490659814207589307e-01	6.563877923822732108e-02	5.158918578068727445e-02
nan	1.000000000000000000e+05	1.000000000000000000e+02	nan	4.590191312689226866e-01	5.921946605006328523e-02	4.891730026540354326e-02
nan	1.000000000000000000e+05	1.000000000000000000e+02	nan	5.487926996428029724e-01	5.527271507123991678e-02	4.386109186719593100e-02
nan	1.000000000000000000e+05	1.000000000000000000e+02	nan	5.987689816223564776e-01	5.591124257483764959e-02	4.271340667655933870e-02
nan	1.000000000000000000e+05	1.000000000000000000e+02	nan	6.493129488002580274e-01	5.697893273861119601e-02	4.029446777323650308e-02
nan	1.000000000000000000e+05	1.000000000000000000e+02	nan	6.986484122910212591e-01	5.582935057027787334e-02	3.915474945559804798e-02
nan	1.000000000000000000e+05	1.000000000000000000e+02	nan	7.491490923630692578e-01	5.549693914931077415e-02	3.890758431714405607e-02
nan	1.000000000000000000e+05	1.000000000000000000e+02	nan	7.990469133368094390e-01	5.062768696055026246e-02	3.602936874911398524e-02
nan	1.000000000000000000e+05	1.000000000000000000e+02	nan	8.482262903642094898e-01	5.428512900764181914e-02	3.565762611073659827e-02
nan	1.000000000000000000e+05	1.000000000000000000e+02	nan	8.984648180768033399e-01	5.045186366512972864e-02	3.584364021863237215e-02
nan	1.000000000000000000e+05	1.000000000000000000e+02	nan	9.487544186839329541e-01	5.302143372730695053e-02	3.297656474074836530e-02
nan	1.000000000000000000e+05	1.000000000000000000e+02	nan	9.980921066944574704e-01	5.059148233192783950e-02	3.316889810884358913e-02
nan	1.000000000000000000e+05	1.000000000000000000e+02	nan	1.048250649412693747e+00	4.828938417051061721e-02	3.142177277052786433e-02
nan	1.000000000000000000e+05	1.000000000000000000e+02	nan	1.096931981286559221e+00	4.618788681299496046e-02	3.125254902541731855e-02
nan	1.000000000000000000e+05	1.000000000000000000e+02	nan	1.057610663511641347e+00	4.639531005221803062e-02	3.008904131468947626e-02
nan	1.000000000000000000e+05	1.000000000000000000e+02	nan	1.198949929453249297e+00	4.973005940512210954e-02	2.990429385276018731e-02
nan	1.000000000000000000e+05	1.000000000000000000e+02	nan	1.248516999870730615e+00	4.713152136598952602e-02	2.928719654187012314e-02
nan	1.000000000000000000e+05	1.000000000000000000e+02	nan	1.295610162012849287e+00	4.578603146542268437e-02	2.795041893203327812e-02
nan	1.000000000000000000e+05	1.000000000000000000e+02	nan	1.347879659104989969e+00	4.684345628834920422e-02	2.765931635309680503e-02
nan	1.000000000000000000e+05	1.000000000000000000e+02	nan	1.399205638840896881e+00	4.851490668111331506e-02	2.899414836023831571e-02
nan	1.000000000000000000e+05	1.000000000000000000e+02	nan	1.447817955977200199e+00	4.476793389627731906e-02	2.730536954734218494e-02
nan	1.000000000000000000e+05	1.000000000000000000e+02	nan	1.488596751748161751e+00	4.502468380685046428e-02	2.673157593247938238e-02
nan	1.000000000000000000e+05	1.000000000000000000e+02	nan	1.546293269042223528e+00	4.324707642604812274e-02	2.711001885508834697e-02
nan	1.000000000000000000e+05	1.000000000000000000e+02	nan	1.597763854863330835e+00	4.395639909830827141e-02	2.690226433449882659e-02
nan	1.000000000000000000e+05	1.000000000000000000e+02	nan	1.648507748646977689e+00	4.507465232836161545e-02	2.584047802185104534e-02
nan	1.000000000000000000e+05	1.000000000000000000e+02	nan	1.697036855845510672e+00	4.400393821095709146e-02	2.558364470469872559e-02
nan	1.000000000000000000e+05	1.000000000000000000e+02	nan	1.746958679563476835e+00	4.533114962264415265e-02	2.377889780952482587e-02
nan	1.000000000000000000e+05	1.000000000000000000e+02	nan	1.797553494245278216e+00	4.262801827562577583e-02	2.568872277388114730e-02
nan	1.000000000000000000e+05	1.000000000000000000e+02	nan	1.845421666006927808e+00	4.527723097618503723e-02	2.372066998544546806e-02
nan	1.000000000000000000e+05	1.000000000000000000e+02	nan	1.897691515617680125e+00	4.453639439603456623e-02	2.539045970828562870e-02
nan	1.000000000000000000e+05	1.000000000000000000e+02	nan	1.946732028358724165e+00	4.462689736837491955e-02	2.387012264152341134e-02
nan	1.000000000000000000e+05	1.000000000000000000e+02	nan	1.996505125364990363e+00	4.275215561570449435e-02	2.342866477822350135e-02
nan	1.000000000000000000e+05	1.000000000000000000e+02	nan	9.989601056445351901e-02	1.129773138361804402e-01	9.885463448769660211e-02
nan	1.000000000000000000e+05	1.000000000000000000e+02	nan	1.497326146364770239e-01	9.435687038727288978e-02	9.170595106938174423e-02
nan	1.000000000000000000e+05	1.000000000000000000e+02	nan	1.990497689774528567e-01	8.056111961948650424e-02	7.542124597694739585e-02
nan	1.000000000000000000e+05	1.000000000000000000e+02	nan	2.495220002465288189e-01	7.521586715794864597e-02	6.767008851989425589e-02
nan	1.000000000000000000e+05	1.000000000000000000e+02	nan	2.997213739930231213e-01	7.176238695577755178e-02	6.249288790242907982e-02
nan	1.000000000000000000e+05	1.000000000000000000e+02	nan	3.496698473024650866e-01	6.723746634275944156e-02	5.443280569994282669e-02
nan	1.000000000000000000e+05	1.000000000000000000e+02	nan	3.990545348678438131e-01	6.468453796089926322e-02	5.128196606129380164e-02
nan	1.000000000000000000e+05	1.000000000000000000e+02	nan	4.494362800330691243e-01	6.180422252185922838e-02	4.910592451990474644e-02
nan	1.000000000000000000e+05	1.000000000000000000e+02	nan	4.993599558295613861e-01	5.743828157172431448e-02	4.647971476191919971e-02
nan	1.000000000000000000e+05	1.000000000000000000e+02	nan	5.489528391520650530e-01	6.004531197354043281e-02	4.525613542663798478e-02
nan	1.000000000000000000e+05	1.000000000000000000e+02	nan	5.994463646826773129e-01	5.668591678337570744e-02	4.380383055979368556e-02
nan	1.000000000000000000e+05	1.000000000000000000e+02	nan	6.495061921662852455e-01	5.456493925660872713e-02	4.060024896070877493e-02
nan	1.000000000000000000e+05	1.000000000000000000e+02	nan	6.988591889296458248e-01	5.321462218346559303e-02	4.019391335486921513e-02
nan	1.000000000000000000e+05	1.000000000000000000e+02	nan	7.483949387350605775e-01	5.440021451916961931e-02	3.881161419793876383e-02
nan	1.000000000000000000e+05	1.000000000000000000e+02	nan	7.987527557512805743e-01	5.229569648427082051e-02	3.861530893683103038e-02
nan	1.000000000000000000e+05	1.000000000000000000e+02	nan	8.482468749627685156e-01	5.112568973709885611e-02	3.624285630557271681e-02
nan	1.000000000000000000e+05	1.000000000000000000e+02	nan	8.991168427036484445e-01	4.987415109020372495e-02	3.313597846243916678e-02
nan	1.000000000000000000e+05	1.000000000000000000e+02	nan	9.489935135674443245e-01	4.842083704862938653e-02	3.460838820837104646e-02
nan	1.000000000000000000e+05	1.000000000000000000e+02	nan	9.982409821411692974e-01	5.079201251755445512e-02	3.390565804623264790e-02
nan	1.000000000000000000e+05	1.000000000000000000e+02	nan	1.049361161100421214e+00	4.707726869497096123e-02	3.272030145378527349e-02
nan	1.000000000000000000e+05	1.000000000000000000e+02	nan	1.098245719615306371e+00	4.949040808975470329e-02	3.268702645641997917e-02
nan	1.000000000000000000e+05	1.000000000000000000e+02	nan	1.149409937961877404e+00	4.995961685274418612e-02	3.023480190395332057e-02
nan	1.000000000000000000e+05	1.000000000000000000e+02	nan	1.198596815352004796e+00	4.964581394075105736e-02	2.867435751672278363e-02
nan	1.000000000000000000e+05	1.000000000000000000e+02	nan	1.247998708247735067e+00	4.873864533842115626e-02	3.012455039653536004e-02
nan	1.000000000000000000e+05	1.000000000000000000e+02	nan	1.297835607660147161e+00	5.067845573761940725e-02	2.922785313039122368e-02
nan	1.000000000000000000e+05	1.000000000000000000e+02	nan	1.343158352738328176e+00	4.500531530439816352e-02	2.812487059332345954e-02
nan	1.000000000000000000e+05	1.000000000000000000e+02	nan	1.396784254702083672e+00	4.559513993193724246e-02	2.669254011138469385e-02
nan	1.000000000000000000e+05	1.000000000000000000e+02	nan	1.447278865261409919e+00	4.994959676921807701e-02	2.937579538989235420e-02
nan	1.000000000000000000e+05	1.000000000000000000e+02	nan	1.495180451334590543e+00	4.450799040575929150e-02	2.739183727724818149e-02
nan	1.000000000000000000e+05	1.000000000000000000e+02	nan	1.548724386374260575e+00	4.711826922919030297e-02	2.500077926512284804e-02
nan	1.000000000000000000e+05	1.000000000000000000e+02	nan	1.589883753318190429e+00	4.430413387939775849e-02	2.525799474050156868e-02
nan	1.000000000000000000e+05	1.000000000000000000e+02	nan	1.648756628147395986e+00	4.471400227636041641e-02	2.677025807027103022e-02
nan	1.000000000000000000e+05	1.000000000000000000e+02	nan	1.698383530402509223e+00	4.589237827680124615e-02	2.522297834717655840e-02
nan	1.000000000000000000e+05	1.000000000000000000e+02	nan	1.744389705101980326e+00	4.320844836153979462e-02	2.521680806163749747e-02
nan	1.000000000000000000e+05	1.000000000000000000e+02	nan	1.783166851252872220e+00	4.590063080202752555e-02	2.521373622420058219e-02
nan	1.000000000000000000e+05	1.000000000000000000e+02	nan	1.848077925704728841e+00	4.351068148744113850e-02	2.396046712087025743e-02
nan	1.000000000000000000e+05	1.000000000000000000e+02	nan	1.742021516924811220e+00	4.221960237342549382e-02	2.379103326197046231e-02
nan	1.000000000000000000e+05	1.000000000000000000e+02	nan	1.944845387198597564e+00	4.438690853490676047e-02	2.457795376006936469e-02
nan	1.000000000000000000e+05	1.000000000000000000e+02	nan	1.996886462218185443e+00	4.450617780349400143e-02	2.386679376477203809e-02
nan	1.000000000000000000e+05	1.000000000000000000e+02	nan	9.989392011081221767e-02	1.096454409532899299e-01	1.047453067318618869e-01
nan	1.000000000000000000e+05	1.000000000000000000e+02	nan	1.496500124868163084e-01	9.500651411630905985e-02	8.571122402538935980e-02
nan	1.000000000000000000e+05	1.000000000000000000e+02	nan	1.997705924713102377e-01	8.234472411518192758e-02	6.999606847466607884e-02
nan	1.000000000000000000e+05	1.000000000000000000e+02	nan	2.495884098586387267e-01	7.443337059117990928e-02	6.353435249885930336e-02
nan	1.000000000000000000e+05	1.000000000000000000e+02	nan	2.997496213022685652e-01	6.802171571424524277e-02	6.288277634073248523e-02
nan	1.000000000000000000e+05	1.000000000000000000e+02	nan	3.495695696283149800e-01	6.893519125716868201e-02	5.553595019179283221e-02
nan	1.000000000000000000e+05	1.000000000000000000e+02	nan	3.996160808918745033e-01	6.214015038601311547e-02	5.166755570444481194e-02
nan	1.000000000000000000e+05	1.000000000000000000e+02	nan	4.491584747177910231e-01	6.109085011259421383e-02	5.057475477424426547e-02
nan	1.000000000000000000e+05	1.000000000000000000e+02	nan	4.987800561782052000e-01	6.296329444587493718e-02	4.464158569445163954e-02
nan	1.000000000000000000e+05	1.000000000000000000e+02	nan	5.494714440966959046e-01	5.752538907239500288e-02	4.285173759049864389e-02
nan	1.000000000000000000e+05	1.000000000000000000e+02	nan	5.951913004471407476e-01	5.535205892546833650e-02	4.135740531034057255e-02
nan	1.000000000000000000e+05	1.000000000000000000e+02	nan	6.493058266101456866e-01	5.397638127319499823e-02	4.254753310235030728e-02
nan	1.000000000000000000e+05	1.000000000000000000e+02	nan	6.960825336090294968e-01	5.420391019550322570e-02	3.901965699711124058e-02
nan	1.000000000000000000e+05	1.000000000000000000e+02	nan	7.469715470243727395e-01	5.416741085225867947e-02	3.791611552856191669e-02
nan	1.000000000000000000e+05	1.000000000000000000e+02	nan	7.985257982606412952e-01	5.070525644773431206e-02	3.642066709574072469e-02
nan	1.000000000000000000e+05	1.000000000000000000e+02	nan	8.490608614760617456e-01	4.991806429575011694e-02	3.603836743409244425e-02
nan	1.000000000000000000e+05	1.000000000000000000e+02	nan	8.984659762023738949e-01	5.040786275032974745e-02	3.512370475617990206e-02
nan	1.000000000000000000e+05	1.000000000000000000e+02	nan	9.472231327192446315e-01	5.122331316816537694e-02	3.330088499908168131e-02
nan	1.000000000000000000e+05	1.000000000000000000e+02	nan	9.990906105008434679e-01	4.903982980234305317e-02	3.332335165826730977e-02
nan	1.000000000000000000e+05	1.000000000000000000e+02	nan	1.046248491108940470e+00	4.775656891620326527e-02	3.156579980795657520e-02
nan	1.000000000000000000e+05	1.000000000000000000e+02	nan	1.093085523050888241e+00	4.682620349582030522e-02	3.223731190800674384e-02
nan	1.000000000000000000e+05	1.000000000000000000e+02	nan	1.149626685160797024e+00	4.730798647266043488e-02	3.030796031995883211e-02
nan	1.000000000000000000e+05	1.000000000000000000e+02	nan	1.195805174351050937e+00	4.933933603767778897e-02	2.941622068864855818e-02
nan	1.000000000000000000e+05	1.000000000000000000e+02	nan	1.248287216704056846e+00	4.851609927211070206e-02	2.991577638395276351e-02
nan	1.000000000000000000e+05	1.000000000000000000e+02	nan	1.297509434655637506e+00	4.624678538495570479e-02	2.900607704022752781e-02
nan	1.000000000000000000e+05	1.000000000000000000e+02	nan	1.348458090934173015e+00	4.766779934949449959e-02	2.903351394295866986e-02
nan	1.000000000000000000e+05	1.000000000000000000e+02	nan	1.398791681142768084e+00	4.648202556352906689e-02	2.705407850294926433e-02
nan	1.000000000000000000e+05	1.000000000000000000e+02	nan	1.446477554404850707e+00	4.520354045563645951e-02	2.717465659544598261e-02
nan	1.000000000000000000e+05	1.000000000000000000e+02	nan	1.498754581224773119e+00	4.681109478680621494e-02	2.570833603194355027e-02
nan	1.000000000000000000e+05	1.000000000000000000e+02	nan	1.546470012474344458e+00	4.733339182613168633e-02	2.671535534467895170e-02
nan	1.000000000000000000e+05	1.000000000000000000e+02	nan	1.590353826114665026e+00	4.601156699796778854e-02	2.670513763288818315e-02
nan	1.000000000000000000e+05	1.000000000000000000e+02	nan	1.643144598338608375e+00	4.577015474418861390e-02	2.478484876559619923e-02
nan	1.000000000000000000e+05	1.000000000000000000e+02	nan	1.693966628476289316e+00	4.584081578992656170e-02	2.578884614879710727e-02
nan	1.000000000000000000e+05	1.000000000000000000e+02	nan	1.747954354936553045e+00	4.479942684142063092e-02	2.497593421945904987e-02
nan	1.000000000000000000e+05	1.000000000000000000e+02	nan	1.798053405156679219e+00	4.598839278318203605e-02	2.599569835749640512e-02
nan	1.000000000000000000e+05	1.000000000000000000e+02	nan	1.845385883701908369e+00	4.581368654884635655e-02	2.330050270657634676e-02
nan	1.000000000000000000e+05	1.000000000000000000e+02	nan	1.896207643896389072e+00	4.220459122025154580e-02	2.378542599099973953e-02
nan	1.000000000000000000e+05	1.000000000000000000e+02	nan	1.944151772981115300e+00	4.272124032129058502e-02	2.478614997093243899e-02
nan	1.000000000000000000e+05	1.000000000000000000e+02	nan	1.997349022942273677e+00	4.379065138327289247e-02	2.343608219436956255e-02
