# SourcePhotonFlux	NumberRaysSurvived	PercentageRaysSurvived	PhotonFlux	Bandwidth	HorizontalFocusFWHM	VerticalFocusFWHM
nan	4.703999999999999915e+01	4.703999999999999848e-02	nan	2.062846189406286677e-04	1.229365632310364456e-02	8.599522066843432334e-04
nan	9.803999999999999204e+01	9.804000000000000214e-02	nan	3.509683971776666827e-04	1.018552001477102467e-02	8.862425567266608416e-04
nan	1.485600000000000023e+02	1.485599999999999976e-01	nan	4.371364668457999978e-04	7.544603818104752765e-03	9.127707393315658349e-04
nan	1.740000000000000000e+02	1.739999999999999880e-01	nan	6.172073026903035281e-04	8.132513313293813703e-03	9.198565108935335705e-04
nan	1.394000000000000057e+02	1.393999999999999961e-01	nan	7.434460305853462505e-04	7.013050808288345817e-03	9.021382604998101195e-04
nan	9.923999999999999488e+01	9.923999999999999488e-02	nan	7.566718930331717101e-04	7.349556872918101662e-03	9.264139296869666881e-04
nan	8.707999999999999829e+01	8.708000000000000462e-02	nan	8.903695886351670977e-04	5.687338608805418520e-03	8.953110151640297342e-04
nan	8.107999999999999829e+01	8.107999999999998542e-02	nan	1.034723106419050851e-03	6.020140400011021915e-03	9.150415237620422105e-04
nan	8.956000000000000227e+01	8.956000000000001460e-02	nan	1.155707596959700814e-03	5.642815995203974595e-03	9.031756685336830414e-04
nan	9.467999999999999261e+01	9.468000000000000027e-02	nan	1.434297707505720635e-03	5.473695401715906843e-03	9.233029768746269569e-04
nan	9.656000000000000227e+01	9.656000000000000694e-02	nan	1.584251457707068923e-03	5.102825245657249820e-03	9.178219033426188948e-04
nan	9.979999999999999716e+01	9.979999999999999982e-02	nan	1.687925717315010617e-03	5.551718177845765649e-03	9.267224461209647634e-04
nan	1.006400000000000006e+02	1.006399999999999934e-01	nan	1.893588285777241366e-03	5.209156912869764532e-03	9.121028166138309481e-04
nan	1.052800000000000011e+02	1.052799999999999986e-01	nan	1.664269074547064606e-03	4.695752948280874917e-03	8.894825489568370519e-04
nan	1.167199999999999989e+02	1.167200000000000043e-01	nan	2.244960080902274301e-03	4.993968672387132622e-03	8.995913703961511826e-04
nan	1.182800000000000011e+02	1.182799999999999824e-01	nan	2.252859660904959951e-03	4.678803028448792409e-03	9.147074716214685045e-04
nan	1.270000000000000000e+02	1.270000000000000018e-01	nan	2.393430481106406660e-03	4.830329698647233341e-03	9.183268061236061434e-04
nan	1.278400000000000034e+02	1.278400000000000092e-01	nan	2.457961147254082018e-03	4.203686344975028459e-03	9.643274222496534941e-04
nan	1.346400000000000148e+02	1.346400000000000097e-01	nan	2.926474507773946243e-03	4.359457867989495125e-03	9.084591570532654908e-04
nan	1.296400000000000148e+02	1.296399999999999775e-01	nan	3.270523191004030741e-03	4.472835740358044494e-03	9.277820695285007293e-04
nan	1.358400000000000034e+02	1.358400000000000163e-01	nan	3.288875956245647467e-03	4.555529062966193025e-03	9.430334545995894399e-04
nan	1.394799999999999898e+02	1.394799999999999929e-01	nan	3.236932327999966254e-03	3.712518624070578789e-03	9.332993825898805223e-04
nan	1.455200000000000102e+02	1.455200000000000105e-01	nan	3.312089528703836185e-03	4.070063910155852227e-03	9.354561257715323860e-04
nan	1.495600000000000023e+02	1.495599999999999985e-01	nan	3.697452192413948433e-03	4.327435366596237877e-03	9.447100313080972547e-04
nan	1.529200000000000159e+02	1.529200000000000004e-01	nan	4.008864452707712467e-03	4.221814386323489640e-03	9.400003015686906726e-04
nan	1.596800000000000068e+02	1.596799999999999886e-01	nan	4.228558081226765214e-03	4.077021715681297329e-03	9.392251979942905799e-04
nan	1.630000000000000000e+02	1.630000000000000060e-01	nan	4.266027132030103357e-03	4.241691531851857384e-03	9.551248962404365866e-04
nan	1.606800000000000068e+02	1.606800000000000173e-01	nan	4.235386340874356358e-03	4.128503640067183664e-03	9.462389742608226951e-04
nan	1.712400000000000091e+02	1.712400000000000033e-01	nan	4.560645778301477410e-03	4.234559605877616026e-03	9.411313997945647486e-04
nan	1.723599999999999852e+02	1.723600000000000132e-01	nan	4.653630641169002186e-03	4.333697695554642598e-03	9.319288021425590259e-04
nan	1.825200000000000102e+02	1.825200000000000156e-01	nan	4.183440174824681716e-03	3.681655300572502041e-03	9.458954116531206446e-04
nan	1.921999999999999886e+02	1.922000000000000097e-01	nan	5.233901426390730020e-03	3.515277356603862570e-03	9.508626205087511701e-04
nan	1.908000000000000114e+02	1.907999999999999974e-01	nan	5.687838688636474849e-03	3.794207876967125616e-03	9.516939393364911692e-04
nan	1.962800000000000011e+02	1.962800000000000100e-01	nan	5.595518907621226286e-03	3.980224312159054770e-03	9.308771127734937617e-04
nan	2.030400000000000205e+02	2.030399999999999705e-01	nan	6.169458515787483097e-03	3.958888831143478511e-03	9.428055784283214183e-04
nan	2.110800000000000125e+02	2.110800000000000176e-01	nan	6.537342772594456966e-03	3.529823535668159644e-03	9.371149533152243550e-04
nan	2.100400000000000205e+02	2.100400000000000045e-01	nan	6.130540126705454583e-03	3.676106725362436080e-03	9.350735097127341753e-04
nan	2.185600000000000023e+02	2.185600000000000043e-01	nan	7.101402956454875952e-03	3.898662903721946456e-03	9.124747052699045758e-04
nan	2.220400000000000205e+02	2.220399999999999596e-01	nan	6.958942890132675980e-03	3.937858388303536704e-03	9.517852280851899719e-04
nan	2.269199999999999875e+02	2.269200000000000106e-01	nan	6.676394115720541214e-03	3.877493726077928336e-03	9.506045179379224441e-04
nan	2.242800000000000296e+02	2.242800000000000349e-01	nan	7.717104561088490577e-03	3.614473338585622204e-03	9.528228715392838633e-04
nan	2.378400000000000034e+02	2.378399999999999959e-01	nan	7.291074331305935630e-03	3.836497132055632833e-03	9.566586798052127607e-04
nan	2.297199999999999704e+02	2.297200000000000075e-01	nan	7.446251019628107384e-03	3.484515298051533202e-03	9.534322180168433363e-04
nan	2.414399999999999977e+02	2.414400000000000157e-01	nan	7.909958469863340863e-03	3.779919176314171236e-03	9.678519742969344045e-04
nan	2.439199999999999875e+02	2.439199999999999979e-01	nan	8.530837175640045358e-03	3.853818485081188065e-03	9.324697815380348156e-04
nan	2.497199999999999704e+02	2.497199999999999975e-01	nan	8.554306185797031642e-03	3.666808699493384789e-03	9.601911175410411323e-04
nan	2.519599999999999795e+02	2.519600000000000173e-01	nan	8.614506745252584544e-03	3.454878108828903123e-03	9.510701162616086706e-04
nan	2.524399999999999977e+02	2.524399999999999977e-01	nan	9.402974339845968782e-03	3.798305388021671301e-03	9.658840401142799233e-04
nan	2.570400000000000205e+02	2.570399999999999907e-01	nan	9.660490266960549896e-03	3.573048453701137099e-03	9.605306743048127455e-04
nan	2.542400000000000091e+02	2.542399999999999660e-01	nan	9.095387711222428090e-03	3.290116549650003944e-03	9.635729505642285633e-04
nan	2.623999999999999773e+02	2.623999999999999666e-01	nan	1.023698104221693918e-02	3.084685758945586703e-03	9.494355257978809217e-04
nan	2.646000000000000227e+02	2.646000000000000019e-01	nan	9.321993705880231643e-03	3.427907436277751775e-03	9.530372414216396271e-04
nan	2.694399999999999977e+02	2.694400000000000128e-01	nan	9.960375943855978229e-03	3.424440699410274437e-03	9.702551664157954775e-04
nan	2.635199999999999818e+02	2.635199999999999765e-01	nan	1.101293710658865152e-02	3.267555978417172047e-03	9.536504914336721905e-04
nan	2.667199999999999704e+02	2.667200000000000126e-01	nan	1.119848288014509315e-02	3.606291302580858556e-03	9.579710189774215835e-04
nan	2.693999999999999773e+02	2.693999999999999728e-01	nan	1.100297527207658339e-02	3.513041542365334668e-03	9.630833649382159259e-04
nan	2.673199999999999932e+02	2.673200000000000021e-01	nan	1.153204919604831902e-02	3.241826683703987692e-03	9.541561541170868804e-04
nan	2.676800000000000068e+02	2.676799999999999735e-01	nan	1.231852089495987478e-02	3.367223369000481997e-03	9.416834889256857615e-04
nan	2.698799999999999955e+02	2.698800000000000088e-01	nan	1.257754346703222892e-02	3.460072836847168185e-03	9.413094323363999528e-04
nan	2.748000000000000114e+02	2.748000000000000442e-01	nan	1.334001190400158597e-02	3.350834947552296626e-03	9.559986413923656553e-04
nan	2.736000000000000227e+02	2.735999999999999543e-01	nan	1.327816030025132966e-02	3.505172689258369105e-03	9.636565644981925655e-04
nan	2.780400000000000205e+02	2.780399999999999539e-01	nan	1.282852890219146613e-02	3.481946936503980353e-03	9.391732882015879896e-04
nan	2.717599999999999909e+02	2.717600000000000016e-01	nan	1.350787560295430012e-02	3.444221462461360787e-03	9.255187719224832474e-04
nan	2.718400000000000318e+02	2.718399999999999705e-01	nan	1.408558844761501061e-02	3.354265727422819400e-03	9.619198769533970428e-04
nan	2.718400000000000318e+02	2.718399999999999705e-01	nan	1.590480071775345755e-02	3.098142397227132607e-03	9.547661225737773131e-04
nan	2.715600000000000023e+02	2.715599999999999681e-01	nan	1.465075053086365917e-02	3.286812343275726054e-03	9.518973011046740146e-04
nan	2.630400000000000205e+02	2.630400000000000515e-01	nan	1.551731264065892880e-02	3.046665716232240233e-03	9.607741538257856193e-04
nan	2.692800000000000296e+02	2.692800000000000193e-01	nan	1.376959150333277593e-02	3.229850955520266464e-03	9.758453391646288149e-04
nan	2.609599999999999795e+02	2.609599999999999698e-01	nan	1.562691050123248687e-02	3.217194053200671342e-03	9.417920932259802105e-04
nan	2.554399999999999977e+02	2.554400000000000004e-01	nan	1.584124820105898765e-02	3.274320053522433716e-03	9.300360649715988179e-04
nan	2.491599999999999966e+02	2.491599999999999648e-01	nan	1.657519427641091295e-02	3.212464445839767393e-03	9.432546030026581468e-04
nan	2.456400000000000148e+02	2.456399999999999972e-01	nan	1.691793906225939198e-02	3.165429614696493345e-03	9.513064521777735930e-04
nan	2.374399999999999977e+02	2.374400000000000399e-01	nan	1.621417624117384507e-02	3.133363056571401763e-03	9.414345876025076660e-04
nan	2.314399999999999977e+02	2.314400000000000068e-01	nan	1.687902062392822658e-02	3.230572623181454054e-03	9.606839041135550091e-04
nan	2.193199999999999932e+02	2.193200000000000149e-01	nan	1.728448426739305488e-02	3.170490430276722005e-03	9.471277641641652955e-04
nan	2.141599999999999966e+02	2.141599999999999893e-01	nan	1.840347164427839563e-02	3.234612625942182192e-03	9.723565148428272914e-04
nan	1.955999999999999943e+02	1.955999999999999961e-01	nan	1.724858754023443977e-02	3.117317913391849226e-03	9.644686431201112114e-04
nan	1.786800000000000068e+02	1.786800000000000055e-01	nan	1.949269893474592924e-02	3.029589078000019704e-03	9.403291298331279205e-04
nan	1.608400000000000034e+02	1.608400000000000107e-01	nan	1.817357229248955236e-02	2.918837565923058062e-03	9.366749474740001602e-04
nan	1.328000000000000114e+02	1.328000000000000014e-01	nan	1.949525330035612597e-02	2.886109845711609667e-03	9.266697008342306835e-04
nan	1.038400000000000034e+02	1.038400000000000017e-01	nan	1.860985637144040028e-02	2.961505009004783591e-03	9.102325428498727689e-04
nan	6.628000000000000114e+01	6.627999999999999170e-02	nan	1.739728814216505090e-02	2.862541361339960688e-03	9.390934448870625218e-04
nan	6.279999999999999361e+00	6.279999999999999125e-03	nan	1.827909841602301522e-02	3.688352250413894692e-03	6.791716874055353861e-04
nan	2.551999999999999957e+01	2.551999999999999755e-02	nan	9.719701764112186472e-05	1.245431098378299746e-02	8.680393216488016973e-04
nan	5.764000000000000057e+01	5.763999999999998985e-02	nan	2.266023592898136767e-04	1.049784881550565319e-02	8.121133539890381097e-04
nan	8.928000000000000114e+01	8.927999999999999825e-02	nan	3.481737563924980220e-04	9.015598793983161871e-03	8.951387804378102640e-04
nan	1.049599999999999937e+02	1.049599999999999839e-01	nan	4.447885052235278874e-04	8.264978776203291827e-03	9.110557326284707182e-04
nan	7.940000000000000568e+01	7.939999999999999836e-02	nan	4.962340182180469909e-04	7.698822296416098394e-03	8.998374076131361804e-04
nan	4.623999999999999488e+01	4.623999999999999638e-02	nan	5.457686206784728884e-04	6.398560862989508165e-03	8.135622390975030685e-04
nan	3.760000000000000142e+01	3.760000000000000842e-02	nan	5.963301452027280469e-04	5.356518501547312579e-03	8.547733412780731538e-04
nan	3.464000000000000057e+01	3.464000000000000412e-02	nan	6.582302768276804533e-04	4.818099164700949226e-03	8.543838512459825656e-04
nan	3.851999999999999602e+01	3.852000000000000562e-02	nan	8.302553917371825265e-04	6.043039523003594475e-03	6.493693936443301409e-04
nan	4.167999999999999972e+01	4.168000000000000177e-02	nan	9.031426410774656428e-04	5.629328388736430482e-03	8.187576533284720865e-04
nan	4.276000000000000512e+01	4.275999999999999940e-02	nan	9.860486523643884234e-04	5.438978528693814117e-03	8.774424867871933242e-04
nan	4.267999999999999972e+01	4.267999999999999572e-02	nan	9.850351839577342356e-04	4.648519460909916398e-03	8.068923746480393972e-04
nan	4.392000000000000171e+01	4.392000000000000071e-02	nan	9.865576591164427339e-04	4.377181004266820358e-03	7.477838113784642188e-04
nan	4.767999999999999972e+01	4.768000000000000016e-02	nan	1.239234393403876398e-03	5.662895355772022341e-03	9.108297119926293947e-04
nan	5.071999999999999886e+01	5.072000000000000813e-02	nan	1.426546208385843627e-03	5.229945951565573466e-03	7.948911896195511159e-04
nan	5.412000000000000455e+01	5.411999999999998756e-02	nan	1.639652095632300162e-03	4.286953743630987981e-03	9.172721065060559370e-04
nan	5.932000000000000739e+01	5.932000000000000467e-02	nan	1.706020987462579953e-03	4.359253689623425639e-03	9.077559054371141722e-04
nan	5.912000000000000455e+01	5.911999999999999200e-02	nan	1.714002658625304095e-03	4.272771154300887900e-03	9.050896014469445288e-04
nan	6.235999999999999943e+01	6.235999999999999183e-02	nan	1.605998581151197886e-03	3.979613137123341228e-03	8.853842925047424517e-04
nan	6.279999999999999716e+01	6.279999999999999472e-02	nan	2.261427988937612238e-03	4.564994115350740414e-03	8.923764602017424455e-04
nan	5.620000000000000284e+01	5.620000000000000689e-02	nan	1.808516459554993915e-03	3.891848608121164371e-03	8.423881834504324834e-04
nan	6.187999999999999545e+01	6.188000000000000445e-02	nan	2.046909309328838987e-03	4.421860911567506922e-03	8.871027759815092650e-04
nan	6.379999999999999716e+01	6.379999999999999560e-02	nan	2.274077875667899519e-03	4.132033801484048634e-03	8.951970231242548180e-04
nan	6.843999999999999773e+01	6.843999999999998696e-02	nan	2.521822416047143738e-03	3.860007050865318402e-03	9.190521922645423494e-04
nan	7.307999999999999829e+01	7.308000000000000607e-02	nan	2.331126332328494789e-03	4.172517948296186954e-03	9.299159442092329525e-04
nan	7.140000000000000568e+01	7.140000000000000513e-02	nan	3.009615753203433858e-03	3.527281491008066403e-03	8.745536724416438446e-04
nan	7.520000000000000284e+01	7.520000000000000295e-02	nan	2.864445784798590449e-03	4.309044387295501814e-03	8.694989819369761900e-04
nan	7.187999999999999545e+01	7.187999999999998557e-02	nan	3.026828444139937572e-03	3.791755809255085204e-03	8.323575464761932222e-04
nan	7.759999999999999432e+01	7.760000000000000231e-02	nan	3.136663524396681064e-03	3.463267799430164336e-03	9.372803285164438367e-04
nan	7.735999999999999943e+01	7.735999999999999821e-02	nan	3.376982411000426561e-03	3.594058820954818684e-03	8.932758269644503835e-04
nan	7.835999999999999943e+01	7.836000000000001298e-02	nan	3.246572936313896294e-03	4.194589464809659815e-03	8.813352083764161831e-04
nan	8.376000000000000512e+01	8.376000000000001500e-02	nan	3.901697810265432418e-03	3.605251069511657136e-03	9.368437096572446729e-04
nan	8.712000000000000455e+01	8.712000000000000299e-02	nan	4.118932728288201076e-03	3.862015639939743450e-03	8.980982780790785960e-04
nan	8.776000000000000512e+01	8.775999999999999079e-02	nan	3.700282943459569200e-03	3.644735082255685411e-03	9.270845500651662702e-04
nan	9.076000000000000512e+01	9.076000000000000734e-02	nan	3.856989328073723473e-03	3.312320056323742653e-03	8.636157185664382081e-04
nan	8.656000000000000227e+01	8.655999999999999805e-02	nan	3.869140684846570592e-03	3.990997216317922376e-03	9.176318184118666208e-04
nan	8.671999999999999886e+01	8.672000000000000541e-02	nan	4.250750727851482398e-03	3.802997010850485242e-03	9.313193147201259420e-04
nan	9.171999999999999886e+01	9.171999999999999598e-02	nan	4.556916518326943263e-03	3.591903793718446893e-03	8.894157632487398801e-04
nan	9.207999999999999829e+01	9.208000000000000906e-02	nan	4.201939271556511674e-03	3.380748597074624377e-03	9.341864034813653333e-04
nan	9.279999999999999716e+01	9.279999999999999361e-02	nan	4.789326347799942492e-03	3.319843333062123727e-03	9.126557014409361060e-04
nan	9.332000000000000739e+01	9.331999999999998630e-02	nan	5.540047546774075869e-03	3.658767034609026417e-03	8.917159981380326852e-04
nan	9.487999999999999545e+01	9.487999999999999212e-02	nan	5.048576188301012735e-03	3.522464023701653377e-03	9.157196472774180307e-04
nan	9.715999999999999659e+01	9.716000000000001025e-02	nan	4.928993146322681838e-03	2.784748070347223790e-03	9.256850215778775984e-04
nan	9.467999999999999261e+01	9.468000000000000027e-02	nan	5.787574587930066801e-03	3.569582344213968923e-03	9.110380834360155573e-04
nan	9.576000000000000512e+01	9.575999999999999790e-02	nan	5.555677636239124070e-03	3.427082104794708199e-03	9.187884616095461868e-04
nan	9.571999999999999886e+01	9.571999999999999953e-02	nan	6.534950403838593949e-03	3.430875116489369263e-03	9.209182768618966435e-04
nan	8.815999999999999659e+01	8.816000000000000225e-02	nan	5.783128921211755542e-03	3.743237647174303684e-03	9.428072994745538126e-04
nan	9.200000000000000000e+01	9.199999999999999845e-02	nan	6.397820212841906669e-03	3.332387510735004225e-03	9.029898707692285160e-04
nan	9.332000000000000739e+01	9.332000000000000017e-02	nan	6.260749496459538758e-03	2.796312387332688942e-03	9.310360736481962602e-04
nan	9.000000000000000000e+01	8.999999999999999667e-02	nan	5.697273506593773969e-03	3.181595661770771598e-03	8.904060215612101190e-04
nan	8.556000000000000227e+01	8.556000000000001104e-02	nan	7.655605592717620866e-03	3.018911655321846691e-03	9.483604195269380172e-04
nan	8.332000000000000739e+01	8.331999999999999129e-02	nan	6.149949445898528211e-03	3.073654062553833957e-03	9.016473079273392213e-04
nan	8.359999999999999432e+01	8.359999999999999376e-02	nan	7.763635965111462603e-03	3.282740198408419605e-03	7.623639717777036138e-04
nan	7.587999999999999545e+01	7.587999999999998912e-02	nan	6.027722148228349848e-03	3.262263074421832467e-03	9.363293372638750982e-04
nan	7.867999999999999261e+01	7.867999999999999994e-02	nan	6.560795273426264611e-03	3.013588374095369903e-03	9.256076301450576107e-04
nan	7.423999999999999488e+01	7.424000000000000044e-02	nan	7.239111894432426024e-03	3.342820600656333518e-03	9.217761370023790785e-04
nan	7.207999999999999829e+01	7.207999999999999130e-02	nan	7.323694654378413819e-03	3.307020413742151142e-03	9.420972772524068267e-04
nan	6.887999999999999545e+01	6.887999999999999678e-02	nan	8.907622989354421761e-03	3.055242573711346773e-03	8.472143895611010389e-04
nan	6.723999999999999488e+01	6.723999999999999422e-02	nan	8.822993537878572740e-03	2.663069431257394058e-03	9.331405469302746702e-04
nan	6.183999999999999631e+01	6.184000000000000608e-02	nan	7.123634398203649090e-03	2.838377542223417642e-03	8.886428913361943405e-04
nan	6.096000000000000085e+01	6.096000000000000030e-02	nan	8.177066050484427598e-03	2.941684063080154347e-03	9.344033169991385187e-04
nan	5.407999999999999829e+01	5.407999999999999613e-02	nan	8.337758385832786528e-03	2.793086319835049684e-03	8.778479312480786095e-04
nan	5.223999999999999488e+01	5.223999999999999477e-02	nan	7.738272374253937769e-03	2.826761942093620247e-03	8.584100447078686896e-04
nan	5.060000000000000142e+01	5.059999999999999915e-02	nan	8.757260609309014052e-03	2.599116005555172047e-03	8.655817666231105118e-04
nan	4.511999999999999744e+01	4.511999999999999345e-02	nan	9.669739784103511399e-03	3.118691426423704331e-03	8.234431447426360457e-04
nan	4.207999999999999829e+01	4.207999999999999935e-02	nan	9.978794105800261813e-03	3.170125040502218099e-03	8.698695989471808086e-04
nan	3.843999999999999773e+01	3.844000000000000195e-02	nan	1.043321424715941241e-02	3.144070380727716392e-03	7.548214703732314965e-04
nan	3.620000000000000284e+01	3.619999999999999607e-02	nan	9.151726376385341949e-03	2.959104737284064691e-03	7.428921729457721662e-04
nan	3.300000000000000000e+01	3.300000000000000155e-02	nan	1.121145023445933517e-02	3.159366660927080683e-03	7.788514228611346721e-04
nan	3.279999999999999716e+01	3.280000000000000276e-02	nan	9.194578201231706771e-03	1.853927379650060310e-03	9.069598753881370204e-04
nan	2.860000000000000142e+01	2.859999999999999695e-02	nan	1.010266371875332032e-02	2.757390739334111916e-03	6.512457286733960935e-04
nan	2.619999999999999929e+01	2.620000000000000107e-02	nan	8.495862590534671369e-03	2.725591120839415595e-03	7.693279339761144265e-04
nan	2.639999999999999858e+01	2.639999999999999986e-02	nan	1.151992914001311909e-02	2.793559408007009835e-03	5.326000495616396669e-04
nan	2.371999999999999886e+01	2.371999999999999803e-02	nan	9.953082116844598481e-03	2.789330878797262846e-03	7.157135356330721673e-04
nan	2.267999999999999972e+01	2.267999999999999877e-02	nan	1.090955200558252347e-02	2.702025759873956986e-03	7.767953679887402204e-04
nan	2.203999999999999915e+01	2.203999999999999709e-02	nan	1.162988287053135818e-02	2.842654048032770050e-03	6.464552737311386570e-04
nan	1.783999999999999986e+01	1.783999999999999822e-02	nan	1.232564119645294595e-02	3.566667412484041642e-03	5.784083123258871402e-04
nan	1.551999999999999957e+01	1.552000000000000081e-02	nan	1.214557883030972611e-02	3.350433234703582841e-03	7.141424426537426205e-04
nan	1.248000000000000043e+01	1.247999999999999977e-02	nan	1.295354478223250186e-02	3.663878972697746320e-03	6.936658286689196097e-04
nan	9.559999999999998721e+00	9.559999999999999054e-03	nan	1.204016885298546911e-02	3.540630251198506780e-03	6.336195868844382703e-04
nan	7.000000000000000000e+00	7.000000000000001013e-03	nan	1.270744014452611717e-02	3.700045318921450777e-03	6.761045518651977084e-04
nan	4.200000000000000178e+00	4.199999999999999740e-03	nan	1.221102723010377734e-02	3.336745332809201107e-03	6.574457722000141011e-04
nan	1.119999999999999885e+00	1.119999999999999902e-03	nan	1.030224774081428887e-02	2.712559285139447014e-03	5.791573442522652149e-04
