# SourcePhotonFlux	NumberRaysSurvived	PercentageRaysSurvived	PhotonFlux	Bandwidth	HorizontalFocusFWHM	VerticalFocusFWHM
nan	2.850000000000000000e+01	2.850000000000000311e-01	nan	1.732864950861395022e-03	4.391013774999148744e-02	1.663790186556167710e-03
nan	2.300000000000000000e+01	2.299999999999999822e-01	nan	2.787713781936155405e-03	2.856028564598993985e-02	1.714457982176076541e-03
nan	7.750000000000000000e+00	7.749999999999998557e-02	nan	4.021412687326101666e-03	2.445992552765719266e-02	1.827853853997961050e-03
nan	1.125000000000000000e+01	1.125000000000000028e-01	nan	4.816236366644371762e-03	1.664200181465061087e-02	1.618644917813986950e-03
nan	1.175000000000000000e+01	1.174999999999999933e-01	nan	6.760539817723496860e-03	1.618093172418373291e-02	1.770141517802782021e-03
nan	1.975000000000000000e+01	1.975000000000000089e-01	nan	7.086263186026526412e-03	1.870994726899979574e-02	1.466719700666887800e-03
nan	2.075000000000000000e+01	2.074999999999999900e-01	nan	7.508889935934195091e-03	1.641388637912659723e-02	1.680645585559685951e-03
nan	2.425000000000000000e+01	2.424999999999999933e-01	nan	9.973906851387014105e-03	1.423096274279885172e-02	1.646821465758523898e-03
nan	2.975000000000000000e+01	2.974999999999999867e-01	nan	1.068814162612374483e-02	1.527894446240021797e-02	1.712198859096963986e-03
nan	2.525000000000000000e+01	2.525000000000000022e-01	nan	1.150385244670098887e-02	1.374976686803779796e-02	1.644991876865454540e-03
nan	2.675000000000000000e+01	2.675000000000000155e-01	nan	1.439479768517902894e-02	1.344925504436476731e-02	1.810613895049813325e-03
nan	3.400000000000000000e+01	3.400000000000000244e-01	nan	1.526486849685293988e-02	1.389124313796180447e-02	1.762278871087191029e-03
nan	3.750000000000000000e+01	3.750000000000000000e-01	nan	1.579256223808722312e-02	1.405701923255871233e-02	1.613970795538987278e-03
nan	4.125000000000000000e+01	4.124999999999999778e-01	nan	1.731563929794804890e-02	1.301366957138135050e-02	1.690790479432485857e-03
nan	3.550000000000000000e+01	3.549999999999999822e-01	nan	2.050301132757820222e-02	1.248413188625299361e-02	1.702206187643090247e-03
nan	4.800000000000000000e+01	4.799999999999999822e-01	nan	1.654816947707335451e-02	1.183785621261498715e-02	1.962295915996865783e-03
nan	4.150000000000000000e+01	4.150000000000000355e-01	nan	2.252441876239171317e-02	1.187418592052347233e-02	1.682034524842055019e-03
nan	4.450000000000000000e+01	4.449999999999999512e-01	nan	2.286278366261228559e-02	1.268486657029426271e-02	1.772506019853201413e-03
nan	4.275000000000000000e+01	4.274999999999999911e-01	nan	2.435571618818807571e-02	1.236796396114406109e-02	1.758219938129124832e-03
nan	4.700000000000000000e+01	4.699999999999999734e-01	nan	2.648691860407752924e-02	1.157399502295691079e-02	1.708125755813822344e-03
nan	4.725000000000000000e+01	4.725000000000000311e-01	nan	2.378857061271659468e-02	6.898884644323755901e-03	1.235198608847069834e-03
nan	4.700000000000000000e+01	4.699999999999999734e-01	nan	2.802061654047770939e-02	7.892032228672289651e-03	1.759941859520865615e-03
nan	4.200000000000000000e+01	4.200000000000000400e-01	nan	3.332136154327051958e-02	1.120534243540908387e-02	1.717135521682485897e-03
nan	4.725000000000000000e+01	4.725000000000000311e-01	nan	3.336934495322151084e-02	1.206496221525613435e-02	1.950549318607294183e-03
nan	3.750000000000000000e+01	3.750000000000000000e-01	nan	3.255279219468582008e-02	1.198977647996021974e-02	1.679130376557396408e-03
nan	3.725000000000000000e+01	3.725000000000000533e-01	nan	3.543285915810212572e-02	1.037787060161561581e-02	1.677400411530853130e-03
nan	3.550000000000000000e+01	3.549999999999999822e-01	nan	3.304557974165735212e-02	9.676820255079598976e-03	1.705504658354477319e-03
nan	3.125000000000000000e+01	3.125000000000000000e-01	nan	3.631614691903232300e-02	1.073200530352640819e-02	1.668242098191403261e-03
nan	3.000000000000000000e+01	2.999999999999999889e-01	nan	3.917000491309741150e-02	9.922857611031222352e-03	1.719059015945000306e-03
nan	2.500000000000000000e+01	2.500000000000000000e-01	nan	4.182382147641430792e-02	1.174297612591635245e-02	1.776277338314660292e-03
nan	1.900000000000000000e+01	1.900000000000000022e-01	nan	4.260844942716360273e-02	9.924598178153179462e-03	1.722334982571026773e-03
nan	2.050000000000000000e+01	2.050000000000000155e-01	nan	3.786088563023253667e-02	1.002135876630167940e-02	1.596165499078221976e-03
nan	1.600000000000000000e+01	1.600000000000000033e-01	nan	4.427760449640322227e-02	1.039097223488897812e-02	1.680401790354484753e-03
nan	1.600000000000000000e+01	1.599999999999999756e-01	nan	5.412093934449366955e-02	9.142519530076087184e-03	1.719067651821830356e-03
nan	1.650000000000000000e+01	1.649999999999999800e-01	nan	5.021799232130028101e-02	1.013023536269185010e-02	1.565158080145927742e-03
nan	1.275000000000000000e+01	1.275000000000000022e-01	nan	5.417913519284893453e-02	1.005443157285477659e-02	1.792090269109382870e-03
nan	1.000000000000000000e+01	1.000000000000000056e-01	nan	5.764568802801535441e-02	9.320979399785846858e-03	1.847798572179261108e-03
nan	9.500000000000000000e+00	9.500000000000000111e-02	nan	5.355563509569770397e-02	1.094476907801155731e-02	1.547403208524014175e-03
nan	6.750000000000000000e+00	6.750000000000000444e-02	nan	5.644088718177620034e-02	1.049671187905543493e-02	1.464682335691973487e-03
nan	2.050000000000000000e+01	2.049999999999999878e-01	nan	2.127281734314350175e-03	3.883908735855304967e-02	1.779753040225083918e-03
nan	2.300000000000000000e+01	2.299999999999999822e-01	nan	2.577306494589965032e-03	3.295031658167307809e-02	1.772193474055556127e-03
nan	1.000000000000000000e+01	1.000000000000000056e-01	nan	4.277911008942389057e-03	2.259288901391984239e-02	1.798875288755025659e-03
nan	1.200000000000000000e+01	1.199999999999999956e-01	nan	4.196204591186664112e-03	1.713758265406156722e-02	1.645113555539837787e-03
nan	1.450000000000000000e+01	1.450000000000000178e-01	nan	5.820218738996470187e-03	2.073772010131313959e-02	1.631382197494497550e-03
nan	1.675000000000000000e+01	1.674999999999999822e-01	nan	8.460579295786342657e-03	2.511857567869061475e-02	1.686792308015876152e-03
nan	1.700000000000000000e+01	1.699999999999999845e-01	nan	7.454384515262061847e-03	1.488423962540729936e-02	1.849422099384080915e-03
nan	2.225000000000000000e+01	2.224999999999999756e-01	nan	9.911760335938987060e-03	1.578897838441375295e-02	1.613326537183448978e-03
nan	3.250000000000000000e+01	3.250000000000000111e-01	nan	1.109035680506294599e-02	1.478268481678201782e-02	1.634394356381011024e-03
nan	3.175000000000000000e+01	3.175000000000000044e-01	nan	1.355229985418560795e-02	1.423648808750844694e-02	1.723609512166480312e-03
nan	2.800000000000000000e+01	2.800000000000000266e-01	nan	1.268579921370584056e-02	1.454540007226090212e-02	1.812844596273288211e-03
nan	3.750000000000000000e+01	3.750000000000000000e-01	nan	1.435424684763035585e-02	1.336417592483652231e-02	1.727931117048481409e-03
nan	3.500000000000000000e+01	3.499999999999999778e-01	nan	1.609490177851002207e-02	1.428580600178265894e-02	1.738563226056671039e-03
nan	4.075000000000000000e+01	4.074999999999999734e-01	nan	1.840165408559348015e-02	1.310184921885559212e-02	1.681933107998589711e-03
nan	4.175000000000000000e+01	4.174999999999999822e-01	nan	1.983151757800234727e-02	1.293057387283438192e-02	1.658478257740344814e-03
nan	4.425000000000000000e+01	4.425000000000000044e-01	nan	2.265573182459966473e-02	1.212251927558393241e-02	1.675612029115684408e-03
nan	4.375000000000000000e+01	4.375000000000000000e-01	nan	1.851345839061016921e-02	1.236526951282236608e-02	1.731272936518558729e-03
nan	5.100000000000000000e+01	5.100000000000000089e-01	nan	2.538434333472774224e-02	9.882841106340557735e-03	1.904689057105278180e-03
nan	4.675000000000000000e+01	4.675000000000000266e-01	nan	2.447049441313585427e-02	9.024724849713788508e-03	1.491313992401949867e-03
nan	4.950000000000000000e+01	4.949999999999999956e-01	nan	2.830428111946391156e-02	1.353618492218751010e-02	1.852350003700855164e-03
nan	5.200000000000000000e+01	5.200000000000000178e-01	nan	2.566684290729738527e-02	1.166047901323692508e-02	2.105927416334371551e-03
nan	5.000000000000000000e+01	5.000000000000000000e-01	nan	2.935361373231121229e-02	1.116411343283060277e-02	1.958612789679551984e-03
nan	4.400000000000000000e+01	4.400000000000000577e-01	nan	2.996263791617998287e-02	1.097687493853223215e-02	1.535382365804426313e-03
nan	4.100000000000000000e+01	4.100000000000000311e-01	nan	3.376935386565316222e-02	1.051617721023259504e-02	1.792505940565718202e-03
nan	4.225000000000000000e+01	4.224999999999999867e-01	nan	3.586505856260523151e-02	1.165008303240578497e-02	1.846511423531205665e-03
nan	3.850000000000000000e+01	3.850000000000000089e-01	nan	3.753621284246501377e-02	1.110107890189595062e-02	1.725761604121567577e-03
nan	3.375000000000000000e+01	3.375000000000000222e-01	nan	3.263604225074405452e-02	1.026382720834717252e-02	1.660925274070575858e-03
nan	3.025000000000000000e+01	3.024999999999999911e-01	nan	3.664201503842002411e-02	1.133393246274687349e-02	1.630411927560796413e-03
nan	3.200000000000000000e+01	3.200000000000000067e-01	nan	3.897881719500424780e-02	1.021121739559539832e-02	1.629090104363393934e-03
nan	2.950000000000000000e+01	2.949999999999999845e-01	nan	4.341877954213761021e-02	1.010341152037184942e-02	1.729283332198610496e-03
nan	2.150000000000000000e+01	2.150000000000000244e-01	nan	4.694675611454086905e-02	1.042467815188517430e-02	1.857318207452924143e-03
nan	2.400000000000000000e+01	2.399999999999999911e-01	nan	3.948965734677303829e-02	1.075215936834046301e-02	1.676422636309576539e-03
nan	1.850000000000000000e+01	1.849999999999999978e-01	nan	4.922979491704452398e-02	1.005966869437239022e-02	1.793589847198005490e-03
nan	1.400000000000000000e+01	1.400000000000000133e-01	nan	5.138710758179498850e-02	9.214411724922842717e-03	1.584873052450898540e-03
nan	1.425000000000000000e+01	1.425000000000000155e-01	nan	4.771806880556341002e-02	9.637458755011617251e-03	1.510229620363011263e-03
nan	1.625000000000000000e+01	1.624999999999999778e-01	nan	5.783659699283342365e-02	9.821196051666430601e-03	1.806216491973461780e-03
nan	1.050000000000000000e+01	1.050000000000000100e-01	nan	5.461596261389532747e-02	9.806990700745796263e-03	1.698001234625165414e-03
nan	1.075000000000000000e+01	1.075000000000000122e-01	nan	4.358318488947539315e-02	9.913618237728866883e-03	1.692350306402672132e-03
nan	1.150000000000000000e+01	1.150000000000000050e-01	nan	6.001224903662692733e-02	8.546267079580126963e-03	1.694616740825059852e-03
nan	1.175000000000000000e+01	1.174999999999999933e-01	nan	1.787646622735849589e-03	3.406237610628577717e-02	8.891819381020040197e-04
nan	1.200000000000000000e+01	1.199999999999999956e-01	nan	2.447917987712463876e-03	3.291916797427964225e-02	8.347206631114991457e-04
nan	5.500000000000000000e+00	5.499999999999999334e-02	nan	3.090278658364819381e-03	2.197192254724541355e-02	1.000855337138870137e-03
nan	7.000000000000000000e+00	6.999999999999999278e-02	nan	5.682611271611260999e-03	2.896072131868164187e-02	7.852484163942356071e-04
nan	6.250000000000000000e+00	6.250000000000000000e-02	nan	6.275871897427653598e-03	1.739398463202930858e-02	9.639261751789173112e-04
nan	5.000000000000000000e+00	5.000000000000000278e-02	nan	6.252461399179842783e-03	1.561014061642636633e-02	5.952270005828917384e-04
nan	1.025000000000000000e+01	1.024999999999999939e-01	nan	8.506258929373303190e-03	1.422313063099351488e-02	8.669819433870893256e-04
nan	1.200000000000000000e+01	1.199999999999999956e-01	nan	8.903673303226916635e-03	1.427033016600810778e-02	8.094134898712306405e-04
nan	1.225000000000000000e+01	1.224999999999999978e-01	nan	9.192986685254115817e-03	1.464677530182926374e-02	8.909713045255036141e-04
nan	1.225000000000000000e+01	1.224999999999999978e-01	nan	9.877357678352721021e-03	1.220457596720515327e-02	8.366910295366932707e-04
nan	1.750000000000000000e+01	1.749999999999999889e-01	nan	1.131272839635653893e-02	1.408519915257609029e-02	8.547153403145803675e-04
nan	1.500000000000000000e+01	1.499999999999999944e-01	nan	1.227382922854859844e-02	1.450473532825714146e-02	7.214376327424333298e-04
nan	2.350000000000000000e+01	2.349999999999999867e-01	nan	1.752364678406820656e-02	1.361619816229116611e-02	9.209652733036390948e-04
nan	1.500000000000000000e+01	1.499999999999999944e-01	nan	1.862371013895709054e-02	1.310385163915226553e-02	8.325343185716540910e-04
nan	2.300000000000000000e+01	2.299999999999999822e-01	nan	1.723894198179260276e-02	1.361694859797485044e-02	7.716648759879088685e-04
nan	1.800000000000000000e+01	1.799999999999999933e-01	nan	1.430030465003005041e-02	1.201589223924148624e-02	8.735823429363935013e-04
nan	2.375000000000000000e+01	2.374999999999999889e-01	nan	1.645619034846753856e-02	1.120921066806574058e-02	8.223892256127745323e-04
nan	2.425000000000000000e+01	2.424999999999999933e-01	nan	2.133993838294728079e-02	1.273372579913387842e-02	8.564075165903640204e-04
nan	2.625000000000000000e+01	2.624999999999999556e-01	nan	2.181093343098922804e-02	1.183551419920300142e-02	8.403685865974997154e-04
nan	2.250000000000000000e+01	2.249999999999999778e-01	nan	1.996673073619905509e-02	1.209995834422315265e-02	9.164994831420769997e-04
nan	2.275000000000000000e+01	2.275000000000000078e-01	nan	2.064983053139092181e-02	1.185041542315736982e-02	8.274399247291103600e-04
nan	2.525000000000000000e+01	2.525000000000000022e-01	nan	2.182488213727036205e-02	1.210793442716232016e-02	8.864788783092568186e-04
nan	2.275000000000000000e+01	2.274999999999999800e-01	nan	2.092864633632062626e-02	1.208935598011220622e-02	7.702538783951010538e-04
nan	2.125000000000000000e+01	2.124999999999999944e-01	nan	2.785704363011024323e-02	1.017345755948811763e-02	7.803757883838504262e-04
nan	2.275000000000000000e+01	2.274999999999999800e-01	nan	2.711476341372171667e-02	9.420515312613914755e-03	8.682914346113241276e-04
nan	1.900000000000000000e+01	1.900000000000000022e-01	nan	2.729967752888386862e-02	9.202585455451814389e-03	8.664637141817372289e-04
nan	1.675000000000000000e+01	1.675000000000000100e-01	nan	2.922172383559829695e-02	1.166621275362995230e-02	7.847832466257223917e-04
nan	1.775000000000000000e+01	1.774999999999999911e-01	nan	2.987275365618217299e-02	9.725391418981861255e-03	8.065151112354891887e-04
nan	1.625000000000000000e+01	1.624999999999999778e-01	nan	2.891481608474531784e-02	1.013469724927469964e-02	8.703930196744574972e-04
nan	1.400000000000000000e+01	1.399999999999999856e-01	nan	2.852235332655915501e-02	9.590235054016594055e-03	9.344036715776098123e-04
nan	1.700000000000000000e+01	1.700000000000000122e-01	nan	3.225962016437308039e-02	9.858012675384645110e-03	8.147138993770041901e-04
nan	1.150000000000000000e+01	1.149999999999999911e-01	nan	2.999873945984326065e-02	1.029759954047913817e-02	8.138273928578918740e-04
nan	8.500000000000000000e+00	8.499999999999999223e-02	nan	3.684123613140180553e-02	9.439465190724924751e-03	9.293939839488482178e-04
nan	7.250000000000000000e+00	7.250000000000000888e-02	nan	3.441976700437899411e-02	8.926191301982966397e-03	8.006075943517531983e-04
nan	6.250000000000000000e+00	6.250000000000000000e-02	nan	3.660968450663210083e-02	8.748159481222282652e-03	7.409190413963963329e-04
nan	5.750000000000000000e+00	5.750000000000000250e-02	nan	3.941573117837281898e-02	8.253002473608715348e-03	8.284921487634186931e-04
nan	7.000000000000000000e+00	7.000000000000000666e-02	nan	3.968802037896744517e-02	1.145838853685769015e-02	7.496124807445045130e-04
nan	6.500000000000000000e+00	6.500000000000000222e-02	nan	3.668553578803283172e-02	9.720589010072371722e-03	7.416416449692306073e-04
nan	4.250000000000000000e+00	4.249999999999999611e-02	nan	4.055478662548291091e-02	1.002419261920597764e-02	7.016549739697359317e-04
