# SourcePhotonFlux	NumberRaysSurvived	PercentageRaysSurvived	PhotonFlux	Bandwidth	HorizontalFocusFWHM	VerticalFocusFWHM
nan	1.173000000000000000e+03	1.173000000000000043e+00	nan	3.102285181789454782e-03	9.913348386612268193e-02	4.124269626021442869e-03
nan	1.537250000000000000e+03	1.537250000000000227e+00	nan	5.083110719503736163e-03	8.928716508373503447e-02	4.198793899920853258e-03
nan	1.826750000000000000e+03	1.826750000000000096e+00	nan	6.995677167815017583e-03	9.262859644393910130e-02	4.174509930128843596e-03
nan	2.016500000000000000e+03	2.016500000000000181e+00	nan	8.575507623667988355e-03	8.421541368668131189e-02	4.202386506420773167e-03
nan	2.286500000000000000e+03	2.286500000000000199e+00	nan	1.163516098372952001e-02	8.503364722673228959e-02	4.225876031949611297e-03
nan	2.401500000000000000e+03	2.401499999999999968e+00	nan	1.301939445610855728e-02	8.511903630067266247e-02	4.330393930308769346e-03
nan	2.606750000000000000e+03	2.606749999999999901e+00	nan	1.620094323639875711e-02	8.137165970711585095e-02	4.221269186493846991e-03
nan	2.782250000000000000e+03	2.782249999999999890e+00	nan	1.953153378627803249e-02	8.310695109711578599e-02	4.248265034204590750e-03
nan	2.915000000000000000e+03	2.914999999999999591e+00	nan	1.969323747411522163e-02	8.068810012071667148e-02	4.273557677742034246e-03
nan	3.061750000000000000e+03	3.061749999999999972e+00	nan	2.213529491115195924e-02	7.964835590234264906e-02	4.214012808488059106e-03
nan	3.195000000000000000e+03	3.194999999999999840e+00	nan	2.638333711701079665e-02	8.445515900406236343e-02	4.257381953075293352e-03
nan	3.307500000000000000e+03	3.307500000000000107e+00	nan	2.796316722981373459e-02	8.684049916625229126e-02	4.350432716104688999e-03
nan	3.447750000000000000e+03	3.447750000000000092e+00	nan	2.861768034503597846e-02	8.005773097723756226e-02	4.300449931591746044e-03
nan	3.571500000000000000e+03	3.571499999999999897e+00	nan	3.181526012156155048e-02	8.171423895654386649e-02	4.336592139028459976e-03
nan	3.653250000000000000e+03	3.653249999999999886e+00	nan	3.773113115391879546e-02	8.074117884552717284e-02	4.303213695249955874e-03
nan	3.821500000000000000e+03	3.821499999999999897e+00	nan	3.918975974761451653e-02	8.247045274155601069e-02	4.289588587115786972e-03
nan	3.904250000000000000e+03	3.904250000000000220e+00	nan	4.035562352470378755e-02	8.490370218152791526e-02	4.317806215509256695e-03
nan	4.047000000000000000e+03	4.046999999999999709e+00	nan	4.542135389550594482e-02	7.963496127456157203e-02	4.293471295399236415e-03
nan	4.151500000000000000e+03	4.151500000000000412e+00	nan	5.030029418281856124e-02	8.246976130257603621e-02	4.296952132368934106e-03
nan	4.265500000000000000e+03	4.265499999999999403e+00	nan	5.269608360379152145e-02	7.970265997291203774e-02	4.229136540408814579e-03
nan	4.355000000000000000e+03	4.355000000000000426e+00	nan	5.131191477681795732e-02	7.769706160066583434e-02	4.315330079010900287e-03
nan	4.428000000000000000e+03	4.427999999999999936e+00	nan	5.536084590750078860e-02	7.655427602592840275e-02	4.313131247507514913e-03
nan	4.519500000000000000e+03	4.519500000000000739e+00	nan	6.192336284715338479e-02	8.096893844200148127e-02	4.341540611602918986e-03
nan	4.604750000000000000e+03	4.604750000000001009e+00	nan	6.522935166623256009e-02	7.909680856907362612e-02	4.275844396696933114e-03
nan	4.719000000000000000e+03	4.718999999999999417e+00	nan	6.463627808091132465e-02	8.124637407928667066e-02	4.271773688732936544e-03
nan	4.824750000000000000e+03	4.824749999999999872e+00	nan	6.901969936950536066e-02	7.962179838376418073e-02	4.286558151721560871e-03
nan	4.909500000000000000e+03	4.909500000000000419e+00	nan	7.256077953371686817e-02	7.878696340018497002e-02	4.318964295908764295e-03
nan	5.030750000000000000e+03	5.030750000000000277e+00	nan	7.996133332784438608e-02	7.987359013902334270e-02	4.334358364749229912e-03
nan	5.074500000000000000e+03	5.074499999999999567e+00	nan	8.319999127417077034e-02	8.130017249936227763e-02	4.272138335784447100e-03
nan	5.121250000000000000e+03	5.121249999999999858e+00	nan	8.812044757667081285e-02	7.751974234592864943e-02	4.286225373117600462e-03
nan	5.240250000000000000e+03	5.240249999999999631e+00	nan	8.938136056093526349e-02	8.419843885183711518e-02	4.279909044752654851e-03
nan	5.291750000000000000e+03	5.291750000000000398e+00	nan	9.339917286416721254e-02	8.324517028252773065e-02	4.261199143345356655e-03
nan	5.408750000000000000e+03	5.408749999999999503e+00	nan	1.000790622959470966e-01	8.478168840941475992e-02	4.359968790319513482e-03
nan	5.505500000000000000e+03	5.505499999999999616e+00	nan	1.021844216135718852e-01	8.083155405924230541e-02	4.416137779119229737e-03
nan	5.604000000000000000e+03	5.603999999999999204e+00	nan	1.009382260234019668e-01	7.959515888603936606e-02	4.374390545246714668e-03
nan	5.552000000000000000e+03	5.551999999999999602e+00	nan	1.114518607364516356e-01	7.886708307215947733e-02	4.372646272181941914e-03
nan	5.750000000000000000e+03	5.750000000000000000e+00	nan	1.114508235594939833e-01	8.222695280780285831e-02	4.437870134907351792e-03
nan	5.776500000000000000e+03	5.776500000000000412e+00	nan	1.216371567511487228e-01	8.163326348471344751e-02	4.347620698310068581e-03
nan	5.867000000000000000e+03	5.866999999999999993e+00	nan	1.271790356422002333e-01	8.249606876281484480e-02	4.387460600605170777e-03
nan	9.927500000000000000e+02	9.927500000000000213e-01	nan	3.107224848854173160e-03	8.142209910781859905e-02	3.461963335317919457e-03
nan	1.279000000000000000e+03	1.278999999999999915e+00	nan	5.050024449012369132e-03	8.739566801860190748e-02	3.489387170009239370e-03
nan	1.467750000000000000e+03	1.467749999999999888e+00	nan	6.503488538548651832e-03	8.517568061169605853e-02	3.557663074261548271e-03
nan	1.674000000000000000e+03	1.674000000000000155e+00	nan	9.316537661298696094e-03	8.421743775419636424e-02	3.486024627686374125e-03
nan	1.854250000000000000e+03	1.854249999999999954e+00	nan	1.057848147492279622e-02	8.204592500526142196e-02	3.516124874855855974e-03
nan	2.001500000000000000e+03	2.001500000000000057e+00	nan	1.307927208590342616e-02	7.852692240975600591e-02	3.500409955917042903e-03
nan	2.136750000000000000e+03	2.136750000000000149e+00	nan	1.418640974556240053e-02	8.267541379018009118e-02	3.548489943320159556e-03
nan	2.307750000000000000e+03	2.307749999999999968e+00	nan	1.725636683313780395e-02	8.275314626779248228e-02	3.477385676748971470e-03
nan	2.489250000000000000e+03	2.489249999999999741e+00	nan	1.971505603262357909e-02	7.901276795964050359e-02	3.607566422291611820e-03
nan	2.550250000000000000e+03	2.550250000000000128e+00	nan	2.162461957161099235e-02	8.008759709943835681e-02	3.550071939890080391e-03
nan	2.642000000000000000e+03	2.641999999999999904e+00	nan	2.530344595157885124e-02	7.296909381619257062e-02	3.552549434162312336e-03
nan	2.797000000000000000e+03	2.797000000000000153e+00	nan	2.713373628932913562e-02	7.683815345910567640e-02	3.574006601815854327e-03
nan	2.892000000000000000e+03	2.892000000000000348e+00	nan	3.061405990175103398e-02	8.291836725722070978e-02	3.581938617807718401e-03
nan	3.015500000000000000e+03	3.015499999999999847e+00	nan	3.168555991243238168e-02	8.253533325345230320e-02	3.605366933620326488e-03
nan	3.120250000000000000e+03	3.120249999999999968e+00	nan	3.369835733377612996e-02	8.361366677219644883e-02	3.538134262089401467e-03
nan	3.189750000000000000e+03	3.189750000000000085e+00	nan	3.627013829679981427e-02	7.934622672582380964e-02	3.568683852095974520e-03
nan	3.218750000000000000e+03	3.218750000000000000e+00	nan	4.227445556591646891e-02	8.148896033680341766e-02	3.546733715821784056e-03
nan	3.380000000000000000e+03	3.380000000000000338e+00	nan	4.247256032894597411e-02	8.212667968352099779e-02	3.577147329146284586e-03
nan	3.456500000000000000e+03	3.456500000000000128e+00	nan	4.755179585433211287e-02	8.070311419298753508e-02	3.571201191398411419e-03
nan	3.529000000000000000e+03	3.529000000000000359e+00	nan	4.934246297324307307e-02	8.046876398836624866e-02	3.546350893006341813e-03
nan	3.703500000000000000e+03	3.703500000000000014e+00	nan	5.145770073005451195e-02	7.947601337960974455e-02	3.607920923990393016e-03
nan	3.735750000000000000e+03	3.735749999999999904e+00	nan	5.487742656526961582e-02	8.432336353132699469e-02	3.628383199423048169e-03
nan	3.771250000000000000e+03	3.771250000000000213e+00	nan	5.742102599862164425e-02	7.969093635374582818e-02	3.592441228800252219e-03
nan	3.824750000000000000e+03	3.824749999999999872e+00	nan	5.932245256826718105e-02	7.743658187682161964e-02	3.575562868856951675e-03
nan	3.912000000000000000e+03	3.911999999999999922e+00	nan	6.347014019263497175e-02	8.424884128234999547e-02	3.582748667715398780e-03
nan	4.027750000000000000e+03	4.027750000000000163e+00	nan	6.445438642879253166e-02	8.285020652877649050e-02	3.576491475869279530e-03
nan	4.064750000000000000e+03	4.064750000000000085e+00	nan	7.270993435497530299e-02	8.084048261121920542e-02	3.580562686712420242e-03
nan	4.141750000000000000e+03	4.141750000000000043e+00	nan	7.470167525747228865e-02	7.548100593680867609e-02	3.584349255791547794e-03
nan	4.238250000000000000e+03	4.238249999999999851e+00	nan	7.690681074677740980e-02	8.067451106982032050e-02	3.638885415056740836e-03
nan	4.245000000000000000e+03	4.245000000000000995e+00	nan	7.571329991679931481e-02	8.050735181992769995e-02	3.605155023580365603e-03
nan	4.371000000000000000e+03	4.371000000000000441e+00	nan	8.258247799761875285e-02	8.250500090249920926e-02	3.560110984122805827e-03
nan	4.477500000000000000e+03	4.477500000000000036e+00	nan	8.479743437328579603e-02	7.996892818412391912e-02	3.611059705879237237e-03
nan	4.478000000000000000e+03	4.477999999999999758e+00	nan	9.210994117137261128e-02	7.529259088651743537e-02	3.591215723282207162e-03
nan	4.536500000000000000e+03	4.536500000000000199e+00	nan	9.512511335583440086e-02	7.870024753291848807e-02	3.622382293246243640e-03
nan	4.614000000000000000e+03	4.613999999999999879e+00	nan	9.872735371578755803e-02	8.163078539436406655e-02	3.515825377146309608e-03
nan	4.626500000000000000e+03	4.626500000000000057e+00	nan	1.024228905424706682e-01	8.595465913799002489e-02	3.569383131941266264e-03
nan	4.774000000000000000e+03	4.774000000000000021e+00	nan	1.086806370013277956e-01	7.983225912538481628e-02	3.551677484048560828e-03
nan	4.773250000000000000e+03	4.773249999999999993e+00	nan	1.076606414844150095e-01	7.814354790203290047e-02	3.619927752250885929e-03
nan	4.912250000000000000e+03	4.912250000000000227e+00	nan	1.173950971196404680e-01	8.190001061441118391e-02	3.612901394351570455e-03
nan	7.900000000000000000e+02	7.900000000000000355e-01	nan	3.472125383908064578e-03	9.102108894820304386e-02	2.674530599796183256e-03
nan	9.725000000000000000e+02	9.724999999999999201e-01	nan	4.935454292443353097e-03	8.994113264152417409e-02	2.716042216396507593e-03
nan	1.160000000000000000e+03	1.160000000000000142e+00	nan	7.217826003476091046e-03	9.051415377377754201e-02	2.769034637756621897e-03
nan	1.315500000000000000e+03	1.315500000000000114e+00	nan	9.208646031311218394e-03	8.807725781953225364e-02	2.755879249860070275e-03
nan	1.472500000000000000e+03	1.472500000000000142e+00	nan	1.067952559958484926e-02	8.154414621784698836e-02	2.852877669074594096e-03
nan	1.567000000000000000e+03	1.566999999999999948e+00	nan	1.223048209844534995e-02	8.681372957526087286e-02	2.757569378066840934e-03
nan	1.725000000000000000e+03	1.724999999999999867e+00	nan	1.452956342433253667e-02	8.836994940391518227e-02	2.835068251198189903e-03
nan	1.826250000000000000e+03	1.826249999999999929e+00	nan	1.752072026195605758e-02	8.611769352552565981e-02	2.825141956937128693e-03
nan	1.929500000000000000e+03	1.929499999999999993e+00	nan	1.898049313041383357e-02	7.706722382182494557e-02	2.817999016178812481e-03
nan	2.046500000000000000e+03	2.046499999999999986e+00	nan	2.011849718462599412e-02	8.986255675274805454e-02	2.829571879038605270e-03
nan	2.127500000000000000e+03	2.127499999999999947e+00	nan	2.509799912922971998e-02	8.441368255453177150e-02	2.827243714270263279e-03
nan	2.252250000000000000e+03	2.252250000000000085e+00	nan	2.317884136857628619e-02	8.757669816777507998e-02	2.851040521117047949e-03
nan	2.303750000000000000e+03	2.303749999999999964e+00	nan	2.834163064008521360e-02	8.184695147254204828e-02	2.863481936181642810e-03
nan	2.380750000000000000e+03	2.380749999999999922e+00	nan	3.405642016753063217e-02	8.551928755728713250e-02	2.847387291946370559e-03
nan	2.470000000000000000e+03	2.470000000000000195e+00	nan	3.245481665805982630e-02	8.054937944964513097e-02	2.814665051092021288e-03
nan	2.490500000000000000e+03	2.490499999999999936e+00	nan	3.687271927645952019e-02	8.307438542291478711e-02	2.849727360106506929e-03
nan	2.647250000000000000e+03	2.647250000000000103e+00	nan	4.038972147236563615e-02	8.132895826323291444e-02	2.906467571290185983e-03
nan	2.719750000000000000e+03	2.719749999999999890e+00	nan	4.133087255223699685e-02	8.153476548033070093e-02	2.867738906873890537e-03
nan	2.772000000000000000e+03	2.771999999999999797e+00	nan	4.226413973518106104e-02	8.056882424805580922e-02	2.850796338148079041e-03
nan	2.858000000000000000e+03	2.857999999999999652e+00	nan	4.410827924493787577e-02	8.025043638797171863e-02	2.898368946258446724e-03
nan	2.886000000000000000e+03	2.885999999999999677e+00	nan	4.902015687230232288e-02	7.987517733667272302e-02	2.886832107007249182e-03
nan	2.978250000000000000e+03	2.978250000000000064e+00	nan	5.184135422854296849e-02	8.478251277016152221e-02	2.847666573112231283e-03
nan	2.992000000000000000e+03	2.991999999999999993e+00	nan	5.365362643976823165e-02	7.638606181066721901e-02	2.857927562836651107e-03
nan	3.078500000000000000e+03	3.078500000000000014e+00	nan	6.026653297857365033e-02	7.783320258714759854e-02	2.852750916749837752e-03
nan	3.165500000000000000e+03	3.165500000000000647e+00	nan	6.200025100156381086e-02	8.542215001628655768e-02	2.861714524370585593e-03
nan	3.187750000000000000e+03	3.187749999999999861e+00	nan	6.200006484630193881e-02	7.934342164758059757e-02	2.862121180630610752e-03
nan	3.235250000000000000e+03	3.235249999999999737e+00	nan	6.442589008292998187e-02	8.361794211270293098e-02	2.857786796830995030e-03
nan	3.329750000000000000e+03	3.329750000000000210e+00	nan	6.394495881369266499e-02	7.857796400861336017e-02	2.877121824165749381e-03
nan	3.364750000000000000e+03	3.364750000000000352e+00	nan	7.178214697165685720e-02	8.229652735038994749e-02	2.882661923072349797e-03
nan	3.467000000000000000e+03	3.467000000000000526e+00	nan	7.433285147465085174e-02	7.839729657601077206e-02	2.869877223599595715e-03
nan	3.545750000000000000e+03	3.545749999999999957e+00	nan	7.353999181395920459e-02	7.745635137826699379e-02	2.865515590382131106e-03
nan	3.520750000000000000e+03	3.520749999999999602e+00	nan	8.189947982754119948e-02	8.027195906979420204e-02	2.836483425246500659e-03
nan	3.660250000000000000e+03	3.660249999999999559e+00	nan	7.873042737480773212e-02	7.574381139069263913e-02	2.819999848414932175e-03
nan	3.689750000000000000e+03	3.689750000000000085e+00	nan	9.137085257464150345e-02	8.124898003532540769e-02	2.856342887728224693e-03
nan	3.702500000000000000e+03	3.702499999999999680e+00	nan	9.146079595501532822e-02	8.161190482093705345e-02	2.840004592702283226e-03
nan	3.689750000000000000e+03	3.689750000000000085e+00	nan	9.607954521169403961e-02	8.014521883197039953e-02	2.902305937778730527e-03
nan	3.801250000000000000e+03	3.801250000000000018e+00	nan	9.550686999591562198e-02	7.845434172410983842e-02	2.884223457982179953e-03
nan	3.829000000000000000e+03	3.829000000000000181e+00	nan	1.032349501692237936e-01	8.420480494015125661e-02	2.849160570976535037e-03
nan	3.868250000000000000e+03	3.868249999999999744e+00	nan	1.023639345942797263e-01	8.343509597721569804e-02	2.867675335671084329e-03
nan	6.222500000000000000e+02	6.222499999999999698e-01	nan	2.981994323281611514e-03	9.635959641271643616e-02	2.134880544565497321e-03
nan	8.260000000000000000e+02	8.260000000000000675e-01	nan	4.735837707350754044e-03	8.261495990305901815e-02	2.223628257681553241e-03
nan	9.697500000000000000e+02	9.697500000000001119e-01	nan	6.795681524138785790e-03	9.141752095347149831e-02	2.292973024387146182e-03
nan	1.145750000000000000e+03	1.145750000000000046e+00	nan	8.823975496220270998e-03	8.320697444366059736e-02	2.307644243454130741e-03
nan	1.224250000000000000e+03	1.224250000000000060e+00	nan	1.043551461849290263e-02	8.103132412890012848e-02	2.376132685370860309e-03
nan	1.338500000000000000e+03	1.338500000000000023e+00	nan	1.230233348221076994e-02	7.840503236077514537e-02	2.308517625986713367e-03
nan	1.428250000000000000e+03	1.428250000000000020e+00	nan	1.431599692679697000e-02	7.801693046700872158e-02	2.338353104837126439e-03
nan	1.511000000000000000e+03	1.511000000000000121e+00	nan	1.601205183898457562e-02	7.629407252325751121e-02	2.393487449733961141e-03
nan	1.605750000000000000e+03	1.605750000000000011e+00	nan	1.869159865429992351e-02	8.127661345684346339e-02	2.335412636773930278e-03
nan	1.717500000000000000e+03	1.717500000000000027e+00	nan	2.039423170177201428e-02	8.723658900576539144e-02	2.327043720841737856e-03
nan	1.791000000000000000e+03	1.790999999999999925e+00	nan	2.232584028698170187e-02	8.150486530700062904e-02	2.325178382557082160e-03
nan	1.873750000000000000e+03	1.873750000000000027e+00	nan	2.744574984671999118e-02	7.815013327267562870e-02	2.344909844173014967e-03
nan	1.918000000000000000e+03	1.918000000000000149e+00	nan	2.615256729069415087e-02	7.767150960017038530e-02	2.337339184101958848e-03
nan	1.985250000000000000e+03	1.985249999999999959e+00	nan	2.900612690012849271e-02	8.172844690560396308e-02	2.313035563161067870e-03
nan	2.059750000000000000e+03	2.059750000000000192e+00	nan	3.029161390801959897e-02	8.381999560525386916e-02	2.386716186349229548e-03
nan	2.122000000000000000e+03	2.121999999999999886e+00	nan	3.429771765871691969e-02	7.619342833163873785e-02	2.400340627310949652e-03
nan	2.217000000000000000e+03	2.216999999999999638e+00	nan	3.772375906333991225e-02	8.432722540389714361e-02	2.376725579568755940e-03
nan	2.238500000000000000e+03	2.238500000000000156e+00	nan	3.865536464462593358e-02	8.061151537917879417e-02	2.375404069328792070e-03
nan	2.290000000000000000e+03	2.290000000000000036e+00	nan	4.407107404122712069e-02	7.989743653170289228e-02	2.365854589838478107e-03
nan	2.369750000000000000e+03	2.369750000000000245e+00	nan	4.446553758560867209e-02	8.500038345582089372e-02	2.340305611828122009e-03
nan	2.413250000000000000e+03	2.413250000000000117e+00	nan	4.583824091946553381e-02	7.853232057438024050e-02	2.392545367857371128e-03
nan	2.438750000000000000e+03	2.438749999999999751e+00	nan	4.750603463151037431e-02	7.843818355749435089e-02	2.362021229476531266e-03
nan	2.537000000000000000e+03	2.536999999999999922e+00	nan	5.195465073518334975e-02	8.541468766968246529e-02	2.358151308591756052e-03
nan	2.604750000000000000e+03	2.604750000000000121e+00	nan	5.465371012144260021e-02	7.811012670704317595e-02	2.374505313134300452e-03
nan	2.621750000000000000e+03	2.621750000000000025e+00	nan	5.703820922087743384e-02	8.191338630463182446e-02	2.371036786294517321e-03
nan	2.681000000000000000e+03	2.681000000000000050e+00	nan	6.104442989379776918e-02	8.324181426898399905e-02	2.394917231429070231e-03
nan	2.697250000000000000e+03	2.697249999999999481e+00	nan	6.292837878720547451e-02	8.157780238854984989e-02	2.368209647521171690e-03
nan	2.747250000000000000e+03	2.747249999999999748e+00	nan	6.735525348869941809e-02	7.929419468661058623e-02	2.377813716291244522e-03
nan	2.808250000000000000e+03	2.808250000000000135e+00	nan	6.968824736435408340e-02	7.976704292074121572e-02	2.413929090839465278e-03
nan	2.889750000000000000e+03	2.889750000000000263e+00	nan	7.508140963392406775e-02	8.039225332051147532e-02	2.417876751710931141e-03
nan	2.885750000000000000e+03	2.885749999999999815e+00	nan	7.591231570222589653e-02	7.618532831796595572e-02	2.406286375691420350e-03
nan	2.940750000000000000e+03	2.940749999999999975e+00	nan	7.568437375329040151e-02	8.101634631461027136e-02	2.377745664943628923e-03
nan	3.069250000000000000e+03	3.069249999999999812e+00	nan	7.311637996042463783e-02	7.819288380583964970e-02	2.405213266739312725e-03
nan	3.086750000000000000e+03	3.086750000000000327e+00	nan	7.887485619477274668e-02	8.158911585468434091e-02	2.405296794049607226e-03
nan	3.062500000000000000e+03	3.062500000000000000e+00	nan	8.269552310156313979e-02	8.172939371957230192e-02	2.397473000045993383e-03
nan	3.137250000000000000e+03	3.137249999999999872e+00	nan	8.897559418232958706e-02	7.987126147156016487e-02	2.386677150876140383e-03
nan	3.164500000000000000e+03	3.164500000000000313e+00	nan	9.143825555582907327e-02	8.244779561802684231e-02	2.383780805448420907e-03
nan	3.228750000000000000e+03	3.228749999999999787e+00	nan	9.608880693656374206e-02	7.820725637833636501e-02	2.394113470403193625e-03
nan	3.261750000000000000e+03	3.261750000000000149e+00	nan	9.650514465789683527e-02	7.899725938820026383e-02	2.379222908951769168e-03
nan	4.475000000000000000e+02	4.475000000000000089e-01	nan	3.191427733188589855e-03	9.245018248758385404e-02	1.694172341126440546e-03
nan	6.670000000000000000e+02	6.670000000000000373e-01	nan	5.054479306679127149e-03	8.860859086403675977e-02	1.798164110851108123e-03
nan	7.335000000000000000e+02	7.334999999999999298e-01	nan	7.197772152196080242e-03	7.838840838547797563e-02	1.758456958568121184e-03
nan	8.497500000000000000e+02	8.497500000000000053e-01	nan	8.581335412074508895e-03	8.181565927702794117e-02	1.844731987203588035e-03
nan	9.555000000000000000e+02	9.554999999999999050e-01	nan	1.181142051188999176e-02	7.720313721333568746e-02	1.795130302091107154e-03
nan	1.061750000000000000e+03	1.061750000000000194e+00	nan	1.267160127331123931e-02	8.969075004249359162e-02	1.848081122228953854e-03
nan	1.136750000000000000e+03	1.136749999999999927e+00	nan	1.435345605025872828e-02	8.368545946698385807e-02	1.890016845476925455e-03
nan	1.212250000000000000e+03	1.212250000000000050e+00	nan	1.638323905090999233e-02	8.249130721556890977e-02	1.898776467301943041e-03
nan	1.268500000000000000e+03	1.268499999999999961e+00	nan	1.958110431064596924e-02	8.522731348284375008e-02	1.858623593835930952e-03
nan	1.384500000000000000e+03	1.384500000000000064e+00	nan	1.862247126555871546e-02	8.153255656056271339e-02	1.896833931800601634e-03
nan	1.442000000000000000e+03	1.442000000000000171e+00	nan	2.094527568871740186e-02	7.898708016311235813e-02	1.847431106186719863e-03
nan	1.458000000000000000e+03	1.458000000000000185e+00	nan	2.588677902792824170e-02	8.081878547625968856e-02	1.894101047077989108e-03
nan	1.544000000000000000e+03	1.544000000000000039e+00	nan	2.901599505261742706e-02	7.758666113847172141e-02	1.901517802563205267e-03
nan	1.569000000000000000e+03	1.568999999999999950e+00	nan	2.822693216774041503e-02	8.031691529772982951e-02	1.859845487715119754e-03
nan	1.671000000000000000e+03	1.671000000000000041e+00	nan	3.346037402934598504e-02	8.807406630164396621e-02	1.866781305031427933e-03
nan	1.696500000000000000e+03	1.696499999999999897e+00	nan	3.744339286473064021e-02	7.808133189134902619e-02	1.890671706317224778e-03
nan	1.733000000000000000e+03	1.733000000000000096e+00	nan	3.721536560399840710e-02	7.760114648471837240e-02	1.872361451920932437e-03
nan	1.787500000000000000e+03	1.787499999999999867e+00	nan	3.878208200521271465e-02	8.373107021641659764e-02	1.925606802660908938e-03
nan	1.841500000000000000e+03	1.841499999999999915e+00	nan	3.900327972604600291e-02	8.156265199455979553e-02	1.882612257774472211e-03
nan	1.906250000000000000e+03	1.906250000000000000e+00	nan	4.132156459240832191e-02	7.823418978476563701e-02	1.893124735629079722e-03
nan	1.933000000000000000e+03	1.932999999999999829e+00	nan	4.154083897736882136e-02	8.320611181166631676e-02	1.906488948956258644e-03
nan	1.975000000000000000e+03	1.974999999999999867e+00	nan	4.844413854738149894e-02	7.728116091147327338e-02	1.896305822463161851e-03
nan	2.000250000000000000e+03	2.000249999999999861e+00	nan	5.369322871877102443e-02	8.367311087849686746e-02	1.881083076799812577e-03
nan	2.039500000000000000e+03	2.039500000000000313e+00	nan	5.116945862260990907e-02	7.998734858587461249e-02	1.915157267200002806e-03
nan	2.106500000000000000e+03	2.106500000000000039e+00	nan	5.984927329365063997e-02	7.494182902671010782e-02	1.906702960637589143e-03
nan	2.144500000000000000e+03	2.144499999999999851e+00	nan	5.517046549442738979e-02	7.407334116244110311e-02	1.906608642226358206e-03
nan	2.192750000000000000e+03	2.192749999999999755e+00	nan	6.034590570430964362e-02	8.390290176421644208e-02	1.895399829807143657e-03
nan	2.184000000000000000e+03	2.184000000000000163e+00	nan	6.330920766453118631e-02	7.556573045374068154e-02	1.917810967756960333e-03
nan	2.264750000000000000e+03	2.264750000000000263e+00	nan	6.344376062997980625e-02	8.235137480531322385e-02	1.915375375544951233e-03
nan	2.277750000000000000e+03	2.277749999999999719e+00	nan	6.864532159244163267e-02	7.896232823876705997e-02	1.942606823630585108e-03
nan	2.331750000000000000e+03	2.331749999999999545e+00	nan	7.359601827278083874e-02	7.241475275679515322e-02	1.886400142104997573e-03
nan	2.390750000000000000e+03	2.390749999999999709e+00	nan	7.773214951447471321e-02	8.216423774545440761e-02	1.909386265449554594e-03
nan	2.427750000000000000e+03	2.427750000000000075e+00	nan	8.547944189035661111e-02	8.147087064810601409e-02	1.904311629830314750e-03
nan	2.415000000000000000e+03	2.415000000000000036e+00	nan	7.894214174802982598e-02	8.325405333271923558e-02	1.881704728124004118e-03
nan	2.478750000000000000e+03	2.478749999999999787e+00	nan	8.777136898783055585e-02	8.245603204499704630e-02	1.893678950251724948e-03
nan	2.491250000000000000e+03	2.491249999999999964e+00	nan	8.867262438184297935e-02	7.254146775814443449e-02	1.892604782786720848e-03
nan	2.517500000000000000e+03	2.517500000000000071e+00	nan	9.322526827293131646e-02	7.694638084345303830e-02	1.905317368274391139e-03
nan	2.572250000000000000e+03	2.572249999999999925e+00	nan	9.879026349034347732e-02	7.741010127303195321e-02	1.905649541013365762e-03
nan	2.646500000000000000e+03	2.646500000000000075e+00	nan	9.787813362498809511e-02	7.681835266791427197e-02	1.900155511474693922e-03
nan	2.870000000000000000e+02	2.869999999999999774e-01	nan	2.757616654740502327e-03	7.302900115012252169e-02	1.237414452895609302e-03
nan	4.400000000000000000e+02	4.400000000000000022e-01	nan	5.447100905783486269e-03	8.960810710276453928e-02	1.211837822986546430e-03
nan	5.485000000000000000e+02	5.484999999999999876e-01	nan	6.659019303647539800e-03	7.537229908859552352e-02	1.300169692744035203e-03
nan	6.115000000000000000e+02	6.115000000000000435e-01	nan	8.621953044475105798e-03	8.160788835526454343e-02	1.353011574383885390e-03
nan	6.975000000000000000e+02	6.975000000000000089e-01	nan	1.108008887871392290e-02	8.072953284434858379e-02	1.332699614483806409e-03
nan	7.712500000000000000e+02	7.712499999999999911e-01	nan	1.286251584545539117e-02	7.580648301652370691e-02	1.364689434712692152e-03
nan	8.302500000000000000e+02	8.302499999999999325e-01	nan	1.351268023753959824e-02	7.882333888591033788e-02	1.366691571952190643e-03
nan	8.975000000000000000e+02	8.974999999999998535e-01	nan	1.651139179865879214e-02	8.302854439187089264e-02	1.376741427517784097e-03
nan	9.257500000000000000e+02	9.257500000000000728e-01	nan	1.759417397484241974e-02	7.649518242130143308e-02	1.377378603672962812e-03
nan	9.867500000000000000e+02	9.867500000000000160e-01	nan	1.838253305913895019e-02	8.500078031566415948e-02	1.397449046303019405e-03
nan	1.013000000000000000e+03	1.012999999999999901e+00	nan	2.493177455826867117e-02	8.876774201188716851e-02	1.400561114592596950e-03
nan	1.083750000000000000e+03	1.083749999999999991e+00	nan	2.445923249081261019e-02	7.620992292069182772e-02	1.410638037391759476e-03
nan	1.133250000000000000e+03	1.133250000000000091e+00	nan	2.546692240346715153e-02	8.123407369420782009e-02	1.392679867208100001e-03
nan	1.172750000000000000e+03	1.172750000000000181e+00	nan	2.897429000310580705e-02	7.466772470765681291e-02	1.426897626531542463e-03
nan	1.190750000000000000e+03	1.190750000000000197e+00	nan	2.975447664286434701e-02	8.482114497867859759e-02	1.410456260537683477e-03
nan	1.265000000000000000e+03	1.265000000000000124e+00	nan	3.350599115566410546e-02	8.184665444312531901e-02	1.384343732732047898e-03
nan	1.310250000000000000e+03	1.310249999999999915e+00	nan	3.575473618104751949e-02	7.661214685315555217e-02	1.388562302884778759e-03
nan	1.320000000000000000e+03	1.320000000000000062e+00	nan	3.643656285680663132e-02	7.911233929509337015e-02	1.421095955618009244e-03
nan	1.382000000000000000e+03	1.381999999999999895e+00	nan	4.116151152575753258e-02	7.824419643853561257e-02	1.423054001212668189e-03
nan	1.404000000000000000e+03	1.403999999999999915e+00	nan	4.102913325596091454e-02	8.765873481778710397e-02	1.405413870575411561e-03
nan	1.418250000000000000e+03	1.418250000000000011e+00	nan	4.642427152361960907e-02	6.981020433187722085e-02	1.434818441267774521e-03
nan	1.465500000000000000e+03	1.465500000000000025e+00	nan	4.684437155140130926e-02	7.609027741996500505e-02	1.421454943106484131e-03
nan	1.501250000000000000e+03	1.501249999999999973e+00	nan	4.924389180644084263e-02	8.452908089144819948e-02	1.411089050854641381e-03
nan	1.524500000000000000e+03	1.524499999999999744e+00	nan	5.797580560766846247e-02	7.669655331073443882e-02	1.413845949883557607e-03
nan	1.563750000000000000e+03	1.563750000000000195e+00	nan	5.542395663616161983e-02	8.304551123958814340e-02	1.415676432652278197e-03
nan	1.574250000000000000e+03	1.574250000000000149e+00	nan	5.722029186551935709e-02	8.211368561819176737e-02	1.412250006624600268e-03
nan	1.670000000000000000e+03	1.670000000000000151e+00	nan	5.725883559512112697e-02	8.599023820629947412e-02	1.433788241143457709e-03
nan	1.619750000000000000e+03	1.619750000000000023e+00	nan	6.207597970995948344e-02	7.683024728886406196e-02	1.415980679469827034e-03
nan	1.715500000000000000e+03	1.715500000000000025e+00	nan	6.290932875140242686e-02	7.758489804741422469e-02	1.433754645524856850e-03
nan	1.716500000000000000e+03	1.716499999999999915e+00	nan	6.220259463725597016e-02	7.433486132981619032e-02	1.406911372787134334e-03
nan	1.730750000000000000e+03	1.730750000000000011e+00	nan	6.925625957489955908e-02	8.185964321621597151e-02	1.432342443708227355e-03
nan	1.775750000000000000e+03	1.775749999999999940e+00	nan	7.127586192035550994e-02	7.890339493793160908e-02	1.427243926856157927e-03
nan	1.822750000000000000e+03	1.822750000000000092e+00	nan	7.819160311754558279e-02	8.183489835162895132e-02	1.423964595742051829e-03
nan	1.861750000000000000e+03	1.861749999999999794e+00	nan	6.740565428538047854e-02	8.034259455583002418e-02	1.454442810049641531e-03
nan	1.835000000000000000e+03	1.834999999999999964e+00	nan	7.594504933967982652e-02	7.676337123307436228e-02	1.413403766355455149e-03
nan	1.894750000000000000e+03	1.894749999999999934e+00	nan	8.376009026034125782e-02	8.364419904689890384e-02	1.414243266436659768e-03
nan	1.948250000000000000e+03	1.948249999999999815e+00	nan	8.790345861513060299e-02	7.809942367785109585e-02	1.458059560065430929e-03
nan	1.966250000000000000e+03	1.966250000000000053e+00	nan	8.684647873434414578e-02	8.415371264626929360e-02	1.448905415339695260e-03
nan	1.939000000000000000e+03	1.939000000000000057e+00	nan	9.333256084477170589e-02	8.195865210728614514e-02	1.423407664585448320e-03
