# SourcePhotonFlux	NumberRaysSurvived	PercentageRaysSurvived	PhotonFlux	Bandwidth	HorizontalFocusFWHM	VerticalFocusFWHM
nan	1.210500000000000000e+03	1.210499999999999909e+00	nan	3.928065343501430107e-03	6.003213605050566198e-02	4.159134868555923459e-03
nan	1.548750000000000000e+03	1.548750000000000071e+00	nan	6.117222189139681632e-03	5.799868201695240061e-02	4.185461628823610065e-03
nan	1.851500000000000000e+03	1.851499999999999924e+00	nan	8.432703780172801089e-03	4.685417812738677801e-02	4.143866003787112506e-03
nan	2.067250000000000000e+03	2.067250000000000032e+00	nan	9.210966364676664853e-03	4.118788405770272554e-02	4.228638662183495378e-03
nan	2.275000000000000000e+03	2.274999999999999911e+00	nan	1.205975915527801590e-02	4.027049814466482358e-02	4.242963850736370876e-03
nan	2.432500000000000000e+03	2.432500000000000107e+00	nan	1.375667132664659675e-02	3.722903488804490263e-02	4.296575900821570509e-03
nan	2.637750000000000000e+03	2.637750000000000039e+00	nan	1.654961727977877217e-02	3.272509035863165744e-02	4.240018279530129858e-03
nan	2.789250000000000000e+03	2.789250000000000451e+00	nan	1.885439851177750370e-02	2.970898333006646852e-02	4.282140022612856284e-03
nan	2.940500000000000000e+03	2.940500000000000114e+00	nan	1.959184782354839172e-02	3.146415213535060790e-02	4.257013040566432621e-03
nan	3.094000000000000000e+03	3.094000000000000306e+00	nan	2.258010810754740305e-02	2.944621161822321559e-02	4.277412453297424304e-03
nan	3.197750000000000000e+03	3.197750000000000092e+00	nan	2.713316998327286456e-02	2.647253674658774092e-02	4.288301127602003188e-03
nan	3.325750000000000000e+03	3.325749999999999762e+00	nan	2.783470315716840560e-02	2.701773498176990307e-02	4.308152841681747725e-03
nan	3.508250000000000000e+03	3.508250000000000313e+00	nan	3.058453572830899247e-02	2.527017217837607480e-02	4.335834721897168127e-03
nan	3.544000000000000000e+03	3.544000000000000039e+00	nan	3.265155145163589623e-02	2.739749479036742569e-02	4.262581864214996970e-03
nan	3.727000000000000000e+03	3.726999999999999869e+00	nan	3.677057942761052800e-02	2.574063871318302971e-02	4.309281431678422050e-03
nan	3.849500000000000000e+03	3.849499999999999922e+00	nan	4.028223771254602070e-02	2.416973446500694442e-02	4.343877173105305592e-03
nan	3.956000000000000000e+03	3.955999999999999961e+00	nan	3.944556510231223001e-02	2.391445641958903773e-02	4.304896286342737612e-03
nan	3.989500000000000000e+03	3.989499999999999602e+00	nan	4.745425021849314362e-02	2.443854593343280229e-02	4.279388442502243470e-03
nan	4.122000000000000000e+03	4.121999999999999886e+00	nan	4.471218503613272333e-02	2.349755132856469475e-02	4.324338945191644190e-03
nan	4.308500000000000000e+03	4.308500000000000441e+00	nan	4.812571808042775956e-02	2.275442405374829974e-02	4.248437715759489745e-03
nan	4.384000000000000000e+03	4.383999999999999453e+00	nan	5.454657378845695348e-02	2.196255467176638776e-02	4.350174432976990253e-03
nan	4.418750000000000000e+03	4.418750000000000178e+00	nan	5.406453250043341541e-02	2.201683549082087896e-02	4.301506672271056611e-03
nan	4.641500000000000000e+03	4.641499999999999737e+00	nan	5.946136036919824619e-02	2.187692490181026433e-02	4.274428938501564045e-03
nan	4.613000000000000000e+03	4.612999999999999545e+00	nan	5.875658213153656106e-02	2.114934171035110985e-02	4.307979605493268346e-03
nan	4.786250000000000000e+03	4.786249999999999893e+00	nan	6.521390290038198145e-02	2.156548445625967869e-02	4.339447707990442930e-03
nan	4.788000000000000000e+03	4.788000000000000256e+00	nan	7.014843198072640007e-02	2.067694563073253083e-02	4.379286394701655503e-03
nan	4.879750000000000000e+03	4.879750000000000476e+00	nan	7.169069577236086843e-02	1.956838542540202674e-02	4.307150770106770062e-03
nan	5.026750000000000000e+03	5.026749999999999829e+00	nan	7.082535965543002021e-02	1.927226112336632297e-02	4.366077791974142842e-03
nan	5.055000000000000000e+03	5.054999999999999716e+00	nan	7.888258997536468087e-02	1.957926329800085269e-02	4.381723234806489051e-03
nan	5.237250000000000000e+03	5.237249999999999517e+00	nan	8.300528905272130942e-02	1.936040073385481702e-02	4.271769417215749709e-03
nan	5.256000000000000000e+03	5.256000000000000227e+00	nan	8.615095326024402311e-02	2.051275434943589798e-02	4.304053160963237055e-03
nan	5.368000000000000000e+03	5.367999999999999439e+00	nan	9.068970560366551581e-02	2.062646139866004466e-02	4.349621564859516495e-03
nan	5.423250000000000000e+03	5.423249999999999460e+00	nan	8.865668961266237602e-02	1.877963893106640580e-02	4.261550807703247401e-03
nan	5.500750000000000000e+03	5.500750000000000028e+00	nan	9.652967768823828010e-02	1.981686993109520178e-02	4.311076598813761221e-03
nan	5.608750000000000000e+03	5.608750000000000568e+00	nan	9.675426058618086245e-02	1.850059803646724246e-02	4.351657678806637730e-03
nan	5.599000000000000000e+03	5.599000000000000199e+00	nan	1.061897096295751908e-01	1.837460787845644761e-02	4.361987293924965425e-03
nan	5.736000000000000000e+03	5.735999999999999766e+00	nan	1.075218840301772616e-01	1.905331856097254584e-02	4.394096654009999915e-03
nan	5.823000000000000000e+03	5.823000000000000398e+00	nan	1.123549828562317998e-01	1.922660867637862592e-02	4.297188141156894729e-03
nan	5.900250000000000000e+03	5.900249999999999773e+00	nan	1.113246525238196227e-01	1.895543802518387388e-02	4.446513339877191523e-03
nan	1.005500000000000000e+03	1.005500000000000060e+00	nan	3.549573434153074913e-03	6.439418111495406882e-02	3.463531087539156207e-03
nan	1.271500000000000000e+03	1.271500000000000075e+00	nan	5.781086040464344933e-03	5.299035964402520893e-02	3.458050538456128049e-03
nan	1.487250000000000000e+03	1.487249999999999961e+00	nan	7.072384843034740243e-03	4.721445971592815039e-02	3.470502510716147633e-03
nan	1.676000000000000000e+03	1.676000000000000156e+00	nan	9.765917014981084776e-03	4.400248686891103378e-02	3.485303297266695126e-03
nan	1.883500000000000000e+03	1.883500000000000174e+00	nan	1.193343797156387609e-02	4.105392560939107038e-02	3.611072174323021189e-03
nan	2.034250000000000000e+03	2.034249999999999670e+00	nan	1.341003242950478125e-02	3.416673577232226533e-02	3.485816279925205499e-03
nan	2.156250000000000000e+03	2.156250000000000000e+00	nan	1.623453152579656944e-02	3.257565328003637212e-02	3.506052176091753545e-03
nan	2.323000000000000000e+03	2.322999999999999954e+00	nan	1.720709610648896160e-02	3.078239125377470534e-02	3.534039482177652944e-03
nan	2.381500000000000000e+03	2.381500000000000394e+00	nan	1.967930586411625882e-02	2.838389756109709061e-02	3.606914313580225281e-03
nan	2.577500000000000000e+03	2.577500000000000124e+00	nan	2.295275373268168551e-02	2.864722845846948487e-02	3.546017975098325267e-03
nan	2.711750000000000000e+03	2.711749999999999883e+00	nan	2.550678506017334257e-02	2.742640624644549982e-02	3.590880883458272103e-03
nan	2.763250000000000000e+03	2.763249999999999762e+00	nan	2.777962601601302595e-02	2.736960970969512519e-02	3.553603725438823392e-03
nan	2.890500000000000000e+03	2.890500000000000291e+00	nan	2.916955560112910462e-02	2.595938020868394577e-02	3.586861463762279229e-03
nan	2.972000000000000000e+03	2.972000000000000419e+00	nan	3.287515704320753684e-02	2.568608847921948629e-02	3.600104961468434620e-03
nan	3.093250000000000000e+03	3.093250000000000277e+00	nan	3.574416720692852323e-02	2.685587594963168012e-02	3.580192927868086454e-03
nan	3.179500000000000000e+03	3.179499999999999993e+00	nan	3.424105332851468120e-02	2.396599167582178641e-02	3.540784229870779041e-03
nan	3.287500000000000000e+03	3.287500000000000089e+00	nan	4.058074505755371320e-02	2.395919284946191122e-02	3.608278887216227054e-03
nan	3.421000000000000000e+03	3.421000000000000263e+00	nan	3.993765788851533216e-02	2.308754871977750436e-02	3.588801606955752989e-03
nan	3.446500000000000000e+03	3.446500000000000341e+00	nan	4.649265493506504754e-02	2.465379820347719450e-02	3.557446029424677237e-03
nan	3.583750000000000000e+03	3.583750000000000213e+00	nan	4.937469772482927510e-02	2.316343938574807679e-02	3.564261882128320034e-03
nan	3.673250000000000000e+03	3.673250000000000348e+00	nan	5.015827534884920169e-02	2.224518511329768786e-02	3.565905154248273298e-03
nan	3.685000000000000000e+03	3.684999999999999609e+00	nan	5.429340540916882674e-02	2.108652017352950769e-02	3.622033087980378822e-03
nan	3.847000000000000000e+03	3.846999999999999975e+00	nan	5.709433992888079956e-02	2.188926590241986603e-02	3.595604481162725189e-03
nan	3.853250000000000000e+03	3.853250000000000064e+00	nan	5.682108644441541401e-02	2.098317040516294724e-02	3.569592626702462398e-03
nan	3.948500000000000000e+03	3.948500000000000121e+00	nan	6.136999963820244375e-02	2.135542836260984415e-02	3.563011939064661578e-03
nan	4.008000000000000000e+03	4.008000000000000007e+00	nan	6.337563415166869163e-02	1.991424450545951907e-02	3.566389074743302363e-03
nan	4.117250000000000000e+03	4.117250000000000298e+00	nan	6.261403118656971856e-02	1.937479962970053288e-02	3.581621582669514310e-03
nan	4.156250000000000000e+03	4.156250000000000000e+00	nan	7.061110322518970861e-02	2.073081394087198173e-02	3.583801247593906489e-03
nan	4.199500000000000000e+03	4.199499999999999567e+00	nan	7.063493628129435820e-02	2.169085775215765649e-02	3.593897533816213866e-03
nan	4.302000000000000000e+03	4.301999999999999602e+00	nan	7.401486666691425853e-02	1.968668857169901532e-02	3.603853309193354691e-03
nan	4.359750000000000000e+03	4.359750000000000014e+00	nan	7.778350410427492534e-02	1.962527358579466141e-02	3.581240857761284167e-03
nan	4.373000000000000000e+03	4.373000000000000220e+00	nan	7.648659167819005233e-02	1.972239707473141118e-02	3.651952565081775185e-03
nan	4.562750000000000000e+03	4.562749999999999417e+00	nan	8.016504284353231924e-02	1.803790231006563438e-02	3.622422800147248080e-03
nan	4.595750000000000000e+03	4.595749999999999780e+00	nan	7.796040470680054568e-02	1.911444648918808609e-02	3.593330575599785331e-03
nan	4.606750000000000000e+03	4.606749999999999901e+00	nan	8.997940195416731513e-02	1.718851119757333970e-02	3.516575626681949906e-03
nan	4.770500000000000000e+03	4.770499999999999297e+00	nan	9.426666838339770038e-02	1.852457399716729569e-02	3.632224025318410866e-03
nan	4.765500000000000000e+03	4.765500000000000291e+00	nan	9.705062893732474549e-02	1.918337393212074873e-02	3.568314505194922302e-03
nan	4.849500000000000000e+03	4.849499999999999922e+00	nan	9.505824191415968016e-02	1.833032304478817917e-02	3.641623858349349145e-03
nan	4.947750000000000000e+03	4.947750000000000092e+00	nan	1.018709701342004337e-01	1.922291611017404311e-02	3.654605341329459495e-03
nan	7.975000000000000000e+02	7.975000000000000977e-01	nan	3.505602349399339346e-03	6.506482350483622223e-02	2.616540966721986848e-03
nan	1.010250000000000000e+03	1.010250000000000092e+00	nan	5.848693491486756102e-03	5.062566339281272809e-02	2.672791780726940444e-03
nan	1.192000000000000000e+03	1.192000000000000171e+00	nan	7.901514905853446180e-03	4.878573680101044863e-02	2.677840190938885270e-03
nan	1.330000000000000000e+03	1.330000000000000071e+00	nan	9.090192330461377423e-03	4.089048781310357372e-02	2.773326608606074828e-03
nan	1.504500000000000000e+03	1.504500000000000171e+00	nan	1.203685029753387425e-02	3.756511978465193469e-02	2.829338477183268846e-03
nan	1.579500000000000000e+03	1.579499999999999904e+00	nan	1.268211394091167676e-02	3.526892974815294679e-02	2.815611070155485569e-03
nan	1.714250000000000000e+03	1.714250000000000052e+00	nan	1.499178586757921039e-02	3.226088775694129634e-02	2.826572922064926434e-03
nan	1.791750000000000000e+03	1.791749999999999954e+00	nan	1.755867029082480713e-02	3.385006746505260511e-02	2.864828821978493336e-03
nan	1.940750000000000000e+03	1.940749999999999975e+00	nan	1.940981881865866399e-02	2.768335222678455082e-02	2.852666519931052868e-03
nan	2.059000000000000000e+03	2.058999999999999719e+00	nan	1.955998192059382745e-02	2.996094290670500010e-02	2.832332631544405652e-03
nan	2.125500000000000000e+03	2.125499999999999723e+00	nan	2.152697259316482814e-02	2.839837434665094112e-02	2.836030321890804177e-03
nan	2.228500000000000000e+03	2.228499999999999925e+00	nan	2.697057099717881101e-02	2.758396408793899190e-02	2.845094799341903700e-03
nan	2.304000000000000000e+03	2.303999999999999826e+00	nan	2.769985418450460202e-02	2.612979789524955826e-02	2.828816170497534116e-03
nan	2.434250000000000000e+03	2.434249999999999581e+00	nan	2.915518455543519849e-02	2.759043268330305457e-02	2.835552144859826255e-03
nan	2.459250000000000000e+03	2.459250000000000380e+00	nan	2.970773505364832090e-02	2.594951676868889612e-02	2.847636723358704710e-03
nan	2.517750000000000000e+03	2.517749999999999932e+00	nan	3.582000611586977357e-02	2.493995102645323383e-02	2.857567693080387012e-03
nan	2.648750000000000000e+03	2.648750000000000160e+00	nan	3.336327135369288044e-02	2.222405046255171088e-02	2.838884584268168854e-03
nan	2.741000000000000000e+03	2.741000000000000103e+00	nan	3.996656999859737880e-02	2.238722552982091996e-02	2.887074668154413631e-03
nan	2.785250000000000000e+03	2.785250000000000448e+00	nan	4.061407736449496042e-02	2.302182980084628225e-02	2.843689004082235357e-03
nan	2.878000000000000000e+03	2.878000000000000114e+00	nan	4.915805456909083659e-02	2.016067026917692240e-02	2.869870699757419603e-03
nan	2.915000000000000000e+03	2.915000000000000036e+00	nan	4.729620227942632482e-02	2.428434548615593380e-02	2.822792277447760696e-03
nan	3.023000000000000000e+03	3.023000000000000131e+00	nan	4.605869047753685663e-02	2.196985736699338942e-02	2.840244371200216847e-03
nan	3.046000000000000000e+03	3.045999999999999819e+00	nan	5.097043875252893486e-02	2.236286785972105978e-02	2.900363662740435000e-03
nan	3.119250000000000000e+03	3.119249999999999634e+00	nan	5.158587700231009876e-02	1.937945866096002501e-02	2.811691930729311173e-03
nan	3.157500000000000000e+03	3.157500000000000195e+00	nan	5.837817582607840450e-02	2.160591062627875703e-02	2.819642298573386309e-03
nan	3.197750000000000000e+03	3.197750000000000092e+00	nan	5.649387152249119026e-02	2.125096870577134617e-02	2.884992232155854288e-03
nan	3.279000000000000000e+03	3.278999999999999915e+00	nan	6.473488268136406987e-02	2.142444797714239749e-02	2.847898774297692552e-03
nan	3.316750000000000000e+03	3.316750000000000309e+00	nan	6.134889430762768825e-02	2.093679718105828300e-02	2.869659881175173725e-03
nan	3.352750000000000000e+03	3.352749999999999897e+00	nan	6.659053444343498995e-02	1.973481581338030338e-02	2.838158714759711834e-03
nan	3.450500000000000000e+03	3.450499999999999901e+00	nan	6.885491915210195657e-02	2.014376088430667316e-02	2.849708330012524094e-03
nan	3.425500000000000000e+03	3.425499999999999545e+00	nan	7.345208814405168596e-02	2.019504084234328978e-02	2.916429494625594719e-03
nan	3.564250000000000000e+03	3.564250000000000362e+00	nan	7.918335622667882490e-02	1.880695255075502670e-02	2.921402628242021366e-03
nan	3.617250000000000000e+03	3.617250000000000298e+00	nan	7.710583254970515554e-02	1.869483178991044464e-02	2.861190209967500418e-03
nan	3.642750000000000000e+03	3.642749999999999932e+00	nan	7.289207991630064498e-02	1.830487565887008519e-02	2.845936956281715138e-03
nan	3.689750000000000000e+03	3.689750000000000085e+00	nan	8.262149891714898331e-02	1.903975684481111486e-02	2.902732259238571463e-03
nan	3.745000000000000000e+03	3.745000000000000107e+00	nan	8.602052659227865661e-02	1.726171649954136647e-02	2.938535539398927365e-03
nan	3.814500000000000000e+03	3.814500000000000224e+00	nan	9.285817173372379330e-02	1.871211970023843596e-02	2.908033535608615158e-03
nan	3.813000000000000000e+03	3.812999999999999723e+00	nan	8.627503747266018763e-02	1.861702030903799460e-02	2.842625086273148881e-03
nan	3.922000000000000000e+03	3.921999999999999709e+00	nan	9.403060881749070177e-02	1.829547557391978177e-02	2.836634315026924889e-03
nan	6.310000000000000000e+02	6.310000000000000053e-01	nan	3.793173389432524800e-03	6.747148863442042899e-02	2.171506671645448590e-03
nan	8.265000000000000000e+02	8.265000000000000124e-01	nan	5.869895068627783985e-03	5.394404714672021428e-02	2.219054493269365276e-03
nan	9.412500000000000000e+02	9.412499999999999201e-01	nan	7.220615543914732370e-03	4.331566083462073946e-02	2.305282840288630855e-03
nan	1.089750000000000000e+03	1.089749999999999996e+00	nan	9.922101080931611250e-03	3.438728157320666140e-02	2.316488377227441352e-03
nan	1.226250000000000000e+03	1.226250000000000062e+00	nan	1.027446739632864592e-02	3.451429683614455624e-02	2.328014369196314791e-03
nan	1.287000000000000000e+03	1.286999999999999922e+00	nan	1.414611563045298226e-02	3.465078837117091526e-02	2.337639690119160465e-03
nan	1.451500000000000000e+03	1.451499999999999790e+00	nan	1.448584779289774360e-02	3.479509259572992341e-02	2.375501788622533944e-03
nan	1.529250000000000000e+03	1.529249999999999998e+00	nan	1.795683370029621528e-02	3.011359206580168507e-02	2.376361760368131751e-03
nan	1.648000000000000000e+03	1.648000000000000131e+00	nan	1.818938404751690996e-02	3.097143698621569741e-02	2.368432051863707949e-03
nan	1.723000000000000000e+03	1.723000000000000087e+00	nan	2.159375455056533610e-02	3.013324203782318661e-02	2.359810576072753248e-03
nan	1.833250000000000000e+03	1.833250000000000046e+00	nan	2.320600889569846004e-02	2.598622439167111789e-02	2.411722620711113409e-03
nan	1.863250000000000000e+03	1.863250000000000073e+00	nan	2.415808646688333283e-02	2.685040730233466746e-02	2.352394788998720364e-03
nan	1.934250000000000000e+03	1.934250000000000025e+00	nan	2.607373248369526664e-02	2.567435679690145342e-02	2.408285032658315315e-03
nan	1.975250000000000000e+03	1.975249999999999950e+00	nan	2.996521828862341863e-02	2.659836124543784458e-02	2.390992654741581035e-03
nan	2.110000000000000000e+03	2.109999999999999876e+00	nan	3.190096606422798686e-02	2.367983275190114340e-02	2.402776422504298605e-03
nan	2.078250000000000000e+03	2.078250000000000153e+00	nan	3.205376185877639728e-02	2.407910527490575436e-02	2.398485975093483068e-03
nan	2.191500000000000000e+03	2.191500000000000004e+00	nan	3.770133821717536193e-02	2.399256202587958520e-02	2.361464304087952486e-03
nan	2.227500000000000000e+03	2.227500000000000036e+00	nan	3.952042901957497634e-02	2.213105958753625729e-02	2.371849748410156423e-03
nan	2.322250000000000000e+03	2.322249999999999925e+00	nan	3.777933280298384489e-02	2.294820787852924412e-02	2.363731027765664759e-03
nan	2.345500000000000000e+03	2.345499999999999918e+00	nan	4.428300038557608787e-02	2.236342093705769030e-02	2.418700984200783562e-03
nan	2.457750000000000000e+03	2.457749999999999879e+00	nan	4.636150435931085667e-02	2.128259131512625149e-02	2.365971568721313666e-03
nan	2.493000000000000000e+03	2.492999999999999883e+00	nan	4.586276129208499697e-02	2.197594739755490828e-02	2.373652674214829766e-03
nan	2.507250000000000000e+03	2.507249999999999979e+00	nan	4.895158329588866764e-02	2.116819858233657398e-02	2.370768244629614836e-03
nan	2.546750000000000000e+03	2.546750000000000291e+00	nan	5.319835574999842720e-02	2.184730080410093866e-02	2.363985458291920343e-03
nan	2.631500000000000000e+03	2.631499999999999950e+00	nan	5.144593482350501290e-02	2.058580153871013632e-02	2.377946910016322420e-03
nan	2.694000000000000000e+03	2.693999999999999950e+00	nan	5.580914730057884299e-02	2.094811813166420206e-02	2.385820973644394577e-03
nan	2.736250000000000000e+03	2.736250000000000071e+00	nan	5.655227613078750437e-02	2.041487845046810468e-02	2.361697493840806197e-03
nan	2.768500000000000000e+03	2.768499999999999961e+00	nan	5.917199495064551229e-02	1.949321255694332761e-02	2.402160872549330070e-03
nan	2.849000000000000000e+03	2.849000000000000199e+00	nan	6.091172390711108164e-02	1.947239494847582963e-02	2.380559906499008643e-03
nan	2.878000000000000000e+03	2.878000000000000114e+00	nan	6.657300070673954906e-02	1.898988729748384355e-02	2.406192150202501618e-03
nan	2.952750000000000000e+03	2.952749999999999986e+00	nan	6.515841371196984255e-02	1.975506142373568280e-02	2.406035773457281673e-03
nan	2.983250000000000000e+03	2.983249999999999957e+00	nan	6.924205473836764213e-02	1.775253631434934448e-02	2.410080480220508532e-03
nan	3.018750000000000000e+03	3.018749999999999822e+00	nan	6.755684167910658289e-02	1.948192786833918139e-02	2.429316508616343861e-03
nan	3.028750000000000000e+03	3.028749999999999609e+00	nan	7.116898904484969535e-02	1.903988044224452086e-02	2.376108752961996612e-03
nan	3.135750000000000000e+03	3.135750000000000259e+00	nan	7.783089537912246669e-02	1.825565109084903437e-02	2.382257395020618250e-03
nan	3.187250000000000000e+03	3.187249999999999694e+00	nan	7.863801102024581269e-02	1.849060989744354122e-02	2.383148040788500045e-03
nan	3.207250000000000000e+03	3.207249999999999712e+00	nan	8.511381201287804288e-02	1.824855934666513163e-02	2.383411245237337158e-03
nan	3.247750000000000000e+03	3.247749999999999915e+00	nan	8.031736049014170931e-02	1.780472314880113954e-02	2.383142511846921170e-03
nan	3.293500000000000000e+03	3.293499999999999872e+00	nan	8.790682343305888935e-02	1.894825336127439752e-02	2.430498950618044038e-03
nan	4.697500000000000000e+02	4.697500000000000009e-01	nan	3.529551742211367582e-03	5.970524061363088192e-02	1.669987452637071868e-03
nan	6.565000000000000000e+02	6.565000000000000835e-01	nan	6.153968912734342211e-03	5.534690799255104210e-02	1.663422750138843957e-03
nan	7.332500000000000000e+02	7.332499999999999574e-01	nan	8.385584956009495272e-03	4.080488787895671099e-02	1.806601024498521828e-03
nan	8.627500000000000000e+02	8.627500000000000169e-01	nan	9.972967852533543009e-03	4.283356503993304698e-02	1.824555138403102621e-03
nan	9.570000000000000000e+02	9.569999999999999618e-01	nan	1.027142829097726917e-02	3.873624731951148814e-02	1.840135487570508394e-03
nan	1.039750000000000000e+03	1.039749999999999952e+00	nan	1.028809603550939755e-02	3.718435524276514359e-02	1.831171222821252912e-03
nan	1.149500000000000000e+03	1.149500000000000188e+00	nan	1.581446310031253688e-02	3.222419029916927941e-02	1.841961419959444422e-03
nan	1.217500000000000000e+03	1.217500000000000027e+00	nan	1.803419822537932760e-02	3.084971865457341103e-02	1.854984841799470468e-03
nan	1.271750000000000000e+03	1.271749999999999936e+00	nan	1.901290156739321446e-02	3.053881105763291484e-02	1.864907208182413432e-03
nan	1.340750000000000000e+03	1.340749999999999886e+00	nan	2.061973350740231581e-02	2.650983643114364699e-02	1.860083090068775577e-03
nan	1.408750000000000000e+03	1.408749999999999947e+00	nan	2.208826337599134604e-02	2.665795031618046346e-02	1.878535949020023995e-03
nan	1.496000000000000000e+03	1.495999999999999996e+00	nan	2.592705764462266416e-02	2.623365766067948385e-02	1.884803677241600039e-03
nan	1.507500000000000000e+03	1.507500000000000062e+00	nan	2.815883689015663549e-02	2.788263121441672543e-02	1.894140039501733368e-03
nan	1.594250000000000000e+03	1.594250000000000167e+00	nan	2.952052986267972301e-02	2.609879018337584941e-02	1.907083728627571428e-03
nan	1.605750000000000000e+03	1.605750000000000011e+00	nan	3.159433680610845840e-02	2.550278625226048285e-02	1.910894882343201762e-03
nan	1.721000000000000000e+03	1.721000000000000085e+00	nan	3.312003679795338940e-02	2.393210595665976395e-02	1.897343517319478173e-03
nan	1.725250000000000000e+03	1.725249999999999950e+00	nan	3.505505170321043806e-02	2.453769432957984137e-02	1.900549120659117538e-03
nan	1.823000000000000000e+03	1.822999999999999954e+00	nan	3.619528182878184452e-02	2.185081268975631874e-02	1.880307548529934047e-03
nan	1.848250000000000000e+03	1.848249999999999726e+00	nan	3.954613776548399073e-02	2.278856609275944217e-02	1.883028428891428147e-03
nan	1.939250000000000000e+03	1.939250000000000362e+00	nan	4.240421916222203436e-02	2.269433423681896378e-02	1.924921517836618865e-03
nan	1.952750000000000000e+03	1.952749999999999986e+00	nan	4.309811852920120145e-02	2.243242575911805203e-02	1.873206202050312552e-03
nan	1.984500000000000000e+03	1.984500000000000153e+00	nan	4.305685569386241696e-02	2.075605601399708663e-02	1.913608652816597023e-03
nan	2.038500000000000000e+03	2.038499999999999979e+00	nan	4.794180521554380903e-02	2.093526011697360509e-02	1.900175732092719821e-03
nan	2.062000000000000000e+03	2.062000000000000277e+00	nan	4.755880885750229936e-02	2.080646505069141255e-02	1.898341974587082048e-03
nan	2.083000000000000000e+03	2.083000000000000185e+00	nan	5.317642962035051823e-02	1.909491506966983290e-02	1.900795456597864164e-03
nan	2.149250000000000000e+03	2.149250000000000327e+00	nan	5.717715533410228090e-02	2.024874521606438715e-02	1.941220227732368998e-03
nan	2.228250000000000000e+03	2.228250000000000064e+00	nan	5.700354222392434167e-02	2.113736070057900193e-02	1.894602045106580802e-03
nan	2.187000000000000000e+03	2.187000000000000277e+00	nan	5.621249299093733498e-02	1.996890000748586733e-02	1.908789583135543904e-03
nan	2.288750000000000000e+03	2.288750000000000284e+00	nan	5.710229347266704281e-02	1.935135058265835192e-02	1.881695198592385227e-03
nan	2.280000000000000000e+03	2.280000000000000249e+00	nan	6.338099837557820138e-02	1.956027962550946353e-02	1.942392247809714839e-03
nan	2.319500000000000000e+03	2.319499999999999673e+00	nan	6.890850818587068716e-02	1.938588638091015906e-02	1.932628068480113977e-03
nan	2.352750000000000000e+03	2.352749999999999897e+00	nan	6.274557076233122643e-02	1.964713434980911583e-02	1.901999617537787103e-03
nan	2.417000000000000000e+03	2.417000000000000259e+00	nan	7.228358382513988545e-02	2.026508802902770093e-02	1.917302883715853168e-03
nan	2.488000000000000000e+03	2.487999999999999989e+00	nan	6.727253732657345608e-02	1.928878039263715732e-02	1.919341291222897766e-03
nan	2.469750000000000000e+03	2.469749999999999890e+00	nan	7.466922148938692771e-02	1.886653089066988448e-02	1.890892679852833672e-03
nan	2.525250000000000000e+03	2.525250000000000217e+00	nan	8.088815485666600580e-02	1.870942465196778065e-02	1.873617984662461324e-03
nan	2.522750000000000000e+03	2.522750000000000270e+00	nan	8.042437843533889463e-02	1.745452123696110414e-02	1.883806946469302693e-03
nan	2.590500000000000000e+03	2.590500000000000025e+00	nan	7.644228692123533619e-02	1.895166870974734213e-02	1.916832393064630798e-03
nan	2.662250000000000000e+03	2.662249999999999783e+00	nan	8.938622551892194679e-02	1.634868385602911492e-02	1.911489208437498104e-03
nan	2.977500000000000000e+02	2.977500000000000147e-01	nan	3.531017315175688509e-03	6.301276218365657600e-02	1.263171772376488720e-03
nan	4.370000000000000000e+02	4.369999999999999440e-01	nan	5.651125990979721792e-03	5.494261009815699925e-02	1.168589090797996551e-03
nan	5.657500000000000000e+02	5.657499999999999751e-01	nan	7.303687519197410438e-03	4.322302537292266322e-02	1.270888708512737161e-03
nan	6.407500000000000000e+02	6.407499999999999307e-01	nan	8.892587493278369948e-03	3.954423630777020165e-02	1.351875055532621682e-03
nan	6.932500000000000000e+02	6.932500000000000329e-01	nan	1.175581995816799008e-02	4.067077660631843172e-02	1.363395306193008333e-03
nan	7.642500000000000000e+02	7.642500000000000959e-01	nan	1.200399662496920428e-02	3.562659422427952999e-02	1.313472711122247016e-03
nan	8.422500000000000000e+02	8.422499999999999432e-01	nan	1.329809172557361308e-02	3.496985558401679434e-02	1.379587748254836391e-03
nan	8.822500000000000000e+02	8.822499999999999787e-01	nan	1.650798603503744744e-02	3.164900625899789988e-02	1.381618166166596363e-03
nan	9.737500000000000000e+02	9.737500000000000044e-01	nan	1.989627042159725079e-02	3.181531388678118105e-02	1.350555900305712605e-03
nan	9.697500000000000000e+02	9.697500000000000009e-01	nan	1.697551826080712090e-02	2.715263469259030643e-02	1.353197712355891499e-03
nan	1.038500000000000000e+03	1.038499999999999979e+00	nan	2.099753363870604517e-02	2.703043030612964359e-02	1.408758857703641806e-03
nan	1.074000000000000000e+03	1.074000000000000066e+00	nan	2.708483046177434517e-02	2.737130855876915986e-02	1.402478752360377095e-03
nan	1.109000000000000000e+03	1.108999999999999986e+00	nan	2.481218451367794842e-02	2.738256491907485601e-02	1.424641658123346546e-03
nan	1.188750000000000000e+03	1.188749999999999973e+00	nan	2.739058413698103323e-02	2.468887228320403027e-02	1.398815244077150719e-03
nan	1.206750000000000000e+03	1.206749999999999989e+00	nan	2.893359133580020170e-02	2.319897762960968987e-02	1.430642900048421408e-03
nan	1.244000000000000000e+03	1.243999999999999995e+00	nan	3.582190445058586192e-02	2.380632094164682189e-02	1.376023273706109950e-03
nan	1.315750000000000000e+03	1.315750000000000197e+00	nan	3.475883167618576408e-02	2.190041594708144052e-02	1.414867875129064909e-03
nan	1.355500000000000000e+03	1.355500000000000149e+00	nan	3.806706278248839226e-02	2.274461818027608689e-02	1.443361763249839842e-03
nan	1.386000000000000000e+03	1.386000000000000121e+00	nan	3.727797023591961079e-02	2.476910053123331651e-02	1.406279539210921218e-03
nan	1.409250000000000000e+03	1.409250000000000114e+00	nan	4.161351426756709770e-02	2.270307341272948323e-02	1.407347692981704770e-03
nan	1.434500000000000000e+03	1.434500000000000108e+00	nan	4.137947562651334010e-02	2.189972405259111438e-02	1.460449931214563742e-03
nan	1.475500000000000000e+03	1.475500000000000034e+00	nan	4.406015091296922037e-02	2.236237671953120523e-02	1.417538424810099729e-03
nan	1.526000000000000000e+03	1.525999999999999801e+00	nan	4.716168641147078233e-02	2.051369967699372132e-02	1.404607005107101798e-03
nan	1.540000000000000000e+03	1.540000000000000036e+00	nan	5.013607289305355152e-02	2.125255094978902720e-02	1.417516143298387004e-03
nan	1.568250000000000000e+03	1.568249999999999922e+00	nan	5.413721721220099425e-02	2.123380413569909281e-02	1.442200806983177366e-03
nan	1.606250000000000000e+03	1.606249999999999956e+00	nan	5.318156876472812655e-02	2.114397549045747560e-02	1.427967337643058516e-03
nan	1.643750000000000000e+03	1.643749999999999822e+00	nan	5.001956446909616716e-02	2.046873169196524594e-02	1.413061694339057348e-03
nan	1.702750000000000000e+03	1.702749999999999986e+00	nan	5.734972075094901811e-02	2.005594317845225266e-02	1.435728649224060627e-03
nan	1.750000000000000000e+03	1.750000000000000000e+00	nan	5.682002201336899816e-02	2.044505141210670868e-02	1.421705095433190100e-03
nan	1.735500000000000000e+03	1.735500000000000043e+00	nan	6.162918309001952366e-02	1.967252045967454038e-02	1.397084862646805160e-03
nan	1.767500000000000000e+03	1.767500000000000071e+00	nan	6.640245771313857404e-02	1.971726960268725681e-02	1.418259389834703203e-03
nan	1.777250000000000000e+03	1.777249999999999996e+00	nan	6.978597788764773213e-02	2.220627048644041243e-02	1.448955541860552773e-03
nan	1.813500000000000000e+03	1.813499999999999890e+00	nan	6.985575351939132815e-02	1.891968759437852657e-02	1.408015121552109398e-03
nan	1.838750000000000000e+03	1.838750000000000107e+00	nan	6.759798144253181817e-02	1.748015391300320603e-02	1.391269622522259535e-03
nan	1.853500000000000000e+03	1.853499999999999925e+00	nan	7.426564450344130819e-02	1.741286288299160462e-02	1.448328288169144825e-03
nan	1.887250000000000000e+03	1.887249999999999872e+00	nan	7.208177475234833764e-02	1.799141005087769030e-02	1.414698763829507497e-03
nan	1.935250000000000000e+03	1.935249999999999915e+00	nan	7.137935164030295709e-02	1.996602136814899439e-02	1.432675102743277869e-03
nan	1.936500000000000000e+03	1.936499999999999888e+00	nan	8.224933557931990435e-02	1.659641985537023412e-02	1.442654652366162638e-03
nan	1.952000000000000000e+03	1.952000000000000179e+00	nan	8.526932628535632830e-02	1.756963694532948095e-02	1.417137145288018115e-03
