# SourcePhotonFlux	NumberRaysSurvived	PercentageRaysSurvived	PhotonFlux	Bandwidth	HorizontalFocusFWHM	VerticalFocusFWHM
nan	2.000000000000000000e+04	2.000000000000000000e+01	nan	1.997479567500192593e-02	2.226267754113680011e-02	2.120886537071939304e-02
nan	2.000000000000000000e+04	2.000000000000000000e+01	nan	2.997342439021053948e-02	1.853529046037821759e-02	1.751340611441445927e-02
nan	2.000000000000000000e+04	2.000000000000000000e+01	nan	3.994458606818511448e-02	1.700246082728858535e-02	1.481039818402606935e-02
nan	2.000000000000000000e+04	2.000000000000000000e+01	nan	4.987967921726180892e-02	1.512305369251853646e-02	1.341460767852500902e-02
nan	2.000000000000000000e+04	2.000000000000000000e+01	nan	5.992569423580562660e-02	1.441248270021565359e-02	1.295908271528380985e-02
nan	2.000000000000000000e+04	2.000000000000000000e+01	nan	6.986451952348943228e-02	1.388351857817517188e-02	1.074149668505369054e-02
nan	2.000000000000000000e+04	2.000000000000000000e+01	nan	7.994159366713120274e-02	1.319998235252498389e-02	1.067791499134676005e-02
nan	2.000000000000000000e+04	2.000000000000000000e+01	nan	8.990137770431375075e-02	1.215687949018042294e-02	9.751050662881125680e-03
nan	2.000000000000000000e+04	2.000000000000000000e+01	nan	9.986580574400931443e-02	1.163239941918261557e-02	9.610366102941253139e-03
nan	2.000000000000000000e+04	2.000000000000000000e+01	nan	1.098282998658078186e-01	1.172546299592243900e-02	8.809836751155796994e-03
nan	2.000000000000000000e+04	2.000000000000000000e+01	nan	1.199490564048301122e-01	1.081194146058089486e-02	8.816341667307625932e-03
nan	2.000000000000000000e+04	2.000000000000000000e+01	nan	1.298948656480342634e-01	1.151041822796428950e-02	8.304254782303534949e-03
nan	2.000000000000000000e+04	2.000000000000000000e+01	nan	1.398526711962449487e-01	1.087452022868783119e-02	7.751543312289686793e-03
nan	2.000000000000000000e+04	2.000000000000000000e+01	nan	1.498915473726356029e-01	1.030300408889837059e-02	7.367303430663578109e-03
nan	2.000000000000000000e+04	2.000000000000000000e+01	nan	1.596073611833117023e-01	1.008325326806069899e-02	7.340953954382442755e-03
nan	2.000000000000000000e+04	2.000000000000000000e+01	nan	1.697298251044821737e-01	1.021734851404665703e-02	7.724427397484112320e-03
nan	2.000000000000000000e+04	2.000000000000000000e+01	nan	1.797321032630907200e-01	1.026677622413738229e-02	6.612696321371682243e-03
nan	2.000000000000000000e+04	2.000000000000000000e+01	nan	1.897921129092310366e-01	1.011602668877165968e-02	6.601116204540120706e-03
nan	2.000000000000000000e+04	2.000000000000000000e+01	nan	1.996191722733556273e-01	9.509501713333836509e-03	6.532854198713353329e-03
nan	2.000000000000000000e+04	2.000000000000000000e+01	nan	2.081676701572996446e-01	9.976504959686058674e-03	6.480779794535156298e-03
nan	2.000000000000000000e+04	2.000000000000000000e+01	nan	2.198073136491348056e-01	9.623023501516817305e-03	6.548459699471438633e-03
nan	2.000000000000000000e+04	2.000000000000000000e+01	nan	2.296733191150360509e-01	9.765041875414262260e-03	6.293733180704912111e-03
nan	2.000000000000000000e+04	2.000000000000000000e+01	nan	2.397524923647506578e-01	1.001745834551135902e-02	6.027325601048416810e-03
nan	2.000000000000000000e+04	2.000000000000000000e+01	nan	2.497286348196939565e-01	9.725927388045433122e-03	5.870606360836655262e-03
nan	2.000000000000000000e+04	2.000000000000000000e+01	nan	2.426286407727615002e-01	9.532462704470856876e-03	5.758162073505516607e-03
nan	2.000000000000000000e+04	2.000000000000000000e+01	nan	2.697952901009648685e-01	9.412646421292424764e-03	5.555284178912177351e-03
nan	2.000000000000000000e+04	2.000000000000000000e+01	nan	2.797989159001644799e-01	8.936355136120739673e-03	5.583211693119625313e-03
nan	2.000000000000000000e+04	2.000000000000000000e+01	nan	2.895153343789661493e-01	9.276235688256140310e-03	5.535912053864992799e-03
nan	2.000000000000000000e+04	2.000000000000000000e+01	nan	2.996120804459406206e-01	9.250888518739097330e-03	5.535153169441299655e-03
nan	2.000000000000000000e+04	2.000000000000000000e+01	nan	3.091512030050762583e-01	9.035002978481006600e-03	5.671577896809656613e-03
nan	2.000000000000000000e+04	2.000000000000000000e+01	nan	3.196548064866056027e-01	8.915369220717020426e-03	5.227990472854585416e-03
nan	2.000000000000000000e+04	2.000000000000000000e+01	nan	3.290478052150501709e-01	8.759895200037556146e-03	4.877560202956791532e-03
nan	2.000000000000000000e+04	2.000000000000000000e+01	nan	3.393614303574122859e-01	9.280895268853693592e-03	4.991197997480019757e-03
nan	2.000000000000000000e+04	2.000000000000000000e+01	nan	3.496186888586907959e-01	8.942752257164758231e-03	4.861018299377990216e-03
nan	2.000000000000000000e+04	2.000000000000000000e+01	nan	3.585700980990623177e-01	8.954455922261550169e-03	4.763209151189757781e-03
nan	2.000000000000000000e+04	2.000000000000000000e+01	nan	3.697847126135002105e-01	8.788063839879041786e-03	4.712164052150512664e-03
nan	2.000000000000000000e+04	2.000000000000000000e+01	nan	3.553002774729320801e-01	8.887996294431852601e-03	4.801271175987853815e-03
nan	2.000000000000000000e+04	2.000000000000000000e+01	nan	3.890065323033195521e-01	8.531428205662593481e-03	4.818296240019405083e-03
nan	2.000000000000000000e+04	2.000000000000000000e+01	nan	3.996692663455087002e-01	8.888317879956364465e-03	4.545536684209048987e-03
nan	2.000000000000000000e+04	2.000000000000000000e+01	nan	1.983707231515268246e-02	2.173164605105284974e-02	1.993720357426694359e-02
nan	2.000000000000000000e+04	2.000000000000000000e+01	nan	2.992497692524353006e-02	1.824857696178634053e-02	1.675278687853443138e-02
nan	2.000000000000000000e+04	2.000000000000000000e+01	nan	3.992107530507723462e-02	1.561555329807586337e-02	1.439333285374276225e-02
nan	2.000000000000000000e+04	2.000000000000000000e+01	nan	4.990722847540837032e-02	1.484630030105793530e-02	1.345568561722815248e-02
nan	2.000000000000000000e+04	2.000000000000000000e+01	nan	5.987515681677223200e-02	1.381087987645940839e-02	1.214959229367546314e-02
nan	2.000000000000000000e+04	2.000000000000000000e+01	nan	6.992171195611718293e-02	1.388683643159175328e-02	1.057925812784860954e-02
nan	2.000000000000000000e+04	2.000000000000000000e+01	nan	7.963634858494969548e-02	1.316952952801941391e-02	1.007941731749163738e-02
nan	2.000000000000000000e+04	2.000000000000000000e+01	nan	8.982936841004175721e-02	1.277044033622536968e-02	9.848045522713408731e-03
nan	2.000000000000000000e+04	2.000000000000000000e+01	nan	9.988306974277065542e-02	1.189835424613937091e-02	9.561130777582195830e-03
nan	2.000000000000000000e+04	2.000000000000000000e+01	nan	1.098383364573601167e-01	1.108850743292126920e-02	9.062352516106878669e-03
nan	2.000000000000000000e+04	2.000000000000000000e+01	nan	1.197698604529569000e-01	1.139854756567839147e-02	8.789334992390098258e-03
nan	2.000000000000000000e+04	2.000000000000000000e+01	nan	1.291613171304880070e-01	1.079328491694004494e-02	8.216440774552070253e-03
nan	2.000000000000000000e+04	2.000000000000000000e+01	nan	1.396981813436468656e-01	1.107772112803352346e-02	7.966362268235646638e-03
nan	2.000000000000000000e+04	2.000000000000000000e+01	nan	1.497233468054037231e-01	1.078692139953790763e-02	7.917506905085275326e-03
nan	2.000000000000000000e+04	2.000000000000000000e+01	nan	1.598112047835184013e-01	1.057959116235527262e-02	7.234452974969063539e-03
nan	2.000000000000000000e+04	2.000000000000000000e+01	nan	1.692547953509938308e-01	1.057851120496610189e-02	7.267267295744425475e-03
nan	2.000000000000000000e+04	2.000000000000000000e+01	nan	1.797086829076124659e-01	9.974733749872993077e-03	6.856942035931803958e-03
nan	2.000000000000000000e+04	2.000000000000000000e+01	nan	1.898284231800335120e-01	9.767069687660426616e-03	6.688617365312845946e-03
nan	2.000000000000000000e+04	2.000000000000000000e+01	nan	1.997029118028922356e-01	9.872448514652428994e-03	6.566876859349091156e-03
nan	2.000000000000000000e+04	2.000000000000000000e+01	nan	2.096524516126373749e-01	9.805293773800075746e-03	6.585597674349319766e-03
nan	2.000000000000000000e+04	2.000000000000000000e+01	nan	2.166728422428786938e-01	9.952798915091489243e-03	6.311096331128253703e-03
nan	2.000000000000000000e+04	2.000000000000000000e+01	nan	2.298841983604688610e-01	9.781338375714413239e-03	6.068917648828347014e-03
nan	2.000000000000000000e+04	2.000000000000000000e+01	nan	2.371711738214435372e-01	9.600910326975024139e-03	5.864055404912445549e-03
nan	2.000000000000000000e+04	2.000000000000000000e+01	nan	2.496992780245000376e-01	9.785664397600143255e-03	6.021398245347743712e-03
nan	2.000000000000000000e+04	2.000000000000000000e+01	nan	2.592329271428843729e-01	9.530808102798150189e-03	5.716633794667939569e-03
nan	2.000000000000000000e+04	2.000000000000000000e+01	nan	2.695003010339496741e-01	9.523813896002250590e-03	5.903173811453711790e-03
nan	2.000000000000000000e+04	2.000000000000000000e+01	nan	2.797038335865636438e-01	9.490688716984926887e-03	5.787318809771022435e-03
nan	2.000000000000000000e+04	2.000000000000000000e+01	nan	2.892642369397981361e-01	9.216261095417625088e-03	5.547520423520737806e-03
nan	2.000000000000000000e+04	2.000000000000000000e+01	nan	2.994135416381595860e-01	9.329884572329276080e-03	5.457171655909829298e-03
nan	2.000000000000000000e+04	2.000000000000000000e+01	nan	3.096334464845676981e-01	9.217216025338311608e-03	5.199609653835314885e-03
nan	2.000000000000000000e+04	2.000000000000000000e+01	nan	3.191633478701715321e-01	9.009682353444826985e-03	5.240512051549450594e-03
nan	2.000000000000000000e+04	2.000000000000000000e+01	nan	3.291057126724626913e-01	8.806132315247934897e-03	5.166385191714388189e-03
nan	2.000000000000000000e+04	2.000000000000000000e+01	nan	3.393646118374181175e-01	9.266557772401682463e-03	5.080528025883098570e-03
nan	2.000000000000000000e+04	2.000000000000000000e+01	nan	3.267904510778541494e-01	8.608561398013943669e-03	4.827222709651706259e-03
nan	2.000000000000000000e+04	2.000000000000000000e+01	nan	3.593003893636432799e-01	8.509118155676613504e-03	4.720585158400866441e-03
nan	2.000000000000000000e+04	2.000000000000000000e+01	nan	3.697403453271362883e-01	9.075100911082019731e-03	4.787308831395578786e-03
nan	2.000000000000000000e+04	2.000000000000000000e+01	nan	3.795128560220473735e-01	9.290292300495961789e-03	4.952068106155471140e-03
nan	2.000000000000000000e+04	2.000000000000000000e+01	nan	3.851468690094589364e-01	8.699157132228626382e-03	4.739281369149785962e-03
nan	2.000000000000000000e+04	2.000000000000000000e+01	nan	3.991181687140669676e-01	8.763759829257786876e-03	4.803089915733324208e-03
nan	2.000000000000000000e+04	2.000000000000000000e+01	nan	1.996936269661830216e-02	2.231065428523675356e-02	2.053181194148911287e-02
nan	2.000000000000000000e+04	2.000000000000000000e+01	nan	2.975584068153807465e-02	1.925595376346851337e-02	1.703109363941727669e-02
nan	2.000000000000000000e+04	2.000000000000000000e+01	nan	3.994221608921293132e-02	1.570028763739241690e-02	1.419060579168365463e-02
nan	2.000000000000000000e+04	2.000000000000000000e+01	nan	4.978913640157429932e-02	1.457956016205544381e-02	1.317257974077678563e-02
nan	2.000000000000000000e+04	2.000000000000000000e+01	nan	5.989700140516788368e-02	1.427223039719021855e-02	1.190021593630179002e-02
nan	2.000000000000000000e+04	2.000000000000000000e+01	nan	6.962504445544027976e-02	1.375125769787653197e-02	1.090752018255964836e-02
nan	2.000000000000000000e+04	2.000000000000000000e+01	nan	7.980539524381582983e-02	1.249119582976341257e-02	1.002788880322424275e-02
nan	2.000000000000000000e+04	2.000000000000000000e+01	nan	8.979532726537173271e-02	1.261064959735187785e-02	1.005246975281226876e-02
nan	2.000000000000000000e+04	2.000000000000000000e+01	nan	9.984953056084577838e-02	1.198064285848886301e-02	9.471812972763468327e-03
nan	2.000000000000000000e+04	2.000000000000000000e+01	nan	1.096686714298812093e-01	1.182987057028347770e-02	9.017642545751460709e-03
nan	2.000000000000000000e+04	2.000000000000000000e+01	nan	1.197790976172882493e-01	1.139517278140088352e-02	8.466620038770036882e-03
nan	2.000000000000000000e+04	2.000000000000000000e+01	nan	1.297087695349227743e-01	1.178955886455078025e-02	7.724009474772253192e-03
nan	2.000000000000000000e+04	2.000000000000000000e+01	nan	1.396866872651116864e-01	1.069847958095568492e-02	7.690025130416032646e-03
nan	2.000000000000000000e+04	2.000000000000000000e+01	nan	1.493660064625010053e-01	1.067955944674305567e-02	7.971019079808381452e-03
nan	2.000000000000000000e+04	2.000000000000000000e+01	nan	1.598309104819964077e-01	1.079907145657158993e-02	7.241080278419362651e-03
nan	2.000000000000000000e+04	2.000000000000000000e+01	nan	1.696186371323483433e-01	1.039361859416648715e-02	7.138833421064085319e-03
nan	2.000000000000000000e+04	2.000000000000000000e+01	nan	1.793738133495162423e-01	9.975319476823975989e-03	6.993007297302458562e-03
nan	2.000000000000000000e+04	2.000000000000000000e+01	nan	1.896689310273768636e-01	1.021287553341669596e-02	6.540201330582954935e-03
nan	2.000000000000000000e+04	2.000000000000000000e+01	nan	1.998141292348964426e-01	9.683789637657043425e-03	6.700875727543497903e-03
nan	2.000000000000000000e+04	2.000000000000000000e+01	nan	2.097019917453508131e-01	9.859328981719494428e-03	6.295140961183229647e-03
nan	2.000000000000000000e+04	2.000000000000000000e+01	nan	2.196337216511983770e-01	9.708461832697310237e-03	6.415558148444166706e-03
nan	2.000000000000000000e+04	2.000000000000000000e+01	nan	2.294730666941540986e-01	9.825181407861262664e-03	6.076509986477189769e-03
nan	2.000000000000000000e+04	2.000000000000000000e+01	nan	2.397593503433472217e-01	9.381920846573585729e-03	5.949094731006901102e-03
nan	2.000000000000000000e+04	2.000000000000000000e+01	nan	2.482702174268797413e-01	9.533567296707628688e-03	5.814082470883859613e-03
nan	2.000000000000000000e+04	2.000000000000000000e+01	nan	2.596323867924366091e-01	9.863700960728511921e-03	5.853137411749575851e-03
nan	2.000000000000000000e+04	2.000000000000000000e+01	nan	2.692485020514049920e-01	9.141533488079016737e-03	5.456387893293198135e-03
nan	2.000000000000000000e+04	2.000000000000000000e+01	nan	2.795918540827733723e-01	9.245356370133331683e-03	5.397958943182099706e-03
nan	2.000000000000000000e+04	2.000000000000000000e+01	nan	2.895256034411249901e-01	9.196096681951065888e-03	5.572736544393766187e-03
nan	2.000000000000000000e+04	2.000000000000000000e+01	nan	2.997547440897415094e-01	9.609857082578096565e-03	5.442645365131120946e-03
nan	2.000000000000000000e+04	2.000000000000000000e+01	nan	3.092643561856311951e-01	9.616709778138124443e-03	5.318697281650824893e-03
nan	2.000000000000000000e+04	2.000000000000000000e+01	nan	3.195662967296175050e-01	9.033159691679483461e-03	5.267278732845079997e-03
nan	2.000000000000000000e+04	2.000000000000000000e+01	nan	3.297207477853589808e-01	9.383419410626279988e-03	5.134283894043260334e-03
nan	2.000000000000000000e+04	2.000000000000000000e+01	nan	3.392869564940974580e-01	9.432125299109330591e-03	5.145749164736278247e-03
nan	2.000000000000000000e+04	2.000000000000000000e+01	nan	3.494337147484566364e-01	9.413771401890733831e-03	4.900035303622098451e-03
nan	2.000000000000000000e+04	2.000000000000000000e+01	nan	3.362295392514839110e-01	9.269801918445843072e-03	4.936488973242425179e-03
nan	2.000000000000000000e+04	2.000000000000000000e+01	nan	3.692537552575959059e-01	8.907451750313584091e-03	4.782769999991219254e-03
nan	2.000000000000000000e+04	2.000000000000000000e+01	nan	3.794668104876927628e-01	8.641012066139434206e-03	4.757351026475699178e-03
nan	2.000000000000000000e+04	2.000000000000000000e+01	nan	3.632012145366744216e-01	9.256886135506578808e-03	4.900454033247315759e-03
nan	2.000000000000000000e+04	2.000000000000000000e+01	nan	3.993123087742788124e-01	8.665906848009986146e-03	4.600876262989109927e-03
