# SourcePhotonFlux	NumberRaysSurvived	PercentageRaysSurvived	PhotonFlux	Bandwidth	HorizontalFocusFWHM	VerticalFocusFWHM
nan	1.904375000000000000e+02	1.904374999999999818e-01	nan	5.827439596730599192e-04	3.251009137828081430e-02	1.006776567447521505e-03
nan	2.491875000000000000e+02	2.491875000000000062e-01	nan	7.846073658637209292e-04	2.902213353464636741e-02	1.016828944746480052e-03
nan	2.990625000000000000e+02	2.990625000000000089e-01	nan	1.006307255817517898e-03	2.762153859381069262e-02	1.058231860273207026e-03
nan	3.324375000000000000e+02	3.324374999999999414e-01	nan	1.591546509944308241e-03	2.649693085497147743e-02	1.067158328614185251e-03
nan	3.641250000000000000e+02	3.641249999999999765e-01	nan	1.912570947336433846e-03	2.661627391445544125e-02	1.056823670724086651e-03
nan	4.044375000000000000e+02	4.044374999999999498e-01	nan	2.242608480059971043e-03	2.487936638779996226e-02	1.057091485849060656e-03
nan	4.281875000000000000e+02	4.281875000000000542e-01	nan	2.621863838665916546e-03	2.350561523156261684e-02	1.061571013273997655e-03
nan	4.610000000000000000e+02	4.609999999999999654e-01	nan	3.064278059500935569e-03	2.471860467483891904e-02	1.059830564918717161e-03
nan	4.802500000000000000e+02	4.802500000000000102e-01	nan	3.606588410640654274e-03	2.474366264101342250e-02	1.070104680138996445e-03
nan	5.119375000000000000e+02	5.119374999999999343e-01	nan	3.979754197942497740e-03	2.292023214582331048e-02	1.071794516038628107e-03
nan	5.213750000000000000e+02	5.213749999999999218e-01	nan	4.548310882128703270e-03	2.387676042216819311e-02	1.062956403267914171e-03
nan	5.536250000000000000e+02	5.536250000000000338e-01	nan	4.919007761124305489e-03	2.439279096830217902e-02	1.064969504378990859e-03
nan	5.730000000000000000e+02	5.729999999999999538e-01	nan	5.961849190121881747e-03	2.027635038131864187e-02	1.078403577060739384e-03
nan	6.039375000000000000e+02	6.039375000000000160e-01	nan	5.930309306087622190e-03	2.153146472365661049e-02	1.063361070831515863e-03
nan	6.116875000000000000e+02	6.116874999999999396e-01	nan	6.692903498972668785e-03	2.330204354720214616e-02	1.060211381408273593e-03
nan	6.445000000000000000e+02	6.444999999999999618e-01	nan	7.315658888536802351e-03	2.328418801420884671e-02	1.060652768733934184e-03
nan	6.508750000000000000e+02	6.508749999999999813e-01	nan	7.190743929264442613e-03	2.350040570237591636e-02	1.077212907575253150e-03
nan	6.806875000000000000e+02	6.806875000000000009e-01	nan	8.007130495492731370e-03	2.263355458534734715e-02	1.090950758788543969e-03
nan	6.872500000000000000e+02	6.872500000000000275e-01	nan	9.844780076718961936e-03	2.374396053035868898e-02	1.067226700720539864e-03
nan	6.996250000000000000e+02	6.996249999999999414e-01	nan	9.549193809192502158e-03	2.270304226840193923e-02	1.068654822828445832e-03
nan	7.266875000000000000e+02	7.266875000000000417e-01	nan	9.931172758442130544e-03	2.280252681554352859e-02	1.071491396573916871e-03
nan	7.385000000000000000e+02	7.384999999999999343e-01	nan	1.101713846280460984e-02	2.196331949263508748e-02	1.064991087562007933e-03
nan	7.570000000000000000e+02	7.570000000000000062e-01	nan	1.187739635349771561e-02	2.274534373274878646e-02	1.068319724297169850e-03
nan	7.605625000000000000e+02	7.605625000000000302e-01	nan	1.124032767897631402e-02	2.288815435078341703e-02	1.077060884983409815e-03
nan	7.748750000000000000e+02	7.748749999999999805e-01	nan	1.257782939366336450e-02	2.162572159780757480e-02	1.075499001768366646e-03
nan	7.945625000000000000e+02	7.945624999999999494e-01	nan	1.290364629858231638e-02	2.071309498556564432e-02	1.083253108599231771e-03
nan	8.029375000000000000e+02	8.029374999999999707e-01	nan	1.411277853750902977e-02	2.197528235336671312e-02	1.086735154713492800e-03
nan	8.149375000000000000e+02	8.149375000000000924e-01	nan	1.500548333760320929e-02	2.079721431579733409e-02	1.079340098485218275e-03
nan	8.424375000000000000e+02	8.424374999999999503e-01	nan	1.687283061232847103e-02	2.049443238684856006e-02	1.096517707151586831e-03
nan	8.556250000000000000e+02	8.556249999999999689e-01	nan	1.636061732443749861e-02	2.064853250325449086e-02	1.077621907148854259e-03
nan	8.613125000000000000e+02	8.613124999999999254e-01	nan	1.721659816324461190e-02	2.094147759130681602e-02	1.047294015651695481e-03
nan	8.750000000000000000e+02	8.750000000000000000e-01	nan	1.865013155972405912e-02	2.137807467465818734e-02	1.097691690691974349e-03
nan	8.969375000000000000e+02	8.969375000000000542e-01	nan	1.877013746275224548e-02	2.238491003299255405e-02	1.083550617351600794e-03
nan	9.101875000000000000e+02	9.101875000000000382e-01	nan	1.872336428937160235e-02	2.236911573811615345e-02	1.090251536909121743e-03
nan	9.156875000000000000e+02	9.156874999999999876e-01	nan	2.137856624325706889e-02	2.183955657562369063e-02	1.074722765819797728e-03
nan	9.298125000000000000e+02	9.298124999999999307e-01	nan	1.950076658941668484e-02	2.253813287733782283e-02	1.096231410749423868e-03
nan	9.488750000000000000e+02	9.488750000000001350e-01	nan	2.263882608707490363e-02	2.217969760331465340e-02	1.087869833220073438e-03
nan	9.653125000000000000e+02	9.653125000000000178e-01	nan	2.116338471169854074e-02	2.091828959062818488e-02	1.100667719653209255e-03
nan	9.585000000000000000e+02	9.585000000000000187e-01	nan	2.301535935404785960e-02	2.117284545476854143e-02	1.098955689863199969e-03
nan	1.592500000000000000e+02	1.592500000000000027e-01	nan	4.655164802862543638e-04	2.760364736586428877e-02	8.475632219764001139e-04
nan	2.034375000000000000e+02	2.034374999999999933e-01	nan	8.269025210125846570e-04	2.840201209059797435e-02	8.132356999400069302e-04
nan	2.385000000000000000e+02	2.384999999999999898e-01	nan	1.126370512187335748e-03	2.753034085798902741e-02	8.635464709595678688e-04
nan	2.796875000000000000e+02	2.796874999999999778e-01	nan	1.367890075357536261e-03	2.558616697546529928e-02	8.625268633082025559e-04
nan	3.100625000000000000e+02	3.100624999999999631e-01	nan	1.711442646787020294e-03	2.609251411482992056e-02	8.908619225452968360e-04
nan	3.279375000000000000e+02	3.279374999999999929e-01	nan	2.259270637491539446e-03	2.341105473643226298e-02	8.824868938783609045e-04
nan	3.582500000000000000e+02	3.582500000000000129e-01	nan	2.761678718790960829e-03	2.377111975501867980e-02	8.876859004044803953e-04
nan	3.916875000000000000e+02	3.916874999999999662e-01	nan	3.310233723347266732e-03	2.523517820054368282e-02	8.807474232924111888e-04
nan	3.973125000000000000e+02	3.973125000000000684e-01	nan	3.218710290799009499e-03	2.247242775244865515e-02	8.702742638647042658e-04
nan	4.241250000000000000e+02	4.241249999999999742e-01	nan	3.979778874821704449e-03	2.282824129462113216e-02	8.989821843453441041e-04
nan	4.314375000000000000e+02	4.314375000000000293e-01	nan	4.104508148984109539e-03	2.309682296714711883e-02	8.860364040541067812e-04
nan	4.593125000000000000e+02	4.593124999999999569e-01	nan	4.749672610799393624e-03	2.476688030928054715e-02	8.754386664264454708e-04
nan	4.682500000000000000e+02	4.682499999999999996e-01	nan	5.351390510092812747e-03	2.196375964315447349e-02	8.984499171154184966e-04
nan	5.040625000000000000e+02	5.040624999999999689e-01	nan	5.881582863217715840e-03	2.198732046670724000e-02	8.895489898459245067e-04
nan	5.191250000000000000e+02	5.191250000000000586e-01	nan	6.034345933478846291e-03	2.316759340570709313e-02	8.983805144871135576e-04
nan	5.243125000000000000e+02	5.243124999999999591e-01	nan	6.907812944518809672e-03	2.364189484678186001e-02	8.941903010990953117e-04
nan	5.456875000000000000e+02	5.456874999999999920e-01	nan	6.972944863257168890e-03	2.252905241546042728e-02	8.950995097660680109e-04
nan	5.561875000000000000e+02	5.561874999999999458e-01	nan	8.097343543738588778e-03	2.318220324145974648e-02	8.992774409716430741e-04
nan	5.754375000000000000e+02	5.754374999999999352e-01	nan	8.503191897297313062e-03	2.432891441303944302e-02	8.951123830941171838e-04
nan	5.868750000000000000e+02	5.868750000000000355e-01	nan	8.893271563295002125e-03	2.329185178689561347e-02	8.922283704949000686e-04
nan	6.003750000000000000e+02	6.003749999999999920e-01	nan	9.223347958709382510e-03	2.167515225713696411e-02	8.980245044353862361e-04
nan	6.126875000000000000e+02	6.126875000000000515e-01	nan	1.018578111204249126e-02	2.378555310341738671e-02	8.952704742336684875e-04
nan	6.130000000000000000e+02	6.129999999999999893e-01	nan	1.134017138566889571e-02	2.115568325096861546e-02	8.905997961186169418e-04
nan	6.347500000000000000e+02	6.347500000000000364e-01	nan	1.132485647453052025e-02	2.081122571023338169e-02	9.016847690900237989e-04
nan	6.458125000000000000e+02	6.458125000000000115e-01	nan	1.178369208302854076e-02	2.225536829742433623e-02	8.876102908934380750e-04
nan	6.686875000000000000e+02	6.686874999999999902e-01	nan	1.235983141390306628e-02	2.148854957432437540e-02	8.973181648349680796e-04
nan	6.756250000000000000e+02	6.756250000000000311e-01	nan	1.379380175595201763e-02	1.981692227033398160e-02	8.980442428052991645e-04
nan	6.863125000000000000e+02	6.863124999999999920e-01	nan	1.411542610570393208e-02	2.204060676243643768e-02	8.972463071565629691e-04
nan	6.950000000000000000e+02	6.949999999999999512e-01	nan	1.333984025501422366e-02	2.135625095568152720e-02	9.040524054282053548e-04
nan	7.032500000000000000e+02	7.032499999999998197e-01	nan	1.606685894525128333e-02	1.968986730436315252e-02	8.942266714440335381e-04
nan	7.270625000000000000e+02	7.270625000000000560e-01	nan	1.570002861106445380e-02	2.121242197459705450e-02	9.067068689360567504e-04
nan	7.368750000000000000e+02	7.368750000000000577e-01	nan	1.714270688989927294e-02	2.106545695916482719e-02	8.946330963798996509e-04
nan	7.430000000000000000e+02	7.429999999999999938e-01	nan	1.830373907291971136e-02	2.103324522533253291e-02	9.117231688308941690e-04
nan	7.555625000000000000e+02	7.555624999999999147e-01	nan	1.796471002298005715e-02	2.105067339767881240e-02	8.964460836177032179e-04
nan	7.700000000000000000e+02	7.700000000000000178e-01	nan	1.831145728745298129e-02	2.151757520192830106e-02	8.931328108481387815e-04
nan	7.768125000000000000e+02	7.768125000000000169e-01	nan	1.959238522634620949e-02	2.150180597418033593e-02	9.091117561336298745e-04
nan	7.895000000000000000e+02	7.894999999999999796e-01	nan	2.011595440411895197e-02	2.014543256815150979e-02	8.975204208379578648e-04
nan	8.001875000000000000e+02	8.001874999999999405e-01	nan	2.123770401944113928e-02	2.092370771849998839e-02	8.964975968178323564e-04
nan	8.005000000000000000e+02	8.004999999999999893e-01	nan	2.241099979869431991e-02	2.109171536832021507e-02	9.147911618282124823e-04
nan	1.276250000000000000e+02	1.276249999999999885e-01	nan	4.567377888102797101e-04	3.118494796998813601e-02	6.615376223085671099e-04
nan	1.588125000000000000e+02	1.588124999999999953e-01	nan	8.067603522512456493e-04	2.990830868858122826e-02	6.575716801647023615e-04
nan	1.870000000000000000e+02	1.869999999999999996e-01	nan	1.273934325284997726e-03	2.395329997453218493e-02	6.943303439804543106e-04
nan	2.266875000000000000e+02	2.266875000000000417e-01	nan	1.456324664971475613e-03	2.788136415437211801e-02	7.081513794424888937e-04
nan	2.457500000000000000e+02	2.457500000000000240e-01	nan	1.799582009912370495e-03	2.563952742707334420e-02	6.868884914808504570e-04
nan	2.631250000000000000e+02	2.631249999999999978e-01	nan	2.038586019537547145e-03	2.493769732635932670e-02	6.999308193265956933e-04
nan	2.945000000000000000e+02	2.944999999999999840e-01	nan	2.424086224195320938e-03	2.542767393715764795e-02	7.106985540847002725e-04
nan	3.048125000000000000e+02	3.048124999999999862e-01	nan	3.177849032962143383e-03	2.330448753845625748e-02	7.009926435225205359e-04
nan	3.130625000000000000e+02	3.130625000000000213e-01	nan	3.237538000359307944e-03	2.355353618600955490e-02	6.925800866362134345e-04
nan	3.435000000000000000e+02	3.435000000000000275e-01	nan	3.628297680130287972e-03	2.432659291941421595e-02	6.973246364819797854e-04
nan	3.510625000000000000e+02	3.510624999999999996e-01	nan	4.296634260214204915e-03	2.359393625210708112e-02	7.083155142060682929e-04
nan	3.576250000000000000e+02	3.576250000000000262e-01	nan	5.082033090040738443e-03	2.322520873641135269e-02	7.138293402356831862e-04
nan	3.789375000000000000e+02	3.789375000000000382e-01	nan	4.852593930998239102e-03	2.213410962106735977e-02	7.155955210258779006e-04
nan	4.034375000000000000e+02	4.034375000000000044e-01	nan	5.955311011327069082e-03	2.069176512121506661e-02	7.205581668931811817e-04
nan	4.095625000000000000e+02	4.095624999999999960e-01	nan	6.587539225172633905e-03	2.242052090570759854e-02	7.181735273047437163e-04
nan	4.191875000000000000e+02	4.191874999999999907e-01	nan	6.344750724096570593e-03	2.330897410986006169e-02	7.064670313991523861e-04
nan	4.350625000000000000e+02	4.350625000000000187e-01	nan	6.699771926939490641e-03	2.315469199665429190e-02	7.083559274751724316e-04
nan	4.423750000000000000e+02	4.423750000000000182e-01	nan	7.565924690922543050e-03	2.359386310877688298e-02	7.119743361712148723e-04
nan	4.569375000000000000e+02	4.569374999999999964e-01	nan	8.122478836405377933e-03	2.276742305502629099e-02	7.065851216627520555e-04
nan	4.705625000000000000e+02	4.705624999999999947e-01	nan	8.719213220231836203e-03	2.260644931748070907e-02	7.230075559363175006e-04
nan	4.791250000000000000e+02	4.791250000000000231e-01	nan	9.388616857123111004e-03	2.304433205847172469e-02	7.129112112854267547e-04
nan	4.839375000000000000e+02	4.839375000000000204e-01	nan	1.023797775219748019e-02	2.222748206561408341e-02	7.094602937173922867e-04
nan	5.047500000000000000e+02	5.047500000000000320e-01	nan	1.014196750114138013e-02	2.129739255285070104e-02	7.085786033101261049e-04
nan	5.079375000000000000e+02	5.079375000000000417e-01	nan	1.101111838909218932e-02	2.365993495977911087e-02	7.293222343361918571e-04
nan	5.208750000000000000e+02	5.208749999999999769e-01	nan	1.213228479706174312e-02	2.287941804495631504e-02	7.099141406325088595e-04
nan	5.221875000000000000e+02	5.221875000000000266e-01	nan	1.160684600445449632e-02	2.103065817639571469e-02	7.245181015507842250e-04
nan	5.461875000000000000e+02	5.461875000000000480e-01	nan	1.227894753870373279e-02	2.154281927213431633e-02	7.138621267620682935e-04
nan	5.413125000000000000e+02	5.413124999999999742e-01	nan	1.411316181685151605e-02	2.078355651697472162e-02	7.166711816857643030e-04
nan	5.592500000000000000e+02	5.592500000000000249e-01	nan	1.444157987839389534e-02	2.349217670087540288e-02	7.126829606002785386e-04
nan	5.638750000000000000e+02	5.638749999999999041e-01	nan	1.481143828101494364e-02	2.276680009455932935e-02	7.076567467537903978e-04
nan	5.733750000000000000e+02	5.733749999999999680e-01	nan	1.553957099893921168e-02	2.071959241525330592e-02	7.112097325876224826e-04
nan	5.771250000000000000e+02	5.771249999999999991e-01	nan	1.593732974671979719e-02	2.055452746091946531e-02	7.129701248701208072e-04
nan	5.888750000000000000e+02	5.888749999999999263e-01	nan	1.786941917320916673e-02	2.079791323872622749e-02	7.110158085277988116e-04
nan	5.994375000000000000e+02	5.994375000000000675e-01	nan	1.602645758261189712e-02	2.219006380819432689e-02	7.151015339481780943e-04
nan	6.147500000000000000e+02	6.147499999999999076e-01	nan	1.696018165810642131e-02	2.141923976848990330e-02	7.178834288991145724e-04
nan	6.278125000000000000e+02	6.278124999999999956e-01	nan	1.931887653091735046e-02	2.185083380268995623e-02	7.236282037795812401e-04
nan	6.305625000000000000e+02	6.305624999999999147e-01	nan	1.942381060293030259e-02	2.200302953601550662e-02	7.123541922029223098e-04
nan	6.263125000000000000e+02	6.263124999999999387e-01	nan	2.140873990120439885e-02	2.090603714046813250e-02	7.247068942741758529e-04
nan	6.421875000000000000e+02	6.421875000000000222e-01	nan	2.094609476307596196e-02	2.276330781397758324e-02	7.149776337615387951e-04
nan	1.026875000000000000e+02	1.026875000000000149e-01	nan	4.627519344566621839e-04	3.060011374556275213e-02	5.275311036585376197e-04
nan	1.306250000000000000e+02	1.306249999999999911e-01	nan	7.739462637612604112e-04	2.828630387313031333e-02	5.567928378772819516e-04
nan	1.594375000000000000e+02	1.594374999999999820e-01	nan	1.052182488345820843e-03	2.862603955452727028e-02	5.531257323320323783e-04
nan	1.901250000000000000e+02	1.901250000000000162e-01	nan	1.566332492952682287e-03	2.415431124586983960e-02	5.617033769145383026e-04
nan	2.061250000000000000e+02	2.061250000000000027e-01	nan	1.611876298845515976e-03	2.365463406465892482e-02	5.862453076233009597e-04
nan	2.189375000000000000e+02	2.189374999999999793e-01	nan	1.859707121646181349e-03	2.386593363434387841e-02	5.864895308387654566e-04
nan	2.356250000000000000e+02	2.356250000000000011e-01	nan	2.454373977187174205e-03	2.539296418676297018e-02	5.926612029106743430e-04
nan	2.486250000000000000e+02	2.486250000000000127e-01	nan	2.886699584323082490e-03	2.649280442974485950e-02	5.775560513564680261e-04
nan	2.622500000000000000e+02	2.622499999999999831e-01	nan	3.197024637181300477e-03	2.329464758528453083e-02	5.808915646865197039e-04
nan	2.785625000000000000e+02	2.785624999999999907e-01	nan	3.458108189903441598e-03	2.220582069678646991e-02	5.842623928235110217e-04
nan	2.888125000000000000e+02	2.888125000000000275e-01	nan	4.254212993672012999e-03	2.294550240666825419e-02	5.888750030469947199e-04
nan	3.067500000000000000e+02	3.067499999999999671e-01	nan	4.796612639353270424e-03	2.397044733174065467e-02	5.893748657902623308e-04
nan	3.159375000000000000e+02	3.159374999999999822e-01	nan	4.964994071031014755e-03	2.172550295558420969e-02	5.844113987581629494e-04
nan	3.273750000000000000e+02	3.273749999999999716e-01	nan	5.709895254369712347e-03	2.184745517684973104e-02	5.845980312967429503e-04
nan	3.373125000000000000e+02	3.373125000000000151e-01	nan	6.107966064824665864e-03	2.333265614181558034e-02	5.892594831424263118e-04
nan	3.495625000000000000e+02	3.495624999999999982e-01	nan	6.968500598809157509e-03	2.166194122095903632e-02	5.901028911668866053e-04
nan	3.583750000000000000e+02	3.583749999999999991e-01	nan	6.556887159838709067e-03	1.952276868307889837e-02	6.036812690896832707e-04
nan	3.644375000000000000e+02	3.644374999999999698e-01	nan	7.721644294221619020e-03	2.236956649806026015e-02	5.784564385437091383e-04
nan	3.802500000000000000e+02	3.802499999999999769e-01	nan	7.872221755270913945e-03	2.074140997740526668e-02	5.981391043563512788e-04
nan	3.916875000000000000e+02	3.916874999999999662e-01	nan	8.563767811097022786e-03	2.264528921649804072e-02	5.990518305922811187e-04
nan	4.012500000000000000e+02	4.012499999999999956e-01	nan	8.535239546631601115e-03	2.318407884008382921e-02	5.969964981918245194e-04
nan	4.064375000000000000e+02	4.064375000000000626e-01	nan	9.781069167260625363e-03	1.998117453514779152e-02	5.959623721109274770e-04
nan	4.166250000000000000e+02	4.166250000000000231e-01	nan	1.061206910392797909e-02	2.206793396248924247e-02	5.847618248222724883e-04
nan	4.241875000000000000e+02	4.241874999999999951e-01	nan	1.091397942290939227e-02	2.009833536306180474e-02	5.960690054673380232e-04
nan	4.290625000000000000e+02	4.290624999999999578e-01	nan	1.129582089821212776e-02	2.263990278253991822e-02	5.976956460315652414e-04
nan	4.491250000000000000e+02	4.491249999999999964e-01	nan	1.140938598520335745e-02	2.310389467541781872e-02	5.979047905525921528e-04
nan	4.378750000000000000e+02	4.378750000000000142e-01	nan	1.312925038303092151e-02	2.272158276188157230e-02	5.916355341067116268e-04
nan	4.562500000000000000e+02	4.562499999999999889e-01	nan	1.224608380320546530e-02	2.146488768831807115e-02	5.943377972397706314e-04
nan	4.606250000000000000e+02	4.606250000000000067e-01	nan	1.360042543818451577e-02	2.291541527596703889e-02	5.974112242726275449e-04
nan	4.718750000000000000e+02	4.718750000000000444e-01	nan	1.354846930053099641e-02	1.981071899390231955e-02	5.922595944623347541e-04
nan	4.706250000000000000e+02	4.706249999999999600e-01	nan	1.503834493185252086e-02	2.296657174745171670e-02	6.029227672189372373e-04
nan	4.881250000000000000e+02	4.881249999999999756e-01	nan	1.494763461236914281e-02	2.317487208482209987e-02	5.997502525309357469e-04
nan	4.880625000000000000e+02	4.880624999999999547e-01	nan	1.760647691877181842e-02	2.333962108571745186e-02	5.906761392414075149e-04
nan	5.116875000000000000e+02	5.116875000000000728e-01	nan	1.688525093430826018e-02	2.004627054609552789e-02	5.999302608713501673e-04
nan	5.145625000000000000e+02	5.145625000000000338e-01	nan	1.776454443047725817e-02	2.164670452054354155e-02	5.907032989147834815e-04
nan	5.174375000000000000e+02	5.174374999999999947e-01	nan	1.733764013150107530e-02	2.220617273186623053e-02	5.923111652034750195e-04
nan	5.180625000000000000e+02	5.180624999999999813e-01	nan	1.899764398507386431e-02	2.144470375875259099e-02	5.940732397016837158e-04
nan	5.290000000000000000e+02	5.290000000000000258e-01	nan	1.970671701371884410e-02	2.114803372800685630e-02	5.908827377524212589e-04
nan	5.374375000000000000e+02	5.374375000000000124e-01	nan	2.130730530296887082e-02	2.190936988758987458e-02	5.949760818172347265e-04
nan	7.331250000000000000e+01	7.331250000000000266e-02	nan	5.196277896644119210e-04	3.694685849006804773e-02	3.949347530709042980e-04
nan	1.025000000000000000e+02	1.025000000000000078e-01	nan	7.611452034890220375e-04	3.549302807449546127e-02	3.755472425381969383e-04
nan	1.260625000000000000e+02	1.260624999999999940e-01	nan	1.197378952960903575e-03	2.882458933730908113e-02	4.302851357315795990e-04
nan	1.362500000000000000e+02	1.362500000000000100e-01	nan	1.105153531444358350e-03	2.558539076668643955e-02	4.660334407388560304e-04
nan	1.616875000000000000e+02	1.616875000000000118e-01	nan	1.751142233729297004e-03	2.604575926902895355e-02	4.601256858656024070e-04
nan	1.753125000000000000e+02	1.753124999999999822e-01	nan	1.972990041597455502e-03	2.205730817722597464e-02	4.492501183140120672e-04
nan	1.886250000000000000e+02	1.886250000000000149e-01	nan	2.427916993386958211e-03	2.587343160485074470e-02	4.533792325184759467e-04
nan	1.990000000000000000e+02	1.989999999999999825e-01	nan	3.117550801949420247e-03	2.359620385363338582e-02	4.695637007394042636e-04
nan	2.005625000000000000e+02	2.005624999999999769e-01	nan	3.190841693463397633e-03	2.392581386466461485e-02	4.657809569341118147e-04
nan	2.228125000000000000e+02	2.228125000000000244e-01	nan	3.520192946005806789e-03	2.537282532328604887e-02	4.634093331678983477e-04
nan	2.355625000000000000e+02	2.355624999999999802e-01	nan	4.175998218393317529e-03	2.520070384849072351e-02	4.634145254655570715e-04
nan	2.475625000000000000e+02	2.475625000000000187e-01	nan	4.739274519046432488e-03	2.306035183306131414e-02	4.694569243285329164e-04
nan	2.539375000000000000e+02	2.539375000000000382e-01	nan	4.636541451695563865e-03	2.136786341959059227e-02	4.708039426534673809e-04
nan	2.636250000000000000e+02	2.636249999999999982e-01	nan	5.954448890349794965e-03	2.036731230552436128e-02	4.631695282668340683e-04
nan	2.776250000000000000e+02	2.776250000000000107e-01	nan	5.559720642018817216e-03	2.239630554791117306e-02	4.670543409187445736e-04
nan	2.768125000000000000e+02	2.768125000000000169e-01	nan	6.093737923009712176e-03	2.453688982301224439e-02	4.636962309522115518e-04
nan	2.927500000000000000e+02	2.927500000000000102e-01	nan	6.892331240301530215e-03	2.158939844886284196e-02	4.712253640965859179e-04
nan	2.884375000000000000e+02	2.884375000000000133e-01	nan	7.464634045533102835e-03	2.357461225671402677e-02	4.758755893186462438e-04
nan	3.068125000000000000e+02	3.068124999999999880e-01	nan	7.698093418234464025e-03	2.252364857252238395e-02	4.651434666439621885e-04
nan	3.128750000000000000e+02	3.128750000000000142e-01	nan	8.597129649515977690e-03	2.296560303576500317e-02	4.680573935906605734e-04
nan	3.215000000000000000e+02	3.215000000000000080e-01	nan	9.757245934054026293e-03	2.028309905598060792e-02	4.773844240462259440e-04
nan	3.240625000000000000e+02	3.240625000000000311e-01	nan	9.329446536980867677e-03	2.024272355104313192e-02	4.712374618263583527e-04
nan	3.280625000000000000e+02	3.280625000000000346e-01	nan	8.913842944025418547e-03	2.248678858754021154e-02	4.771666794115847227e-04
nan	3.355625000000000000e+02	3.355625000000000413e-01	nan	1.105073934486711096e-02	2.077880340217539909e-02	4.745321710440049716e-04
nan	3.488125000000000000e+02	3.488125000000000253e-01	nan	1.092014390809481483e-02	2.332223131018562601e-02	4.686041418504054059e-04
nan	3.561250000000000000e+02	3.561249999999999694e-01	nan	1.192611975653790068e-02	2.177684365695021357e-02	4.771546148678729041e-04
nan	3.546875000000000000e+02	3.546875000000000444e-01	nan	1.154168849318182311e-02	2.013533561842817399e-02	4.767932464930484527e-04
nan	3.697500000000000000e+02	3.697500000000000231e-01	nan	1.390596377503072745e-02	2.286279749420531970e-02	4.755914663323934167e-04
nan	3.660000000000000000e+02	3.659999999999999920e-01	nan	1.240754141615241224e-02	2.184247245041099489e-02	4.681328804159457782e-04
nan	3.797500000000000000e+02	3.797499999999999765e-01	nan	1.320913267819889825e-02	2.238276680579431507e-02	4.815786736471578885e-04
nan	3.709375000000000000e+02	3.709374999999999756e-01	nan	1.427944067606290446e-02	2.163225223323015159e-02	4.764313244353385996e-04
nan	3.842500000000000000e+02	3.842499999999999805e-01	nan	1.583742769311413667e-02	2.200169491117009643e-02	4.704266563516308402e-04
nan	3.975000000000000000e+02	3.974999999999999645e-01	nan	1.521038158220733294e-02	2.084348498898163857e-02	4.697656593021478418e-04
nan	4.025625000000000000e+02	4.025624999999999898e-01	nan	1.700159521108446370e-02	2.101424986421476793e-02	4.804161175891341791e-04
nan	3.971875000000000000e+02	3.971874999999999711e-01	nan	1.755665935986883142e-02	2.078248861692080091e-02	4.796507512695239979e-04
nan	4.088125000000000000e+02	4.088125000000000231e-01	nan	1.800703976267925555e-02	2.181523276771299424e-02	4.764291083476170129e-04
nan	4.115000000000000000e+02	4.115000000000000324e-01	nan	1.819451890905554592e-02	2.143574629953527017e-02	4.845265305005573174e-04
nan	4.281875000000000000e+02	4.281874999999999987e-01	nan	2.071727942028189773e-02	1.997155919254944498e-02	4.768046841371788714e-04
nan	4.285000000000000000e+02	4.284999999999999920e-01	nan	1.907102776132774125e-02	2.195917845801161061e-02	4.767997236229750985e-04
nan	4.831250000000000000e+01	4.831250000000000822e-02	nan	4.855997492532182491e-04	2.870898146156817404e-02	2.782058948017687152e-04
nan	7.637500000000000000e+01	7.637499999999999845e-02	nan	8.210807396693553528e-04	2.884981319086313278e-02	3.154132310756202376e-04
nan	9.306250000000000000e+01	9.306250000000000633e-02	nan	1.065055501383582737e-03	2.489544758885367526e-02	3.446821079299020128e-04
nan	1.018125000000000000e+02	1.018125000000000141e-01	nan	1.555455004485395420e-03	2.832543974001294068e-02	3.258601103169464150e-04
nan	1.151250000000000000e+02	1.151250000000000051e-01	nan	1.583679632421564065e-03	2.492101905362233485e-02	3.318248838871292188e-04
nan	1.263750000000000000e+02	1.263750000000000151e-01	nan	2.159945905010118850e-03	2.411481007738187216e-02	3.318758192037251763e-04
nan	1.354375000000000000e+02	1.354375000000000162e-01	nan	2.483799131681507788e-03	2.458110801765980846e-02	3.426856355356305405e-04
nan	1.470000000000000000e+02	1.469999999999999918e-01	nan	2.705381008826890366e-03	2.528753788525868462e-02	3.434652385754743639e-04
nan	1.538750000000000000e+02	1.538749999999999840e-01	nan	3.021410948104374938e-03	2.430563220663334301e-02	3.508373072544284993e-04
nan	1.599375000000000000e+02	1.599375000000000102e-01	nan	3.902349976648622487e-03	1.866582200706875735e-02	3.400239561632046096e-04
nan	1.707500000000000000e+02	1.707500000000000129e-01	nan	3.649200342088931848e-03	2.215636278022940081e-02	3.433128669840458842e-04
nan	1.795000000000000000e+02	1.795000000000000207e-01	nan	3.967194996860712308e-03	2.199688032024774489e-02	3.509867428432724258e-04
nan	1.847500000000000000e+02	1.847499999999999976e-01	nan	5.284415748377568889e-03	2.240244559762880408e-02	3.491544499083916952e-04
nan	1.963750000000000000e+02	1.963749999999999940e-01	nan	4.708668061248033609e-03	2.135675436195031557e-02	3.422301998277721760e-04
nan	2.016250000000000000e+02	2.016249999999999987e-01	nan	5.842599229943346018e-03	2.348725409807125158e-02	3.527074480845922809e-04
nan	2.046250000000000000e+02	2.046250000000000013e-01	nan	6.388527865745174950e-03	2.251928566150415700e-02	3.387914927412943975e-04
nan	2.206250000000000000e+02	2.206249999999999878e-01	nan	6.676183022996440286e-03	2.048166380457890415e-02	3.526762849038485694e-04
nan	2.234375000000000000e+02	2.234374999999999833e-01	nan	8.125686499290907250e-03	2.290081316872230599e-02	3.519379089654342541e-04
nan	2.222500000000000000e+02	2.222500000000000309e-01	nan	7.553622593505338045e-03	2.173364386261879624e-02	3.561139309438276384e-04
nan	2.304375000000000000e+02	2.304374999999999896e-01	nan	8.015820961006170364e-03	2.260318672860229389e-02	3.516762400781766164e-04
nan	2.424375000000000000e+02	2.424375000000000002e-01	nan	8.839742056849786422e-03	2.097394167367596512e-02	3.446510294984124652e-04
nan	2.424375000000000000e+02	2.424375000000000280e-01	nan	9.812965884407276462e-03	2.069521291711037131e-02	3.474038145685061059e-04
nan	2.540625000000000000e+02	2.540624999999999689e-01	nan	9.949252385112572483e-03	2.246550375510637451e-02	3.520958266937980756e-04
nan	2.545000000000000000e+02	2.545000000000000040e-01	nan	1.014899324786711077e-02	2.282080548987131668e-02	3.558885909590689574e-04
nan	2.648750000000000000e+02	2.648749999999999716e-01	nan	1.192949568861934040e-02	2.050924185420589102e-02	3.557970323361793431e-04
nan	2.632500000000000000e+02	2.632499999999999840e-01	nan	1.174900789618504859e-02	2.297577662707495777e-02	3.522294989126253701e-04
nan	2.640000000000000000e+02	2.640000000000000124e-01	nan	1.183778189518136514e-02	2.284426695160367629e-02	3.483637258991406811e-04
nan	2.738125000000000000e+02	2.738125000000000142e-01	nan	1.114977061347133258e-02	2.269481411819664410e-02	3.490022353578147839e-04
nan	2.799375000000000000e+02	2.799374999999999503e-01	nan	1.284265009371665656e-02	2.136590258039216053e-02	3.492991271748690152e-04
nan	2.820625000000000000e+02	2.820624999999999938e-01	nan	1.350098017397272088e-02	2.240827929661631107e-02	3.552363561063454599e-04
nan	2.802500000000000000e+02	2.802499999999999991e-01	nan	1.435379181435791907e-02	2.137922120548831073e-02	3.563618298253014901e-04
nan	2.873125000000000000e+02	2.873124999999999707e-01	nan	1.484473665350094507e-02	2.142037700925241914e-02	3.532771074184699921e-04
nan	2.922500000000000000e+02	2.922500000000000098e-01	nan	1.652420583067737425e-02	2.155966719674713011e-02	3.529286229626285511e-04
nan	3.027500000000000000e+02	3.027499999999999636e-01	nan	1.608352217441222365e-02	2.145999315243818373e-02	3.511265074094241552e-04
nan	3.076250000000000000e+02	3.076250000000000373e-01	nan	1.459180705826668145e-02	2.205820345343967315e-02	3.545616476124354485e-04
nan	3.072500000000000000e+02	3.072499999999999676e-01	nan	1.752659761633879043e-02	2.158642521037180961e-02	3.430941735522525442e-04
nan	3.200625000000000000e+02	3.200624999999999720e-01	nan	1.883794518752779368e-02	2.096988592449058192e-02	3.492301096397113338e-04
nan	3.213750000000000000e+02	3.213749999999999662e-01	nan	1.979649074905864836e-02	2.075100737215632152e-02	3.603148570199928209e-04
nan	3.230000000000000000e+02	3.230000000000000093e-01	nan	2.042977629602660272e-02	2.117535002283484763e-02	3.579619695406594101e-04
