# SourcePhotonFlux	NumberRaysSurvived	PercentageRaysSurvived	PhotonFlux	Bandwidth	HorizontalFocusFWHM	VerticalFocusFWHM
nan	2.500000000000000000e+04	2.500000000000000000e+01	nan	2.494891852757508133e-02	1.115551869429993181e-01	2.786035809654770906e-02
nan	2.500000000000000000e+04	2.500000000000000000e+01	nan	3.744990095566080868e-02	1.130346539398161265e-01	2.394830442647359614e-02
nan	2.500000000000000000e+04	2.500000000000000000e+01	nan	4.991669889429850571e-02	1.125065346388017529e-01	2.063514725281442169e-02
nan	2.500000000000000000e+04	2.500000000000000000e+01	nan	6.243782448300727594e-02	1.170533701408208727e-01	1.821397900098662218e-02
nan	2.500000000000000000e+04	2.500000000000000000e+01	nan	7.489880872265075595e-02	1.149973177534728275e-01	1.849207470987515936e-02
nan	2.500000000000000000e+04	2.500000000000000000e+01	nan	8.738732782081015671e-02	1.104511680708219895e-01	1.735398542922890822e-02
nan	2.500000000000000000e+04	2.500000000000000000e+01	nan	9.942410557330205734e-02	1.126340819659969739e-01	1.707378663241426037e-02
nan	2.500000000000000000e+04	2.500000000000000000e+01	nan	1.123367420252030513e-01	1.210004699246516185e-01	1.587354385094518275e-02
nan	2.500000000000000000e+04	2.500000000000000000e+01	nan	1.246641382962678790e-01	1.105844712843382510e-01	1.503989948687531331e-02
nan	2.500000000000000000e+04	2.500000000000000000e+01	nan	1.373395672573991533e-01	1.162297250362783335e-01	1.445802272021963833e-02
nan	2.500000000000000000e+04	2.500000000000000000e+01	nan	1.497661431509911267e-01	1.147234175847605120e-01	1.443833831560067255e-02
nan	2.500000000000000000e+04	2.500000000000000000e+01	nan	1.622566504300948509e-01	1.143538920907202217e-01	1.443834767316931611e-02
nan	2.500000000000000000e+04	2.500000000000000000e+01	nan	1.748327793476747161e-01	1.175877338539975114e-01	1.373907355748030419e-02
nan	2.500000000000000000e+04	2.500000000000000000e+01	nan	1.865865255047580717e-01	1.180242157702768580e-01	1.337828935565655783e-02
nan	2.500000000000000000e+04	2.500000000000000000e+01	nan	1.987156255213946565e-01	1.140456469481643392e-01	1.384290786128849517e-02
nan	2.500000000000000000e+04	2.500000000000000000e+01	nan	2.120669052092907236e-01	1.126071948521568111e-01	1.322679645977408065e-02
nan	2.500000000000000000e+04	2.500000000000000000e+01	nan	2.245475354396617718e-01	1.142194003776261513e-01	1.288548301775795796e-02
nan	2.500000000000000000e+04	2.500000000000000000e+01	nan	2.370740416921819360e-01	1.189787819064059005e-01	1.311718230218184705e-02
nan	2.500000000000000000e+04	2.500000000000000000e+01	nan	2.471984494203596228e-01	1.131108673909646811e-01	1.270370892987430708e-02
nan	2.500000000000000000e+04	2.500000000000000000e+01	nan	2.622031892070424419e-01	1.212951169296880849e-01	1.291346196173641034e-02
nan	2.500000000000000000e+04	2.500000000000000000e+01	nan	2.743722654551987716e-01	1.121172412665766976e-01	1.262843914309493866e-02
nan	2.500000000000000000e+04	2.500000000000000000e+01	nan	2.871845357121856068e-01	1.106156857235702229e-01	1.220414226686253149e-02
nan	2.500000000000000000e+04	2.500000000000000000e+01	nan	2.976875863243435560e-01	1.110049209907268547e-01	1.200083455826488760e-02
nan	2.500000000000000000e+04	2.500000000000000000e+01	nan	3.122675486027475245e-01	1.085935902429313871e-01	1.212292263478232865e-02
nan	2.500000000000000000e+04	2.500000000000000000e+01	nan	3.243770980233477985e-01	1.183321529558191559e-01	1.243872335756454790e-02
nan	2.500000000000000000e+04	2.500000000000000000e+01	nan	3.370340542234373515e-01	1.094669091114089943e-01	1.159138631440821861e-02
nan	2.500000000000000000e+04	2.500000000000000000e+01	nan	3.493241571161576076e-01	1.124594680400252400e-01	1.167854272008455457e-02
nan	2.500000000000000000e+04	2.500000000000000000e+01	nan	3.618781164419289098e-01	1.137019060529362302e-01	1.199110339137665973e-02
nan	2.500000000000000000e+04	2.500000000000000000e+01	nan	3.717383164486847136e-01	1.166141125453642041e-01	1.201146620262971004e-02
nan	2.500000000000000000e+04	2.500000000000000000e+01	nan	3.870732660250979507e-01	1.078501951226711886e-01	1.199320680211536302e-02
nan	2.500000000000000000e+04	2.500000000000000000e+01	nan	3.940813586046232331e-01	1.117228491146876473e-01	1.163291558192996664e-02
nan	2.500000000000000000e+04	2.500000000000000000e+01	nan	4.119190239124890240e-01	1.144426898100093931e-01	1.218064792969532871e-02
nan	2.500000000000000000e+04	2.500000000000000000e+01	nan	4.225121828725093565e-01	1.106547132976817976e-01	1.206656929032677225e-02
nan	2.500000000000000000e+04	2.500000000000000000e+01	nan	4.367472684748179290e-01	1.077775770048802900e-01	1.124692422506397282e-02
nan	2.500000000000000000e+04	2.500000000000000000e+01	nan	4.492638500714747352e-01	1.157357233569456245e-01	1.172997175939435519e-02
nan	2.500000000000000000e+04	2.500000000000000000e+01	nan	4.618432261310658760e-01	1.117454286022787069e-01	1.144757151830486271e-02
nan	2.500000000000000000e+04	2.500000000000000000e+01	nan	4.744723617464501331e-01	1.122251119360629101e-01	1.102865080088043931e-02
nan	2.500000000000000000e+04	2.500000000000000000e+01	nan	4.861313334508139405e-01	1.094822399678719443e-01	1.156552110852163140e-02
nan	2.500000000000000000e+04	2.500000000000000000e+01	nan	4.996661819249652581e-01	1.097005355645283009e-01	1.106045935925527302e-02
nan	2.500000000000000000e+04	2.500000000000000000e+01	nan	2.496551437575877941e-02	1.162965729414670579e-01	2.882050138849504700e-02
nan	2.500000000000000000e+04	2.500000000000000000e+01	nan	3.742147515462512786e-02	1.156132840428339692e-01	2.296519813910449098e-02
nan	2.500000000000000000e+04	2.500000000000000000e+01	nan	4.991952493392837198e-02	1.114863334449727184e-01	2.076016843145853802e-02
nan	2.500000000000000000e+04	2.500000000000000000e+01	nan	6.239466006495320016e-02	1.153733813112982620e-01	2.012776986393342502e-02
nan	2.500000000000000000e+04	2.500000000000000000e+01	nan	7.493813634558321723e-02	1.101547745597092898e-01	1.756542982840124736e-02
nan	2.500000000000000000e+04	2.500000000000000000e+01	nan	8.739905954560356349e-02	1.119333712831830641e-01	1.739482824387101473e-02
nan	2.500000000000000000e+04	2.500000000000000000e+01	nan	9.985823197007448471e-02	1.189726968867619722e-01	1.663284398423869881e-02
nan	2.500000000000000000e+04	2.500000000000000000e+01	nan	1.124000114804815098e-01	1.145852092471367906e-01	1.620583574215356260e-02
nan	2.500000000000000000e+04	2.500000000000000000e+01	nan	1.247663514696881748e-01	1.122968871862685125e-01	1.494046282767829206e-02
nan	2.500000000000000000e+04	2.500000000000000000e+01	nan	1.372054891613458949e-01	1.185906034860717273e-01	1.492815001475313215e-02
nan	2.500000000000000000e+04	2.500000000000000000e+01	nan	1.497270060964197569e-01	1.069535675688090548e-01	1.510136430900925301e-02
nan	2.500000000000000000e+04	2.500000000000000000e+01	nan	1.620619594933359053e-01	1.128508784858345271e-01	1.361596326777306590e-02
nan	2.500000000000000000e+04	2.500000000000000000e+01	nan	1.744848072083939883e-01	1.122487521275548350e-01	1.324369107688278674e-02
nan	2.500000000000000000e+04	2.500000000000000000e+01	nan	1.871561716624583482e-01	1.151254659238767353e-01	1.346684489565959722e-02
nan	2.500000000000000000e+04	2.500000000000000000e+01	nan	1.995705120065665028e-01	1.176616917413990937e-01	1.330542584857157505e-02
nan	2.500000000000000000e+04	2.500000000000000000e+01	nan	2.123359000304034794e-01	1.125680784724306938e-01	1.287562525284272757e-02
nan	2.500000000000000000e+04	2.500000000000000000e+01	nan	2.246834748348831567e-01	1.143778067629911133e-01	1.303399035550902203e-02
nan	2.500000000000000000e+04	2.500000000000000000e+01	nan	2.371321927274863128e-01	1.177134001552042897e-01	1.356318632584725334e-02
nan	2.500000000000000000e+04	2.500000000000000000e+01	nan	2.492934966579767320e-01	1.076769127365594936e-01	1.236456824521309922e-02
nan	2.500000000000000000e+04	2.500000000000000000e+01	nan	2.620814090795278162e-01	1.110595806784347161e-01	1.201217828992923869e-02
nan	2.500000000000000000e+04	2.500000000000000000e+01	nan	2.743330818741611665e-01	1.138569719830994365e-01	1.232200886663202197e-02
nan	2.500000000000000000e+04	2.500000000000000000e+01	nan	2.864846307977586548e-01	1.099845460916172857e-01	1.341859429074513006e-02
nan	2.500000000000000000e+04	2.500000000000000000e+01	nan	2.995136117024657096e-01	1.172272138222784366e-01	1.197425397294599528e-02
nan	2.500000000000000000e+04	2.500000000000000000e+01	nan	3.121155000876143504e-01	1.086087318228718124e-01	1.173861373476573801e-02
nan	2.500000000000000000e+04	2.500000000000000000e+01	nan	3.243311488264737363e-01	1.113781940379709318e-01	1.207397740936020508e-02
nan	2.500000000000000000e+04	2.500000000000000000e+01	nan	3.371649196779031854e-01	1.087381626308815963e-01	1.234470468427902902e-02
nan	2.500000000000000000e+04	2.500000000000000000e+01	nan	3.213389567777264477e-01	1.088633841503131305e-01	1.194625910275582716e-02
nan	2.500000000000000000e+04	2.500000000000000000e+01	nan	3.607297289192672451e-01	1.092660493249581477e-01	1.208584245302379671e-02
nan	2.500000000000000000e+04	2.500000000000000000e+01	nan	3.740413749303854729e-01	1.066890573495358763e-01	1.236974776583464088e-02
nan	2.500000000000000000e+04	2.500000000000000000e+01	nan	3.868765029478993256e-01	1.135480546155517440e-01	1.173821070538347972e-02
nan	2.500000000000000000e+04	2.500000000000000000e+01	nan	3.996681649216071719e-01	1.123018338874746669e-01	1.170308785537545193e-02
nan	2.500000000000000000e+04	2.500000000000000000e+01	nan	4.120586957485414814e-01	1.183422208042292645e-01	1.151416149961851862e-02
nan	2.500000000000000000e+04	2.500000000000000000e+01	nan	4.243895107276074441e-01	1.156147002826681813e-01	1.110231178663529175e-02
nan	2.500000000000000000e+04	2.500000000000000000e+01	nan	4.366493056368483394e-01	1.117909827004213430e-01	1.113685980492279924e-02
nan	2.500000000000000000e+04	2.500000000000000000e+01	nan	4.494167307358623020e-01	1.111496327619259372e-01	1.124432270819704198e-02
nan	2.500000000000000000e+04	2.500000000000000000e+01	nan	4.614517419699808443e-01	1.078343669424240842e-01	1.116921997406652989e-02
nan	2.500000000000000000e+04	2.500000000000000000e+01	nan	4.730633100136145686e-01	1.091421213273509883e-01	1.188102591107772360e-02
nan	2.500000000000000000e+04	2.500000000000000000e+01	nan	4.871226964735342335e-01	1.092470798363478351e-01	1.102253737952509777e-02
nan	2.500000000000000000e+04	2.500000000000000000e+01	nan	4.995112488203261591e-01	1.149433333341269986e-01	1.110201733147352099e-02
nan	2.500000000000000000e+04	2.500000000000000000e+01	nan	2.497956806367440663e-02	1.138146516442198747e-01	2.714068653291686756e-02
nan	2.500000000000000000e+04	2.500000000000000000e+01	nan	3.748361807470423912e-02	1.190286625811336763e-01	2.308394255512622589e-02
nan	2.500000000000000000e+04	2.500000000000000000e+01	nan	4.986871748851484654e-02	1.111975621824558003e-01	2.099654258415842301e-02
nan	2.500000000000000000e+04	2.500000000000000000e+01	nan	6.245246842844132118e-02	1.150504786251799888e-01	1.914861713509032060e-02
nan	2.500000000000000000e+04	2.500000000000000000e+01	nan	7.482348544355943432e-02	1.137437778145102829e-01	1.755281499915480048e-02
nan	2.500000000000000000e+04	2.500000000000000000e+01	nan	8.738118442762754512e-02	1.159891610618080798e-01	1.708667530624698866e-02
nan	2.500000000000000000e+04	2.500000000000000000e+01	nan	9.985930577788693085e-02	1.098983903954916519e-01	1.572593460249076952e-02
nan	2.500000000000000000e+04	2.500000000000000000e+01	nan	1.122410456121869515e-01	1.122475513631860933e-01	1.571371879927304510e-02
nan	2.500000000000000000e+04	2.500000000000000000e+01	nan	1.248947240443527562e-01	1.076336703696471053e-01	1.541424337927327359e-02
nan	2.500000000000000000e+04	2.500000000000000000e+01	nan	1.263796035443413568e-01	1.112724562580117982e-01	1.482840122254125426e-02
nan	2.500000000000000000e+04	2.500000000000000000e+01	nan	1.498319432621926239e-01	1.069090543130298970e-01	1.480493666153474483e-02
nan	2.500000000000000000e+04	2.500000000000000000e+01	nan	1.623510126474130288e-01	1.116199378874485476e-01	1.396285980761457178e-02
nan	2.500000000000000000e+04	2.500000000000000000e+01	nan	1.746542469602516690e-01	1.135563481677611675e-01	1.341870705869956971e-02
nan	2.500000000000000000e+04	2.500000000000000000e+01	nan	1.860125265461576305e-01	1.127675498088140660e-01	1.359454397591830163e-02
nan	2.500000000000000000e+04	2.500000000000000000e+01	nan	1.995411798114616886e-01	1.117711050314099397e-01	1.373984752692778907e-02
nan	2.500000000000000000e+04	2.500000000000000000e+01	nan	2.121800235765363141e-01	1.085545288044312273e-01	1.260721341485595247e-02
nan	2.500000000000000000e+04	2.500000000000000000e+01	nan	2.245265398855025296e-01	1.072906444927406167e-01	1.330222705160439070e-02
nan	2.500000000000000000e+04	2.500000000000000000e+01	nan	2.371345580645609630e-01	1.119322815056764397e-01	1.269836627325046652e-02
nan	2.500000000000000000e+04	2.500000000000000000e+01	nan	2.495511658740099392e-01	1.068262596140306941e-01	1.257863177367759058e-02
nan	2.500000000000000000e+04	2.500000000000000000e+01	nan	2.623322637595606466e-01	1.152887724148797671e-01	1.292343399217911123e-02
nan	2.500000000000000000e+04	2.500000000000000000e+01	nan	2.745885123852502829e-01	1.156025975221236096e-01	1.254315064291276587e-02
nan	2.500000000000000000e+04	2.500000000000000000e+01	nan	2.869002903798758553e-01	1.090991788858372835e-01	1.303740045238897458e-02
nan	2.500000000000000000e+04	2.500000000000000000e+01	nan	2.994005808352255826e-01	1.116754162908111248e-01	1.272572011003351988e-02
nan	2.500000000000000000e+04	2.500000000000000000e+01	nan	3.111459353068539713e-01	1.123885063852286398e-01	1.188623149007021242e-02
nan	2.500000000000000000e+04	2.500000000000000000e+01	nan	2.969026705131291299e-01	1.178415132313600511e-01	1.194203428758603032e-02
nan	2.500000000000000000e+04	2.500000000000000000e+01	nan	3.369855115657003353e-01	1.141524503912002136e-01	1.238588189945487653e-02
nan	2.500000000000000000e+04	2.500000000000000000e+01	nan	3.493012450411754344e-01	1.200229945705831164e-01	1.137091904167454245e-02
nan	2.500000000000000000e+04	2.500000000000000000e+01	nan	3.620339206793090625e-01	1.128588593928349648e-01	1.211714388344778057e-02
nan	2.500000000000000000e+04	2.500000000000000000e+01	nan	3.744389084679937696e-01	1.211015812039779316e-01	1.184668063465282514e-02
nan	2.500000000000000000e+04	2.500000000000000000e+01	nan	3.869538498718299024e-01	1.077972992622037995e-01	1.235286716436282892e-02
nan	2.500000000000000000e+04	2.500000000000000000e+01	nan	3.990399047769983554e-01	1.168255784041192513e-01	1.177482650173417196e-02
nan	2.500000000000000000e+04	2.500000000000000000e+01	nan	4.104731275955941783e-01	1.104785970418265123e-01	1.158721297357867032e-02
nan	2.500000000000000000e+04	2.500000000000000000e+01	nan	4.238427319316571129e-01	1.138963147912713664e-01	1.143981219879494637e-02
nan	2.500000000000000000e+04	2.500000000000000000e+01	nan	4.368794559924253917e-01	1.081021675524890813e-01	1.129322230540377725e-02
nan	2.500000000000000000e+04	2.500000000000000000e+01	nan	4.496446531694147097e-01	1.141725786402040671e-01	1.205932736980525055e-02
nan	2.500000000000000000e+04	2.500000000000000000e+01	nan	4.617679545114299344e-01	1.124182899193492402e-01	1.116386167326161374e-02
nan	2.500000000000000000e+04	2.500000000000000000e+01	nan	4.743455295781444647e-01	1.073651199111620158e-01	1.128261038598733258e-02
nan	2.500000000000000000e+04	2.500000000000000000e+01	nan	4.860556567866183286e-01	1.165247953529830599e-01	1.176904647228684681e-02
nan	2.500000000000000000e+04	2.500000000000000000e+01	nan	4.992510676740522513e-01	1.233995826367081106e-01	1.135611628891687944e-02
nan	2.500000000000000000e+04	2.500000000000000000e+01	nan	2.496699428244131269e-02	1.163619162912495064e-01	2.716989524158912664e-02
nan	2.500000000000000000e+04	2.500000000000000000e+01	nan	3.715802412170177149e-02	1.132607485347620901e-01	2.387880037455817478e-02
nan	2.500000000000000000e+04	2.500000000000000000e+01	nan	4.988354443536735516e-02	1.175312241055769813e-01	2.025451173123353488e-02
nan	2.500000000000000000e+04	2.500000000000000000e+01	nan	6.231042900092198522e-02	1.118557629834700945e-01	1.908091208170216782e-02
nan	2.500000000000000000e+04	2.500000000000000000e+01	nan	7.486804418018522256e-02	1.120196426053733096e-01	1.785633601467488327e-02
nan	2.500000000000000000e+04	2.500000000000000000e+01	nan	8.730995668013008526e-02	1.152725622465377436e-01	1.726520352302265277e-02
nan	2.500000000000000000e+04	2.500000000000000000e+01	nan	9.990734459427486058e-02	1.131342785768768289e-01	1.707945054491541437e-02
nan	2.500000000000000000e+04	2.500000000000000000e+01	nan	1.115655637678862888e-01	1.065072900629350089e-01	1.531734263786236130e-02
nan	2.500000000000000000e+04	2.500000000000000000e+01	nan	1.248779908686330486e-01	1.119533808662183383e-01	1.461956843223041758e-02
nan	2.500000000000000000e+04	2.500000000000000000e+01	nan	1.372492759730050693e-01	1.084252626687995658e-01	1.441192026805686137e-02
nan	2.500000000000000000e+04	2.500000000000000000e+01	nan	1.497038283633500555e-01	1.170411583907798869e-01	1.435214905057332485e-02
nan	2.500000000000000000e+04	2.500000000000000000e+01	nan	1.623706250242022975e-01	1.142703268487395146e-01	1.423270472382426842e-02
nan	2.500000000000000000e+04	2.500000000000000000e+01	nan	1.747505125548443061e-01	1.144575087475708519e-01	1.348529679718732562e-02
nan	2.500000000000000000e+04	2.500000000000000000e+01	nan	1.873589838308902245e-01	1.066886528453954985e-01	1.387367625120146213e-02
nan	2.500000000000000000e+04	2.500000000000000000e+01	nan	1.996100907062015040e-01	1.061781893797181520e-01	1.307505345192695387e-02
nan	2.500000000000000000e+04	2.500000000000000000e+01	nan	2.120924135707227265e-01	1.124089697966594720e-01	1.361283371483423474e-02
nan	2.500000000000000000e+04	2.500000000000000000e+01	nan	2.245128472279844800e-01	1.124305157556380469e-01	1.247050411489156532e-02
nan	2.500000000000000000e+04	2.500000000000000000e+01	nan	2.372949982047174444e-01	1.125027298203509774e-01	1.300448154372411784e-02
nan	2.500000000000000000e+04	2.500000000000000000e+01	nan	2.496288059674398596e-01	1.097403195498509176e-01	1.272527164902488052e-02
nan	2.500000000000000000e+04	2.500000000000000000e+01	nan	2.620182429722603956e-01	1.134091331044281420e-01	1.294596111244713903e-02
nan	2.500000000000000000e+04	2.500000000000000000e+01	nan	2.747205215169685744e-01	1.155386197549203853e-01	1.252558272128637129e-02
nan	2.500000000000000000e+04	2.500000000000000000e+01	nan	2.873770586841146724e-01	1.109879209398465100e-01	1.263745217400676080e-02
nan	2.500000000000000000e+04	2.500000000000000000e+01	nan	2.989534395085087226e-01	1.106858692425758683e-01	1.283958446335191350e-02
nan	2.500000000000000000e+04	2.500000000000000000e+01	nan	3.121184743866791678e-01	1.087456964686279171e-01	1.267435441234764787e-02
nan	2.500000000000000000e+04	2.500000000000000000e+01	nan	3.247105222943389435e-01	1.193245786916711931e-01	1.202210754734104811e-02
nan	2.500000000000000000e+04	2.500000000000000000e+01	nan	3.369145464475593599e-01	1.086905387057618827e-01	1.234111672029695322e-02
nan	2.500000000000000000e+04	2.500000000000000000e+01	nan	3.480041163372789015e-01	1.122435040272696943e-01	1.240773312010799018e-02
nan	2.500000000000000000e+04	2.500000000000000000e+01	nan	3.620101151441019738e-01	1.142989961194753046e-01	1.141407405416011191e-02
nan	2.500000000000000000e+04	2.500000000000000000e+01	nan	3.747998689657947580e-01	1.150996028632361029e-01	1.148498378907428404e-02
nan	2.500000000000000000e+04	2.500000000000000000e+01	nan	3.836168300013156340e-01	1.111867850853662520e-01	1.199939147378215054e-02
nan	2.500000000000000000e+04	2.500000000000000000e+01	nan	3.990915480602978960e-01	1.125095449485905563e-01	1.205010485790943692e-02
nan	2.500000000000000000e+04	2.500000000000000000e+01	nan	4.120319325045898040e-01	1.149588004128120761e-01	1.110973523493305470e-02
nan	2.500000000000000000e+04	2.500000000000000000e+01	nan	4.242879762242637298e-01	1.128864203854660631e-01	1.198954903693573264e-02
nan	2.500000000000000000e+04	2.500000000000000000e+01	nan	4.369320271143521950e-01	1.139725348213870143e-01	1.131581525798826260e-02
nan	2.500000000000000000e+04	2.500000000000000000e+01	nan	4.489111931328437777e-01	1.148811745950087670e-01	1.178549216055883517e-02
nan	2.500000000000000000e+04	2.500000000000000000e+01	nan	4.617898163792801824e-01	1.204963490418460015e-01	1.143496441255742978e-02
nan	2.500000000000000000e+04	2.500000000000000000e+01	nan	4.675598656051107582e-01	1.081822894673385299e-01	1.128423038057646197e-02
nan	2.500000000000000000e+04	2.500000000000000000e+01	nan	4.864068666067851154e-01	1.064629881091956470e-01	1.164485588919143486e-02
nan	2.500000000000000000e+04	2.500000000000000000e+01	nan	4.993002669934298865e-01	1.158610511957633565e-01	1.115338010583449141e-02
nan	2.500000000000000000e+04	2.500000000000000000e+01	nan	2.496262996545439705e-02	1.128638669556797924e-01	2.771877884678854501e-02
nan	2.500000000000000000e+04	2.500000000000000000e+01	nan	3.746572311390394816e-02	1.205166196029157366e-01	2.303480094731392633e-02
nan	2.500000000000000000e+04	2.500000000000000000e+01	nan	4.992744211045874181e-02	1.137647997824836055e-01	2.149816461542823631e-02
nan	2.500000000000000000e+04	2.500000000000000000e+01	nan	6.234395361367717214e-02	1.131332053083827088e-01	2.041086694058573403e-02
nan	2.500000000000000000e+04	2.500000000000000000e+01	nan	7.479506875959884837e-02	1.140444336514421231e-01	1.831574229674584608e-02
nan	2.500000000000000000e+04	2.500000000000000000e+01	nan	8.733487147755880642e-02	1.129538473306613555e-01	1.672141291185116896e-02
nan	2.500000000000000000e+04	2.500000000000000000e+01	nan	9.973953673550894905e-02	1.168276265154397919e-01	1.628571020107030115e-02
nan	2.500000000000000000e+04	2.500000000000000000e+01	nan	1.123550886031061680e-01	1.187588320141078901e-01	1.549538998647398413e-02
nan	2.500000000000000000e+04	2.500000000000000000e+01	nan	1.247320129900586494e-01	1.127696466120075153e-01	1.565414769090196431e-02
nan	2.500000000000000000e+04	2.500000000000000000e+01	nan	1.373910571436951500e-01	1.114019692679058954e-01	1.487645065529915808e-02
nan	2.500000000000000000e+04	2.500000000000000000e+01	nan	1.497250818619875190e-01	1.121982192932810263e-01	1.440455752191250119e-02
nan	2.500000000000000000e+04	2.500000000000000000e+01	nan	1.623365632177851126e-01	1.177728697106594641e-01	1.370697989119095198e-02
nan	2.500000000000000000e+04	2.500000000000000000e+01	nan	1.748221314277245142e-01	1.104245731138253916e-01	1.424612491281987935e-02
nan	2.500000000000000000e+04	2.500000000000000000e+01	nan	1.870082446045131519e-01	1.093126683162971291e-01	1.346853911277789105e-02
nan	2.500000000000000000e+04	2.500000000000000000e+01	nan	1.986589964119005458e-01	1.108704447540948823e-01	1.367181786584563755e-02
nan	2.500000000000000000e+04	2.500000000000000000e+01	nan	2.120556325662832364e-01	1.177979137214664324e-01	1.333615547105256559e-02
nan	2.500000000000000000e+04	2.500000000000000000e+01	nan	2.242560651647735881e-01	1.125453018509286474e-01	1.320695714847549759e-02
nan	2.500000000000000000e+04	2.500000000000000000e+01	nan	2.372896864865978728e-01	1.096927912768005803e-01	1.269048479377939305e-02
nan	2.500000000000000000e+04	2.500000000000000000e+01	nan	2.493917089723112213e-01	1.195903288945968090e-01	1.294178759697835884e-02
nan	2.500000000000000000e+04	2.500000000000000000e+01	nan	2.623152950407217077e-01	1.164043930344259847e-01	1.215389837348099591e-02
nan	2.500000000000000000e+04	2.500000000000000000e+01	nan	2.735916874726029846e-01	1.092610371670568459e-01	1.246507392190986455e-02
nan	2.500000000000000000e+04	2.500000000000000000e+01	nan	2.850925873690925982e-01	1.117218526477745666e-01	1.286143760818506641e-02
nan	2.500000000000000000e+04	2.500000000000000000e+01	nan	2.995711242459719870e-01	1.108469997609055208e-01	1.259486223701479501e-02
nan	2.500000000000000000e+04	2.500000000000000000e+01	nan	3.119568740707023835e-01	1.110670495331259333e-01	1.227674337849783345e-02
nan	2.500000000000000000e+04	2.500000000000000000e+01	nan	3.234731071999306096e-01	1.070557100896505909e-01	1.270997720871954242e-02
nan	2.500000000000000000e+04	2.500000000000000000e+01	nan	3.371413442894777290e-01	1.112837518573714657e-01	1.261913196335836748e-02
nan	2.500000000000000000e+04	2.500000000000000000e+01	nan	3.496606073826171723e-01	1.118831219769921143e-01	1.132281285832923735e-02
nan	2.500000000000000000e+04	2.500000000000000000e+01	nan	3.617452544349220034e-01	1.140534371466664088e-01	1.207767085311462277e-02
nan	2.500000000000000000e+04	2.500000000000000000e+01	nan	3.742490799916851074e-01	1.090193915271324976e-01	1.150130211568690074e-02
nan	2.500000000000000000e+04	2.500000000000000000e+01	nan	3.872262297790740604e-01	1.069813743057586863e-01	1.156885491496750622e-02
nan	2.500000000000000000e+04	2.500000000000000000e+01	nan	3.994405180171014536e-01	1.083728811166592282e-01	1.150688571018693152e-02
nan	2.500000000000000000e+04	2.500000000000000000e+01	nan	4.119635247392778865e-01	1.138305146528748452e-01	1.158628089816476914e-02
nan	2.500000000000000000e+04	2.500000000000000000e+01	nan	4.241788895580924645e-01	1.133556921792364391e-01	1.084861585303843745e-02
nan	2.500000000000000000e+04	2.500000000000000000e+01	nan	4.369747981566973749e-01	1.075056454482806179e-01	1.177941588441722490e-02
nan	2.500000000000000000e+04	2.500000000000000000e+01	nan	4.496352162570076416e-01	1.134046785748595576e-01	1.148101673682909787e-02
nan	2.500000000000000000e+04	2.500000000000000000e+01	nan	4.619104318986728686e-01	1.212764927478263977e-01	1.192664297957044331e-02
nan	2.500000000000000000e+04	2.500000000000000000e+01	nan	4.741712433228997270e-01	1.172977755291616381e-01	1.133354488084193507e-02
nan	2.500000000000000000e+04	2.500000000000000000e+01	nan	4.863938278036243901e-01	1.152935935061802780e-01	1.079090596882771938e-02
nan	2.500000000000000000e+04	2.500000000000000000e+01	nan	4.993917623739605460e-01	1.110195045915313428e-01	1.118482925743749523e-02
nan	2.500000000000000000e+04	2.500000000000000000e+01	nan	2.498544790961254591e-02	1.162686861124423987e-01	2.763702162197684969e-02
nan	2.500000000000000000e+04	2.500000000000000000e+01	nan	3.739655588481660686e-02	1.193232040692174256e-01	2.323638918563041000e-02
nan	2.500000000000000000e+04	2.500000000000000000e+01	nan	4.984217359055698182e-02	1.126673872111918495e-01	2.024588402465301445e-02
nan	2.500000000000000000e+04	2.500000000000000000e+01	nan	5.739451668684995844e-02	1.192972586832407589e-01	1.921613010658464182e-02
nan	2.500000000000000000e+04	2.500000000000000000e+01	nan	7.490264177377170540e-02	1.167995971436620872e-01	1.771650662909835319e-02
nan	2.500000000000000000e+04	2.500000000000000000e+01	nan	8.738557491043152936e-02	1.136429327951248847e-01	1.647239042474265419e-02
nan	2.500000000000000000e+04	2.500000000000000000e+01	nan	9.975827996625241667e-02	1.191369888471111166e-01	1.589744881457748338e-02
nan	2.500000000000000000e+04	2.500000000000000000e+01	nan	1.123353800590329854e-01	1.151126675885156686e-01	1.577531909450964609e-02
nan	2.500000000000000000e+04	2.500000000000000000e+01	nan	1.246984386790863653e-01	1.092288245943735248e-01	1.527490805281575201e-02
nan	2.500000000000000000e+04	2.500000000000000000e+01	nan	1.373942242798591451e-01	1.137692416431882875e-01	1.415530377050858504e-02
nan	2.500000000000000000e+04	2.500000000000000000e+01	nan	1.498757106736121614e-01	1.098954226613958612e-01	1.430913453553614781e-02
nan	2.500000000000000000e+04	2.500000000000000000e+01	nan	1.622574906881339984e-01	1.091907581397289356e-01	1.381175465905575689e-02
nan	2.500000000000000000e+04	2.500000000000000000e+01	nan	1.745940529989198353e-01	1.161273643441287085e-01	1.450413046251622720e-02
nan	2.500000000000000000e+04	2.500000000000000000e+01	nan	1.873374144383390671e-01	1.169029924318749636e-01	1.379022676858780716e-02
nan	2.500000000000000000e+04	2.500000000000000000e+01	nan	1.979535897450475090e-01	1.168224979349491294e-01	1.368885274368811071e-02
nan	2.500000000000000000e+04	2.500000000000000000e+01	nan	2.122964905256878865e-01	1.116558024033401653e-01	1.268260393339508407e-02
nan	2.500000000000000000e+04	2.500000000000000000e+01	nan	2.247301598601509909e-01	1.107258849527139738e-01	1.320378759053730811e-02
nan	2.500000000000000000e+04	2.500000000000000000e+01	nan	2.371235250524037497e-01	1.150004871628523828e-01	1.267317924972947117e-02
nan	2.500000000000000000e+04	2.500000000000000000e+01	nan	2.494852710844170929e-01	1.171169879467885422e-01	1.341671861367997945e-02
nan	2.500000000000000000e+04	2.500000000000000000e+01	nan	2.621177717712726007e-01	1.148331354521150011e-01	1.231576758243095766e-02
nan	2.500000000000000000e+04	2.500000000000000000e+01	nan	2.746596302598476314e-01	1.138606155167233153e-01	1.215610463374570092e-02
nan	2.500000000000000000e+04	2.500000000000000000e+01	nan	2.871197546100603404e-01	1.149871900287309512e-01	1.213830984340594221e-02
nan	2.500000000000000000e+04	2.500000000000000000e+01	nan	2.995192535043855742e-01	1.124760465812878890e-01	1.281413372521238679e-02
nan	2.500000000000000000e+04	2.500000000000000000e+01	nan	3.120626337842082876e-01	1.098975661548646787e-01	1.237209025187951603e-02
nan	2.500000000000000000e+04	2.500000000000000000e+01	nan	3.239367619379294183e-01	1.147182045816828450e-01	1.210272777370047584e-02
nan	2.500000000000000000e+04	2.500000000000000000e+01	nan	3.364750122778303876e-01	1.121215628850527890e-01	1.231069523163248053e-02
nan	2.500000000000000000e+04	2.500000000000000000e+01	nan	3.485606659374553828e-01	1.179350268547621761e-01	1.189513534364624800e-02
nan	2.500000000000000000e+04	2.500000000000000000e+01	nan	3.610541302132332930e-01	1.070386890584563433e-01	1.190406727825270641e-02
nan	2.500000000000000000e+04	2.500000000000000000e+01	nan	3.442593022907196598e-01	1.155906526648907418e-01	1.129133579107739760e-02
nan	2.500000000000000000e+04	2.500000000000000000e+01	nan	3.869625850392282018e-01	1.075586640808187944e-01	1.237123163141887194e-02
nan	2.500000000000000000e+04	2.500000000000000000e+01	nan	3.996993690590073811e-01	1.096700602779011186e-01	1.121028927890538492e-02
nan	2.500000000000000000e+04	2.500000000000000000e+01	nan	4.119791104227772394e-01	1.149654501272833057e-01	1.255367679708373381e-02
nan	2.500000000000000000e+04	2.500000000000000000e+01	nan	3.893793855618152833e-01	1.119927862511733707e-01	1.126764293756464357e-02
nan	2.500000000000000000e+04	2.500000000000000000e+01	nan	4.017056602525427844e-01	1.105985185031230777e-01	1.147554304137907155e-02
nan	2.500000000000000000e+04	2.500000000000000000e+01	nan	4.496378909682618996e-01	1.103580944286018106e-01	1.187462611094484456e-02
nan	2.500000000000000000e+04	2.500000000000000000e+01	nan	4.619757904689549832e-01	1.152924514039837811e-01	1.189152859589023142e-02
nan	2.500000000000000000e+04	2.500000000000000000e+01	nan	4.741009136456426631e-01	1.109400634215979981e-01	1.113607177059334347e-02
nan	2.500000000000000000e+04	2.500000000000000000e+01	nan	4.853851917269764726e-01	1.137169987799103860e-01	1.163239189737938495e-02
nan	2.500000000000000000e+04	2.500000000000000000e+01	nan	4.953934630999015098e-01	1.092111321524451839e-01	1.140883650152364759e-02
