# SourcePhotonFlux	NumberRaysSurvived	PercentageRaysSurvived	PhotonFlux	Bandwidth	HorizontalFocusFWHM	VerticalFocusFWHM
nan	3.017500000000000000e+02	3.017499999999999627e-01	nan	9.249642847386496669e-04	1.481189733348552660e-02	1.005615806670978130e-03
nan	3.813750000000000000e+02	3.813750000000000751e-01	nan	1.398510367078387162e-03	1.291628154482421693e-02	1.032489790799487241e-03
nan	4.529375000000000000e+02	4.529374999999999929e-01	nan	1.941990591319608939e-03	1.160934850727550482e-02	1.062375228958973043e-03
nan	5.091875000000000000e+02	5.091875000000000151e-01	nan	2.363492437906344890e-03	1.016584166537429397e-02	1.064136015815612306e-03
nan	5.539375000000000000e+02	5.539374999999999716e-01	nan	3.083348568335253503e-03	9.300342624220289678e-03	1.051396312886719803e-03
nan	6.136250000000000000e+02	6.136249999999999760e-01	nan	3.441630331636247320e-03	9.099753625039815400e-03	1.070776564787074593e-03
nan	6.621875000000000000e+02	6.621874999999999289e-01	nan	4.266799359779582801e-03	8.465930541538668058e-03	1.065178601484524472e-03
nan	6.936250000000000000e+02	6.936250000000000471e-01	nan	5.055384997248779655e-03	8.169521054728873244e-03	1.058851737226510934e-03
nan	7.305625000000000000e+02	7.305625000000000036e-01	nan	5.143470394930460543e-03	8.054930356576570430e-03	1.065838811042336748e-03
nan	7.637500000000000000e+02	7.637499999999999289e-01	nan	5.995688217616645943e-03	7.136190811954354167e-03	1.076617713881759461e-03
nan	8.124375000000000000e+02	8.124374999999999236e-01	nan	6.619526847451595586e-03	6.722283616266663472e-03	1.060312678442855167e-03
nan	8.331875000000000000e+02	8.331874999999999698e-01	nan	7.559684203364724908e-03	6.922402880674045217e-03	1.063710725679180855e-03
nan	8.632500000000000000e+02	8.632499999999999618e-01	nan	7.834068685468764670e-03	6.414913493011147917e-03	1.079122170537344947e-03
nan	9.073750000000000000e+02	9.073750000000000426e-01	nan	8.449118476669070787e-03	6.043905918135071033e-03	1.062762604849305055e-03
nan	9.376875000000000000e+02	9.376875000000000071e-01	nan	8.534125136272052714e-03	6.431597627182263424e-03	1.081365493064611639e-03
nan	9.590000000000000000e+02	9.589999999999998526e-01	nan	9.879643445231067744e-03	6.346462171857900070e-03	1.080813087799399825e-03
nan	9.890625000000000000e+02	9.890624999999999556e-01	nan	1.085570134119251406e-02	6.066753866484959554e-03	1.075716257682164667e-03
nan	1.006312500000000000e+03	1.006312499999999943e+00	nan	1.115257048545714724e-02	5.637582518737162957e-03	1.063228295417877924e-03
nan	1.051875000000000000e+03	1.051874999999999893e+00	nan	1.168423463403911455e-02	5.688056041918271299e-03	1.085485166141837016e-03
nan	1.066000000000000000e+03	1.066000000000000059e+00	nan	1.240068011640005352e-02	5.726717216499672448e-03	1.070418647591527559e-03
nan	1.078375000000000000e+03	1.078375000000000083e+00	nan	1.394746319284934089e-02	5.466197189600211295e-03	1.083303066936019314e-03
nan	1.097062500000000000e+03	1.097062499999999829e+00	nan	1.408468655893102550e-02	5.315305137517214833e-03	1.083375608236128483e-03
nan	1.147750000000000000e+03	1.147750000000000048e+00	nan	1.519985212772212435e-02	5.735943163002715783e-03	1.069574659926479133e-03
nan	1.154625000000000000e+03	1.154625000000000012e+00	nan	1.543464189390419961e-02	5.217037070236126700e-03	1.082219589412122774e-03
nan	1.179500000000000000e+03	1.179499999999999993e+00	nan	1.623834725185702155e-02	5.647392300294660876e-03	1.092582273183535617e-03
nan	1.194375000000000000e+03	1.194374999999999964e+00	nan	1.715043507159919045e-02	5.270985718025787865e-03	1.089491322504362565e-03
nan	1.246125000000000000e+03	1.246125000000000149e+00	nan	1.726807646620898140e-02	5.345093939171654054e-03	1.076645124619690641e-03
nan	1.242562500000000000e+03	1.242562500000000014e+00	nan	1.939577649108059632e-02	5.236447087624701742e-03	1.054587078586982467e-03
nan	1.274812500000000000e+03	1.274812499999999904e+00	nan	1.929893873717958286e-02	5.095774319670640616e-03	1.084865944228679147e-03
nan	1.279375000000000000e+03	1.279374999999999929e+00	nan	1.994911972376200993e-02	5.202440899311371048e-03	1.103232473513550849e-03
nan	1.296250000000000000e+03	1.296250000000000124e+00	nan	1.985365390858362389e-02	4.664646325840928615e-03	1.075417135742055569e-03
nan	1.328250000000000000e+03	1.328249999999999709e+00	nan	2.198206962739845949e-02	4.998246031468406465e-03	1.093364518980913247e-03
nan	1.341000000000000000e+03	1.340999999999999970e+00	nan	2.273183361887731735e-02	4.688661492721771587e-03	1.075236089815865713e-03
nan	1.367687500000000000e+03	1.367687500000000167e+00	nan	2.427920752764123336e-02	4.958300778071337081e-03	1.065304972193481959e-03
nan	1.397125000000000000e+03	1.397124999999999950e+00	nan	2.339057304166658469e-02	4.779976071429777040e-03	1.089872408284923858e-03
nan	1.412312500000000000e+03	1.412312500000000082e+00	nan	2.558145513391707482e-02	4.905197082577036384e-03	1.089229854964143254e-03
nan	1.430750000000000000e+03	1.430750000000000188e+00	nan	2.647214536045794375e-02	4.526941681234759179e-03	1.094343233680428532e-03
nan	1.450687500000000000e+03	1.450687499999999908e+00	nan	2.653306688661416501e-02	4.693906333221047403e-03	1.089222147081177899e-03
nan	1.450375000000000000e+03	1.450375000000000192e+00	nan	2.909349315585529894e-02	4.944181521082601297e-03	1.107541616110488229e-03
nan	2.448125000000000000e+02	2.448124999999999885e-01	nan	9.840098738349567498e-04	1.399161282632017077e-02	8.588382097668282623e-04
nan	3.235000000000000000e+02	3.235000000000000098e-01	nan	1.306844345441149358e-03	1.344726466442494606e-02	8.687677388891885477e-04
nan	3.828750000000000000e+02	3.828749999999999654e-01	nan	1.839952171682313065e-03	1.114406405846973119e-02	8.753219111549845549e-04
nan	4.243125000000000000e+02	4.243125000000000369e-01	nan	2.550841890487376418e-03	1.002270642691289321e-02	8.856162105511070255e-04
nan	4.633750000000000000e+02	4.633749999999999813e-01	nan	2.887485025471647759e-03	1.014656892146968345e-02	8.694330929099013117e-04
nan	5.073750000000000000e+02	5.073750000000000204e-01	nan	3.352790588628806745e-03	8.110097126667860368e-03	8.951550156279146700e-04
nan	5.360625000000000000e+02	5.360624999999999973e-01	nan	4.165727386183704084e-03	8.184666221795700025e-03	8.946770975010926753e-04
nan	5.926250000000000000e+02	5.926249999999999574e-01	nan	4.850299967234406040e-03	7.501002676294323164e-03	8.863564974199375241e-04
nan	6.100625000000000000e+02	6.100625000000000631e-01	nan	4.868274666712579801e-03	7.782064614236419535e-03	8.827514465478455540e-04
nan	6.397500000000000000e+02	6.397500000000000409e-01	nan	5.583018413354068343e-03	7.304042807813531518e-03	8.833435437891102877e-04
nan	6.744375000000000000e+02	6.744375000000000231e-01	nan	5.566354685150542991e-03	7.345967367243411150e-03	8.930557163471829814e-04
nan	7.117500000000000000e+02	7.117499999999999938e-01	nan	7.439576305706907533e-03	6.791878904487450540e-03	8.842555499580950383e-04
nan	7.363125000000000000e+02	7.363125000000000364e-01	nan	7.383041339750207044e-03	6.436088003743734021e-03	8.917833105075661073e-04
nan	7.507500000000000000e+02	7.507500000000000284e-01	nan	8.159703940087581486e-03	6.290400461496408607e-03	8.969228774796176966e-04
nan	7.895000000000000000e+02	7.895000000000000906e-01	nan	8.159796317031009494e-03	6.060993511213786343e-03	8.858310994323550461e-04
nan	7.865000000000000000e+02	7.864999999999999769e-01	nan	9.000546711462220628e-03	6.265994043984040793e-03	8.809004968224268392e-04
nan	8.165625000000000000e+02	8.165624999999999689e-01	nan	9.523938538357867856e-03	6.145403528644374606e-03	8.978931690713298297e-04
nan	8.431250000000000000e+02	8.431249999999999023e-01	nan	1.047139797393725758e-02	5.629424055036478039e-03	9.039334792408342933e-04
nan	8.669375000000000000e+02	8.669375000000000275e-01	nan	1.108422455003221785e-02	5.663577570302722949e-03	8.945308204431281921e-04
nan	8.878125000000000000e+02	8.878124999999998934e-01	nan	1.177020376599102747e-02	5.625987747893176905e-03	9.068732095237566236e-04
nan	9.043125000000000000e+02	9.043124999999999636e-01	nan	1.287936820642698876e-02	5.267848260448668163e-03	9.124288237046503450e-04
nan	9.298125000000000000e+02	9.298125000000000417e-01	nan	1.383266665892790570e-02	5.579232175917468034e-03	8.941526887981941004e-04
nan	9.448125000000000000e+02	9.448125000000000551e-01	nan	1.363165918665742993e-02	5.522155482693636742e-03	8.912149171441923878e-04
nan	9.758750000000000000e+02	9.758750000000000480e-01	nan	1.448459672475621574e-02	4.951647492035087146e-03	9.033119858544209511e-04
nan	1.002312500000000000e+03	1.002312499999999940e+00	nan	1.448388821557955453e-02	5.032871805717611946e-03	9.101494106381043201e-04
nan	1.002750000000000000e+03	1.002750000000000030e+00	nan	1.547276217908688523e-02	5.156560743255963856e-03	8.944515735784791923e-04
nan	1.023750000000000000e+03	1.023750000000000160e+00	nan	1.653336582472775262e-02	5.189047650306842681e-03	8.869564005768953811e-04
nan	1.045437500000000000e+03	1.045437500000000020e+00	nan	1.670145984104465242e-02	5.205730945621669936e-03	9.004972757144910547e-04
nan	1.067000000000000000e+03	1.066999999999999948e+00	nan	1.760139416771266951e-02	4.926658089835006180e-03	8.929887592974291265e-04
nan	1.081312500000000000e+03	1.081312500000000121e+00	nan	1.820574864484569844e-02	4.920273483766097675e-03	8.969017157561519089e-04
nan	1.101750000000000000e+03	1.101750000000000007e+00	nan	2.037733754838200184e-02	5.048372794691248326e-03	9.135840893679972145e-04
nan	1.126437500000000000e+03	1.126437499999999980e+00	nan	2.000549373872217984e-02	5.002117089975337445e-03	9.019658927874475013e-04
nan	1.130125000000000000e+03	1.130125000000000046e+00	nan	2.092098194223979135e-02	4.973160366047011186e-03	9.194849168061173866e-04
nan	1.135625000000000000e+03	1.135624999999999885e+00	nan	2.065882247140393702e-02	5.115309773462702048e-03	8.980332989053474262e-04
nan	1.164812500000000000e+03	1.164812500000000028e+00	nan	2.286324466808764555e-02	4.549282881787135475e-03	8.907524517790053453e-04
nan	1.179187500000000000e+03	1.179187500000000055e+00	nan	2.330660821591834519e-02	4.870856119033364559e-03	9.116348662713543794e-04
nan	1.198125000000000000e+03	1.198124999999999885e+00	nan	2.382663645991556223e-02	4.525475145579374234e-03	9.123233532433854291e-04
nan	1.210687500000000000e+03	1.210687500000000139e+00	nan	2.504884167555587737e-02	4.359644171310259574e-03	8.964039552881084266e-04
nan	1.240125000000000000e+03	1.240124999999999922e+00	nan	2.614916341791229115e-02	4.641817972596801178e-03	9.161912456234159313e-04
nan	2.006250000000000000e+02	2.006249999999999978e-01	nan	9.216321753511280690e-04	1.784871248282574041e-02	6.973453572275507481e-04
nan	2.476250000000000000e+02	2.476250000000000118e-01	nan	1.436870759222941274e-03	1.258289736490449118e-02	6.800644667737953692e-04
nan	2.910625000000000000e+02	2.910625000000000018e-01	nan	2.082288047802194342e-03	1.040352133700196344e-02	6.866830309973819598e-04
nan	3.369375000000000000e+02	3.369375000000000009e-01	nan	2.352849500699250029e-03	1.068758154619370813e-02	7.026285250946989053e-04
nan	3.755000000000000000e+02	3.755000000000000004e-01	nan	3.029401935894071585e-03	8.979667908645218299e-03	6.905423923795082691e-04
nan	4.029375000000000000e+02	4.029375000000000040e-01	nan	3.186883350622338185e-03	8.044183732008179655e-03	6.992757512096985746e-04
nan	4.319375000000000000e+02	4.319374999999999742e-01	nan	4.209791322725919827e-03	8.165129055492296659e-03	7.083813410539809615e-04
nan	4.525000000000000000e+02	4.525000000000000133e-01	nan	4.443914366671464222e-03	7.615130831984341132e-03	7.000645345393316597e-04
nan	4.906875000000000000e+02	4.906875000000000542e-01	nan	4.803659432091933468e-03	7.634541692909591580e-03	6.999914839110962664e-04
nan	5.130000000000000000e+02	5.130000000000000115e-01	nan	5.220642208605852375e-03	7.419584224038513337e-03	7.119467499858639706e-04
nan	5.493750000000000000e+02	5.493749999999999467e-01	nan	6.358967214403321577e-03	7.337706485471546039e-03	7.166658281896393827e-04
nan	5.611250000000000000e+02	5.611250000000000959e-01	nan	6.135185793112896135e-03	6.692086571039609563e-03	7.080071066550431679e-04
nan	5.843125000000000000e+02	5.843125000000000124e-01	nan	6.881255303618161179e-03	6.667119180039189283e-03	7.093379951977345395e-04
nan	5.996875000000000000e+02	5.996874999999999289e-01	nan	7.486825869300162140e-03	6.238919084212111998e-03	7.057954907284372161e-04
nan	6.202500000000000000e+02	6.202499999999999680e-01	nan	8.363162766968912365e-03	6.002224009746680473e-03	7.175487173020557875e-04
nan	6.361250000000000000e+02	6.361250000000000515e-01	nan	8.566055151099760678e-03	6.048256010049705110e-03	7.119424696435094338e-04
nan	6.514375000000000000e+02	6.514374999999998916e-01	nan	9.579832472290661372e-03	5.900266189382544733e-03	7.115096813242690645e-04
nan	6.695625000000000000e+02	6.695625000000000604e-01	nan	1.032706206439826246e-02	5.626992459641337943e-03	7.125077816664366834e-04
nan	6.961250000000000000e+02	6.961249999999999938e-01	nan	1.026650288731900673e-02	5.922279577310063381e-03	7.256383582457206528e-04
nan	7.023750000000000000e+02	7.023749999999999716e-01	nan	1.116846960952955214e-02	5.816908617854910438e-03	7.284497334465827017e-04
nan	7.275625000000000000e+02	7.275625000000000009e-01	nan	1.228402511084425441e-02	5.640531626859668184e-03	7.146813531299204842e-04
nan	7.500625000000000000e+02	7.500625000000000764e-01	nan	1.227807672538006045e-02	5.603440325702069812e-03	7.161448111751853376e-04
nan	7.705625000000000000e+02	7.705625000000000391e-01	nan	1.248490404603330717e-02	5.262476284786800351e-03	7.180865089613669167e-04
nan	7.701875000000000000e+02	7.701875000000000249e-01	nan	1.410137730657368138e-02	5.449097208995839700e-03	7.111611811646650601e-04
nan	7.871875000000000000e+02	7.871874999999999289e-01	nan	1.262710501151786957e-02	5.331158607081420628e-03	7.179739264446348803e-04
nan	7.911875000000000000e+02	7.911875000000000435e-01	nan	1.545307893006508948e-02	5.219317957827904891e-03	7.157020476608098956e-04
nan	7.993750000000000000e+02	7.993749999999999467e-01	nan	1.608591591724461978e-02	5.148371692590069174e-03	7.244109291260946229e-04
nan	8.419375000000000000e+02	8.419375000000000053e-01	nan	1.592170355334587839e-02	5.200860438846457295e-03	7.288699761309920533e-04
nan	8.598125000000000000e+02	8.598125000000000906e-01	nan	1.657997231167485097e-02	4.767530086846513346e-03	7.134990844820369603e-04
nan	8.670625000000000000e+02	8.670624999999999583e-01	nan	1.660917767279102009e-02	4.957447092412838041e-03	7.280873674042740882e-04
nan	8.803125000000000000e+02	8.803124999999999423e-01	nan	1.875406732396811549e-02	5.031148407864680441e-03	7.108116036801507848e-04
nan	8.760000000000000000e+02	8.759999999999998899e-01	nan	1.853216482632547013e-02	4.773062200976738514e-03	7.213879812095181331e-04
nan	8.986875000000000000e+02	8.986875000000000835e-01	nan	1.933298758508783521e-02	4.829243354647191379e-03	7.272535174746379803e-04
nan	9.162500000000000000e+02	9.162500000000000089e-01	nan	2.032749921664844805e-02	4.872909225206493999e-03	7.261800062260386629e-04
nan	9.389375000000000000e+02	9.389375000000000915e-01	nan	1.958097939598246739e-02	4.539001524935988748e-03	7.163246766585442543e-04
nan	9.425000000000000000e+02	9.425000000000000044e-01	nan	2.160225211935085099e-02	4.623712116298741778e-03	7.194014126235596072e-04
nan	9.413125000000000000e+02	9.413124999999999964e-01	nan	2.102231572477819554e-02	4.605754221000720426e-03	7.247898737285437144e-04
nan	9.667500000000000000e+02	9.667499999999999982e-01	nan	2.259646460124997702e-02	4.835762036802265622e-03	7.293440872101829113e-04
nan	9.799375000000000000e+02	9.799375000000000169e-01	nan	2.351359839819622266e-02	4.413065702213373256e-03	7.222250569558887404e-04
nan	1.514375000000000000e+02	1.514375000000000027e-01	nan	7.862526472246500475e-04	1.699069244907516762e-02	4.882275141295746744e-04
nan	2.013125000000000000e+02	2.013125000000000053e-01	nan	1.180996859542204902e-03	1.258299013920094987e-02	5.478894288133732363e-04
nan	2.399375000000000000e+02	2.399375000000000258e-01	nan	1.875939352238731317e-03	9.954257704546795246e-03	5.843369786887911118e-04
nan	2.705000000000000000e+02	2.704999999999999627e-01	nan	2.532428495557681458e-03	1.083755722135719586e-02	5.771833016506979028e-04
nan	3.010625000000000000e+02	3.010625000000000107e-01	nan	2.926531791231923307e-03	9.354158830642852682e-03	5.741916404737898265e-04
nan	3.361875000000000000e+02	3.361875000000000280e-01	nan	3.274612956513323070e-03	8.702981278701647089e-03	5.790129826555658098e-04
nan	3.590000000000000000e+02	3.589999999999999858e-01	nan	3.752010512688030985e-03	8.580285582543503015e-03	5.860901415263798566e-04
nan	3.808125000000000000e+02	3.808124999999999982e-01	nan	4.494114074748978283e-03	8.244527536202665360e-03	5.795970746676604559e-04
nan	3.937500000000000000e+02	3.937500000000000444e-01	nan	5.060980489361099899e-03	7.223021044749357474e-03	5.889819986922718159e-04
nan	4.257500000000000000e+02	4.257500000000000173e-01	nan	5.565367919551533760e-03	6.742728145648420324e-03	5.880299373974338766e-04
nan	4.451875000000000000e+02	4.451874999999999583e-01	nan	6.108572200311357392e-03	7.133969428977602126e-03	5.879494925111016087e-04
nan	4.623750000000000000e+02	4.623749999999999805e-01	nan	6.866534426187342888e-03	6.929426850725205374e-03	6.025937553862692779e-04
nan	4.803750000000000000e+02	4.803749999999999964e-01	nan	6.791917736379105008e-03	6.448509978907487894e-03	5.881150373528557830e-04
nan	5.005000000000000000e+02	5.004999999999999449e-01	nan	7.271427824662168860e-03	6.477014330031692635e-03	5.872693174717371224e-04
nan	5.187500000000000000e+02	5.187500000000000444e-01	nan	7.816129309986763474e-03	6.339516980916294273e-03	5.913003692218851692e-04
nan	5.366250000000000000e+02	5.366250000000000187e-01	nan	7.923229216494576121e-03	6.199446593083831128e-03	5.921687348072373139e-04
nan	5.573125000000000000e+02	5.573124999999999885e-01	nan	8.828177585996854759e-03	5.518944464558427770e-03	5.914527047926018992e-04
nan	5.581250000000000000e+02	5.581249999999999822e-01	nan	9.122585092100621296e-03	6.082006076405941514e-03	5.928089571247557605e-04
nan	5.759375000000000000e+02	5.759374999999999911e-01	nan	9.898378621734593708e-03	5.453581578275459515e-03	5.955855614607829607e-04
nan	5.958750000000000000e+02	5.958749999999999325e-01	nan	1.013250791595510236e-02	5.818538834749829858e-03	6.002884503110985596e-04
nan	6.078125000000000000e+02	6.078125000000000888e-01	nan	1.154694158610425347e-02	5.481007542808918886e-03	5.949512400546975045e-04
nan	6.355000000000000000e+02	6.354999999999999538e-01	nan	1.285715601220260851e-02	5.262070415830752412e-03	5.933474040874533138e-04
nan	6.343750000000000000e+02	6.343749999999999112e-01	nan	1.175933141671237081e-02	5.356300573563500117e-03	6.020691548728899015e-04
nan	6.458750000000000000e+02	6.458750000000000879e-01	nan	1.324089398323735622e-02	5.328165665642414610e-03	5.878953007443140635e-04
nan	6.558125000000000000e+02	6.558124999999999094e-01	nan	1.363610100224832422e-02	5.745036383085200087e-03	5.919760594742996427e-04
nan	6.759375000000000000e+02	6.759374999999999689e-01	nan	1.450644477208129501e-02	4.786502096401891448e-03	5.997863371691257829e-04
nan	6.804375000000000000e+02	6.804375000000000284e-01	nan	1.458942454966916102e-02	4.972264700199935036e-03	5.988055688354394692e-04
nan	6.978125000000000000e+02	6.978125000000000577e-01	nan	1.529438728904608524e-02	5.116896449168898374e-03	6.033712025961309594e-04
nan	7.170625000000000000e+02	7.170624999999999361e-01	nan	1.692202195843606205e-02	5.075829064066830418e-03	5.888474406055925741e-04
nan	7.181875000000000000e+02	7.181874999999999787e-01	nan	1.531317964862921599e-02	4.685069136636086165e-03	5.918720500414462616e-04
nan	7.345000000000000000e+02	7.344999999999999307e-01	nan	1.835719151084447276e-02	4.918531772795319348e-03	5.953074849980510494e-04
nan	7.508750000000000000e+02	7.508750000000000702e-01	nan	1.694004688131656167e-02	5.009636666055320743e-03	5.913301887320184490e-04
nan	7.525625000000000000e+02	7.525625000000000231e-01	nan	1.900024777408759746e-02	4.745007259922688278e-03	5.936653097406731621e-04
nan	7.501250000000000000e+02	7.501249999999999307e-01	nan	1.907427334126055030e-02	4.931859729558334994e-03	5.989086920987340013e-04
nan	7.787500000000000000e+02	7.787499999999999423e-01	nan	2.110976797227692714e-02	4.505465353079649016e-03	5.981962295491924288e-04
nan	7.829375000000000000e+02	7.829374999999999529e-01	nan	1.984271034243079157e-02	4.762758946767854835e-03	5.929396476458334564e-04
nan	7.983750000000000000e+02	7.983749999999999458e-01	nan	2.163961669958780476e-02	4.430645099527560221e-03	5.956891546888811112e-04
nan	8.107500000000000000e+02	8.107499999999999707e-01	nan	2.127818042886531202e-02	4.735235671597232653e-03	5.964047496825260501e-04
nan	8.255625000000000000e+02	8.255624999999999769e-01	nan	2.160318074835743118e-02	4.509036750989801716e-03	5.925717285179556669e-04
nan	1.155000000000000000e+02	1.155000000000000054e-01	nan	7.927499429527529173e-04	1.596617374727567901e-02	4.097913195014798050e-04
nan	1.646875000000000000e+02	1.646874999999999867e-01	nan	1.333250023487053681e-03	1.186108446894932819e-02	4.169387606082511312e-04
nan	1.830625000000000000e+02	1.830625000000000169e-01	nan	1.776726625141833438e-03	1.100415150883536294e-02	4.395990901132231887e-04
nan	2.146250000000000000e+02	2.146250000000000102e-01	nan	2.204723588885570962e-03	1.084957566385026662e-02	4.584279832881756750e-04
nan	2.413750000000000000e+02	2.413750000000000062e-01	nan	3.036288958121247106e-03	1.012886016012066320e-02	4.535566483322127644e-04
nan	2.707500000000000000e+02	2.707499999999999907e-01	nan	3.253987570868588364e-03	8.523426786449420089e-03	4.565311727085654770e-04
nan	2.823750000000000000e+02	2.823749999999999871e-01	nan	3.794929806463898103e-03	8.214810435967915755e-03	4.588295785537702207e-04
nan	3.143750000000000000e+02	3.143749999999999600e-01	nan	4.380941678910232895e-03	7.791386415875904865e-03	4.557311495669848461e-04
nan	3.233125000000000000e+02	3.233125000000000027e-01	nan	5.069177836265481574e-03	7.806410500748340101e-03	4.656514431252906702e-04
nan	3.409375000000000000e+02	3.409374999999999489e-01	nan	5.093124276491778346e-03	7.247543050006280754e-03	4.566182463126128277e-04
nan	3.528750000000000000e+02	3.528749999999999942e-01	nan	5.819350756709695816e-03	6.808379540122394546e-03	4.710552788435164824e-04
nan	3.712500000000000000e+02	3.712499999999999689e-01	nan	6.266420830336016934e-03	6.692192211154916054e-03	4.655460085848849234e-04
nan	3.818125000000000000e+02	3.818124999999999436e-01	nan	6.822013826294437422e-03	6.096311272579368022e-03	4.644584319782747153e-04
nan	4.001250000000000000e+02	4.001250000000000084e-01	nan	7.345481895143279871e-03	6.525794362566953583e-03	4.645719557250071585e-04
nan	4.144375000000000000e+02	4.144375000000000142e-01	nan	7.098328482832982900e-03	6.087686318490445961e-03	4.755052574245912278e-04
nan	4.202500000000000000e+02	4.202500000000000124e-01	nan	7.888994837180973718e-03	5.672465229969423511e-03	4.720263933546823328e-04
nan	4.336875000000000000e+02	4.336875000000000036e-01	nan	9.109944636470856949e-03	5.714099220802949970e-03	4.689249775208649378e-04
nan	4.468750000000000000e+02	4.468750000000000222e-01	nan	9.686005015453247324e-03	5.469093830365958676e-03	4.751695497548250545e-04
nan	4.581875000000000000e+02	4.581875000000000253e-01	nan	9.808025344746340579e-03	5.828433338195444791e-03	4.695528092127825362e-04
nan	4.753750000000000000e+02	4.753749999999999920e-01	nan	1.085926415120752608e-02	5.595638167632603979e-03	4.812460972267878796e-04
nan	4.765625000000000000e+02	4.765625000000000000e-01	nan	1.128096204206485709e-02	5.991180780017767854e-03	4.754890773038484902e-04
nan	4.915000000000000000e+02	4.914999999999999925e-01	nan	1.143016372176930417e-02	5.590311781043298331e-03	4.723340361532116444e-04
nan	5.020625000000000000e+02	5.020625000000000782e-01	nan	1.218007145357091758e-02	5.411538197855338475e-03	4.827030893827572344e-04
nan	5.123750000000000000e+02	5.123750000000000249e-01	nan	1.304233203705962296e-02	4.809238583213572456e-03	4.755306232839208360e-04
nan	5.238125000000000000e+02	5.238124999999999032e-01	nan	1.289109428716983530e-02	5.257108872967935706e-03	4.802945350890308433e-04
nan	5.358750000000000000e+02	5.358750000000001013e-01	nan	1.354844649442554783e-02	4.974700830648507745e-03	4.698433254851567382e-04
nan	5.509375000000000000e+02	5.509375000000000799e-01	nan	1.248015185969109098e-02	4.748080173976666415e-03	4.738470551361825172e-04
nan	5.428125000000000000e+02	5.428125000000000311e-01	nan	1.487178640073238967e-02	4.565653658297922496e-03	4.713392387808568304e-04
nan	5.625000000000000000e+02	5.625000000000000000e-01	nan	1.533304277323566112e-02	4.665323575366600584e-03	4.772713792793877681e-04
nan	5.715625000000000000e+02	5.715624999999999734e-01	nan	1.593804400373244334e-02	4.692186171871752173e-03	4.755173027723577574e-04
nan	5.921875000000000000e+02	5.921875000000000888e-01	nan	1.674561464818680179e-02	4.827771946552491568e-03	4.812013184305892455e-04
nan	6.008125000000000000e+02	6.008124999999999716e-01	nan	1.769331490596925960e-02	4.430171151748397811e-03	4.800527265409616339e-04
nan	6.041875000000000000e+02	6.041874999999999885e-01	nan	1.824824554395831910e-02	4.510435268737432619e-03	4.763367402832715874e-04
nan	6.162500000000000000e+02	6.162499999999999645e-01	nan	1.846123597614734990e-02	4.976599709586963793e-03	4.814715234837574527e-04
nan	6.181875000000000000e+02	6.181874999999998899e-01	nan	2.002580768905204422e-02	4.947439083574766555e-03	4.763088465742036908e-04
nan	6.323125000000000000e+02	6.323124999999999440e-01	nan	1.965991417512213957e-02	4.609178938227539296e-03	4.739052155474657237e-04
nan	6.436250000000000000e+02	6.436250000000000027e-01	nan	1.985302264607469169e-02	4.721678848576492046e-03	4.842561178058421957e-04
nan	6.508125000000000000e+02	6.508124999999999050e-01	nan	2.083768256730422763e-02	4.600975200749470202e-03	4.747986683140931023e-04
nan	6.516250000000000000e+02	6.516249999999998987e-01	nan	1.929865775174732789e-02	4.853122588749085586e-03	4.788883720503733787e-04
nan	7.431250000000000000e+01	7.431250000000000355e-02	nan	8.672416276951366854e-04	1.522947782864310026e-02	2.962026821250445126e-04
nan	1.107500000000000000e+02	1.107499999999999873e-01	nan	1.082984082529492298e-03	1.217269470437639355e-02	2.925336955729801133e-04
nan	1.429375000000000000e+02	1.429374999999999951e-01	nan	1.828490560297879597e-03	1.051391349738869246e-02	3.314952228510849265e-04
nan	1.580625000000000000e+02	1.580624999999999947e-01	nan	2.232363756036193081e-03	9.183104729782353565e-03	3.192571232530860511e-04
nan	1.743125000000000000e+02	1.743124999999999813e-01	nan	2.607164143523021949e-03	8.249098081306534269e-03	3.503001915606363892e-04
nan	1.961875000000000000e+02	1.961875000000000147e-01	nan	3.787948983102751299e-03	8.606048169973328638e-03	3.418397056900872354e-04
nan	2.038125000000000000e+02	2.038125000000000075e-01	nan	3.878415845314009403e-03	8.420602339394770222e-03	3.529958816383302572e-04
nan	2.265000000000000000e+02	2.264999999999999791e-01	nan	4.188909748499725083e-03	7.798907602241939366e-03	3.482698158557044014e-04
nan	2.356875000000000000e+02	2.356874999999999942e-01	nan	4.307990622429258565e-03	7.150485935578246646e-03	3.432144228603732335e-04
nan	2.529375000000000000e+02	2.529374999999999818e-01	nan	5.436828037687746473e-03	7.292097451890062684e-03	3.482184480136384140e-04
nan	2.510000000000000000e+02	2.510000000000000009e-01	nan	5.720552414835822219e-03	7.094437202592856866e-03	3.542716541387579414e-04
nan	2.740625000000000000e+02	2.740624999999999867e-01	nan	6.372131103212552716e-03	6.763596358142774309e-03	3.498826821528864053e-04
nan	2.828125000000000000e+02	2.828125000000000222e-01	nan	7.016234633219653460e-03	6.347170973337817532e-03	3.560219256591510401e-04
nan	2.951875000000000000e+02	2.951874999999999916e-01	nan	7.484474242708927250e-03	6.555052690734313077e-03	3.568751312313727612e-04
nan	3.115625000000000000e+02	3.115625000000000200e-01	nan	8.154200689190815865e-03	5.956113954350233247e-03	3.509475175579035433e-04
nan	3.160625000000000000e+02	3.160624999999999685e-01	nan	8.298299118393970275e-03	5.843714076544791192e-03	3.534561140259623226e-04
nan	3.250000000000000000e+02	3.249999999999999556e-01	nan	8.452663704431984115e-03	5.799334839716410728e-03	3.515544602486000438e-04
nan	3.340625000000000000e+02	3.340624999999999845e-01	nan	9.708230949478036109e-03	5.899948134996799674e-03	3.508157323812858609e-04
nan	3.500625000000000000e+02	3.500624999999999432e-01	nan	9.198388884904318274e-03	6.068560727387026232e-03	3.500244355334183530e-04
nan	3.549375000000000000e+02	3.549375000000000169e-01	nan	9.902044697639666992e-03	5.912418355191280048e-03	3.527710488446328071e-04
nan	3.634375000000000000e+02	3.634375000000000244e-01	nan	1.031135021841578236e-02	5.048827979112893716e-03	3.593849822944171664e-04
nan	3.690000000000000000e+02	3.689999999999999947e-01	nan	1.054096422885208995e-02	5.391370500262181870e-03	3.592669229153244714e-04
nan	3.799375000000000000e+02	3.799374999999999836e-01	nan	1.099951135306298511e-02	5.089069432476467716e-03	3.476449900060704840e-04
nan	3.936250000000000000e+02	3.936250000000000027e-01	nan	1.223266070533668426e-02	4.870114509882459211e-03	3.561145472235718347e-04
nan	3.938750000000000000e+02	3.938750000000000306e-01	nan	1.352674138696841055e-02	5.257859501530644415e-03	3.545148824156351916e-04
nan	4.144375000000000000e+02	4.144375000000000142e-01	nan	1.258759591212310625e-02	5.472230211147989520e-03	3.510253706575765524e-04
nan	4.148125000000000000e+02	4.148125000000000284e-01	nan	1.421209708675519323e-02	5.042403858691721016e-03	3.579355019296445294e-04
nan	4.125625000000000000e+02	4.125624999999999987e-01	nan	1.531392635163797422e-02	5.054799139726307358e-03	3.556085705279359716e-04
nan	4.176875000000000000e+02	4.176874999999999893e-01	nan	1.642580144735461545e-02	5.281871322645810725e-03	3.560764674524202885e-04
nan	4.376875000000000000e+02	4.376875000000000071e-01	nan	1.430352207488283511e-02	5.052094671495409653e-03	3.538037158738618448e-04
nan	4.406250000000000000e+02	4.406249999999999889e-01	nan	1.601127028027349297e-02	4.270291465330602887e-03	3.533425255728250944e-04
nan	4.441250000000000000e+02	4.441249999999999920e-01	nan	1.696817520385707212e-02	4.959907074803556956e-03	3.516506626216643616e-04
nan	4.521875000000000000e+02	4.521874999999999645e-01	nan	1.695014425455099172e-02	4.256815363494580520e-03	3.533304948940844330e-04
nan	4.548750000000000000e+02	4.548749999999999738e-01	nan	1.727263228077902113e-02	4.872557422744828309e-03	3.538572194317129364e-04
nan	4.661250000000000000e+02	4.661250000000000671e-01	nan	1.716004838264950649e-02	4.478799170233004230e-03	3.539121791683183201e-04
nan	4.786875000000000000e+02	4.786874999999999880e-01	nan	1.792558182548020795e-02	4.522285523916706046e-03	3.548294897465396284e-04
nan	4.816250000000000000e+02	4.816249999999999698e-01	nan	1.918411961202082239e-02	4.452449798947481774e-03	3.551891478773914340e-04
nan	4.790625000000000000e+02	4.790624999999999467e-01	nan	2.119520108277583859e-02	4.640619259555806009e-03	3.564879896728292063e-04
nan	4.891250000000000000e+02	4.891249999999999765e-01	nan	2.036338026859141337e-02	4.247768525283642828e-03	3.598699411201388169e-04
