# SourcePhotonFlux	NumberRaysSurvived	PercentageRaysSurvived	PhotonFlux	Bandwidth	HorizontalFocusFWHM	VerticalFocusFWHM
nan	1.207000000000000000e+03	1.206999999999999851e+00	nan	3.699857138954598668e-03	5.924758933394210642e-02	4.022463226683912520e-03
nan	1.525500000000000000e+03	1.525500000000000300e+00	nan	5.594041468313548648e-03	5.166512617929686774e-02	4.129959163197948965e-03
nan	1.811750000000000000e+03	1.811749999999999972e+00	nan	7.767962365278435755e-03	4.643739402910201930e-02	4.249500915835892172e-03
nan	2.036750000000000000e+03	2.036750000000000060e+00	nan	9.453969751625379558e-03	4.066336666149717588e-02	4.256544063262449225e-03
nan	2.215750000000000000e+03	2.215749999999999886e+00	nan	1.233339427334101401e-02	3.720137049688115871e-02	4.205585251546879212e-03
nan	2.454500000000000000e+03	2.454499999999999904e+00	nan	1.376652132654498928e-02	3.639901450015926160e-02	4.283106259148298373e-03
nan	2.648750000000000000e+03	2.648749999999999716e+00	nan	1.706719743911833120e-02	3.386372216615467223e-02	4.260714405938097887e-03
nan	2.774500000000000000e+03	2.774500000000000188e+00	nan	2.022153998899511862e-02	3.267808421891549298e-02	4.235406948906043738e-03
nan	2.922250000000000000e+03	2.922250000000000014e+00	nan	2.057388157972184217e-02	3.221972142630628172e-02	4.263355244169346990e-03
nan	3.055000000000000000e+03	3.054999999999999716e+00	nan	2.398275287046658377e-02	2.854476324781741667e-02	4.306470855527037844e-03
nan	3.249750000000000000e+03	3.249749999999999694e+00	nan	2.647810738980638234e-02	2.688913446506665389e-02	4.241250713771420669e-03
nan	3.332750000000000000e+03	3.332749999999999879e+00	nan	3.023873681345889963e-02	2.768961152269618087e-02	4.254842902716723420e-03
nan	3.453000000000000000e+03	3.452999999999999847e+00	nan	3.133627474187505868e-02	2.565965397204459167e-02	4.316488682149379787e-03
nan	3.629500000000000000e+03	3.629500000000000171e+00	nan	3.379647390667628315e-02	2.417562367254028413e-02	4.251050419397220219e-03
nan	3.750750000000000000e+03	3.750750000000000028e+00	nan	3.413650054508821086e-02	2.572639050872905370e-02	4.325461972258446558e-03
nan	3.836000000000000000e+03	3.835999999999999410e+00	nan	3.951857378092427098e-02	2.538584868743160028e-02	4.323252351197599298e-03
nan	3.956250000000000000e+03	3.956249999999999822e+00	nan	4.342280536477005626e-02	2.426701546593983821e-02	4.302865030728658668e-03
nan	4.025250000000000000e+03	4.025249999999999773e+00	nan	4.461028194182858897e-02	2.255033007494865183e-02	4.252913181671511694e-03
nan	4.207500000000000000e+03	4.207499999999999574e+00	nan	4.673693853615645821e-02	2.275222416767308520e-02	4.341940664567348063e-03
nan	4.264000000000000000e+03	4.264000000000000234e+00	nan	4.960272046560021408e-02	2.290686886599868979e-02	4.281674590366110235e-03
nan	4.313500000000000000e+03	4.313500000000000334e+00	nan	5.578985277139736354e-02	2.186478875840084518e-02	4.333212267744077258e-03
nan	4.388250000000000000e+03	4.388249999999999318e+00	nan	5.633874623572410201e-02	2.126122055006885933e-02	4.333502432944513934e-03
nan	4.591000000000000000e+03	4.591000000000000192e+00	nan	6.079940851088849740e-02	2.294377265201086313e-02	4.278298639705916534e-03
nan	4.618500000000000000e+03	4.618500000000000050e+00	nan	6.173856757561679842e-02	2.086814828094450680e-02	4.328878357648491097e-03
nan	4.718000000000000000e+03	4.717999999999999972e+00	nan	6.495338900742808619e-02	2.258956920117864350e-02	4.370329092734142468e-03
nan	4.777500000000000000e+03	4.777499999999999858e+00	nan	6.860174028639676180e-02	2.108394287210315146e-02	4.357965290017450262e-03
nan	4.984500000000000000e+03	4.984500000000000597e+00	nan	6.907230586483592560e-02	2.138037575668661622e-02	4.306580498478762564e-03
nan	4.970250000000000000e+03	4.970250000000000057e+00	nan	7.758310596432238526e-02	2.094578835049880697e-02	4.218348314347929867e-03
nan	5.099250000000000000e+03	5.099249999999999616e+00	nan	7.719575494871833143e-02	2.038309727868256246e-02	4.339463776914716589e-03
nan	5.117500000000000000e+03	5.117499999999999716e+00	nan	7.979647889504803970e-02	2.080976359724548419e-02	4.412929894054203397e-03
nan	5.185000000000000000e+03	5.185000000000000497e+00	nan	7.941461563433449555e-02	1.865858530336371446e-02	4.301668542968222278e-03
nan	5.313000000000000000e+03	5.312999999999998835e+00	nan	8.792827850959383795e-02	1.999298412587362586e-02	4.373458075923652988e-03
nan	5.364000000000000000e+03	5.363999999999999879e+00	nan	9.092733447550926940e-02	1.875464597088708635e-02	4.300944359263462850e-03
nan	5.470750000000000000e+03	5.470750000000000668e+00	nan	9.711683011056493342e-02	1.983320311228534832e-02	4.261219888773927836e-03
nan	5.588500000000000000e+03	5.588499999999999801e+00	nan	9.356229216666633874e-02	1.911990428571910816e-02	4.359489633139695432e-03
nan	5.649250000000000000e+03	5.649250000000000327e+00	nan	1.023258205356682993e-01	1.962078833030814554e-02	4.356919419856573016e-03
nan	5.723000000000000000e+03	5.723000000000000753e+00	nan	1.058885814418317750e-01	1.810776672493903672e-02	4.377372934721714126e-03
nan	5.802750000000000000e+03	5.802749999999999631e+00	nan	1.061322675464566601e-01	1.877562533288418961e-02	4.356888588324711598e-03
nan	5.801500000000000000e+03	5.801500000000000767e+00	nan	1.163739726234211957e-01	1.977672608433040519e-02	4.430166464441952917e-03
nan	9.792500000000000000e+02	9.792499999999999538e-01	nan	3.936039495339826999e-03	5.596645130528068307e-02	3.435352839067313049e-03
nan	1.294000000000000000e+03	1.294000000000000039e+00	nan	5.227377381764597430e-03	5.378905865769978423e-02	3.475070955556754191e-03
nan	1.531500000000000000e+03	1.531499999999999861e+00	nan	7.359808686729252258e-03	4.457625623387892477e-02	3.501287644619938220e-03
nan	1.697250000000000000e+03	1.697250000000000147e+00	nan	1.020336756194950567e-02	4.009082570765157283e-02	3.542464842204428102e-03
nan	1.853500000000000000e+03	1.853499999999999925e+00	nan	1.154994010188659104e-02	4.058627568587873380e-02	3.477732371639605247e-03
nan	2.029500000000000000e+03	2.029500000000000082e+00	nan	1.341116235451522698e-02	3.244038850667144147e-02	3.580620062511658680e-03
nan	2.144250000000000000e+03	2.144249999999999989e+00	nan	1.666290954473481634e-02	3.273866488718280010e-02	3.578708390004370701e-03
nan	2.370500000000000000e+03	2.370499999999999829e+00	nan	1.940119986893762416e-02	3.000401070517729266e-02	3.545425989679750096e-03
nan	2.440250000000000000e+03	2.440250000000000252e+00	nan	1.947309866685031920e-02	3.112825845694567814e-02	3.531005786191382216e-03
nan	2.559000000000000000e+03	2.559000000000000163e+00	nan	2.233207365341627337e-02	2.921617123125412607e-02	3.533374175156441151e-03
nan	2.697750000000000000e+03	2.697750000000000092e+00	nan	2.226541874060217197e-02	2.938386946897364460e-02	3.572222865388731926e-03
nan	2.847000000000000000e+03	2.846999999999999975e+00	nan	2.975830522282763013e-02	2.716751561794980216e-02	3.537022199832380153e-03
nan	2.945250000000000000e+03	2.945250000000000146e+00	nan	2.953216535900082818e-02	2.574435201497493608e-02	3.567133242030264429e-03
nan	3.003000000000000000e+03	3.003000000000000114e+00	nan	3.263881576035032595e-02	2.516160184598563443e-02	3.587691509918470786e-03
nan	3.158000000000000000e+03	3.158000000000000362e+00	nan	3.263918526812403798e-02	2.424397404485514537e-02	3.543324397729420185e-03
nan	3.146000000000000000e+03	3.145999999999999908e+00	nan	3.600218684584888251e-02	2.506397617593616317e-02	3.523601987289707357e-03
nan	3.266250000000000000e+03	3.266249999999999876e+00	nan	3.809575415343147142e-02	2.458161411457749843e-02	3.591572676285319319e-03
nan	3.372500000000000000e+03	3.372499999999999609e+00	nan	4.188559189574903030e-02	2.251769622014591216e-02	3.615733916963337173e-03
nan	3.467750000000000000e+03	3.467750000000000110e+00	nan	4.433689820012887139e-02	2.265431028121089180e-02	3.578123281772512768e-03
nan	3.551250000000000000e+03	3.551249999999999574e+00	nan	4.708081506396410987e-02	2.250395099157270762e-02	3.627492838095026494e-03
nan	3.617250000000000000e+03	3.617249999999999854e+00	nan	5.151747282570795505e-02	2.107139304179467265e-02	3.649715294818601380e-03
nan	3.719250000000000000e+03	3.719250000000000167e+00	nan	5.533066663571162280e-02	2.231692870366987214e-02	3.576610755192776402e-03
nan	3.779250000000000000e+03	3.779250000000000220e+00	nan	5.452663674662971971e-02	2.208862193077454697e-02	3.564859668576769551e-03
nan	3.903500000000000000e+03	3.903500000000000192e+00	nan	5.793838689902486294e-02	1.980658996814034858e-02	3.613247943417683804e-03
nan	4.009250000000000000e+03	4.009249999999999758e+00	nan	5.793555286231821810e-02	2.013148722287044778e-02	3.640597642552417280e-03
nan	4.011000000000000000e+03	4.011000000000000121e+00	nan	6.189104871634754090e-02	2.062624297302385543e-02	3.577806294313916769e-03
nan	4.095000000000000000e+03	4.095000000000000639e+00	nan	6.613346329891101050e-02	2.075619060122737072e-02	3.547825602307581525e-03
nan	4.181750000000000000e+03	4.181750000000000078e+00	nan	6.680583936417860969e-02	2.082292378248667974e-02	3.601989102857964219e-03
nan	4.268000000000000000e+03	4.267999999999999794e+00	nan	7.040557667085067806e-02	1.970663235934002472e-02	3.571955037189716506e-03
nan	4.325250000000000000e+03	4.325250000000000483e+00	nan	7.282299457938279375e-02	1.968109393506439070e-02	3.587606863024607635e-03
nan	4.407000000000000000e+03	4.407000000000000028e+00	nan	8.150935019352800737e-02	2.019349117876499330e-02	3.654336357471988858e-03
nan	4.505750000000000000e+03	4.505749999999999922e+00	nan	8.002197495488871937e-02	2.000846835990134978e-02	3.607863571149790005e-03
nan	4.520500000000000000e+03	4.520500000000000185e+00	nan	8.368392776895916541e-02	1.989264146418804474e-02	3.677939667224469546e-03
nan	4.542500000000000000e+03	4.542499999999999538e+00	nan	8.263528988561574806e-02	2.046123909385080819e-02	3.592133195621389705e-03
nan	4.659250000000000000e+03	4.659250000000000114e+00	nan	9.145297867235058220e-02	1.819713152714854190e-02	3.563009807116021381e-03
nan	4.716750000000000000e+03	4.716750000000000220e+00	nan	9.322643286367338078e-02	1.948342447613345824e-02	3.646539465085417518e-03
nan	4.792500000000000000e+03	4.792499999999999538e+00	nan	9.530654583966224891e-02	1.810190058231749693e-02	3.649293412973541716e-03
nan	4.842750000000000000e+03	4.842750000000000554e+00	nan	1.001953667022235095e-01	1.743857668524103829e-02	3.585615821152433706e-03
nan	4.960500000000000000e+03	4.960499999999999687e+00	nan	1.045966536716491646e-01	1.856727189038720471e-02	3.664764982493663725e-03
nan	8.025000000000000000e+02	8.024999999999999911e-01	nan	3.686528701404512276e-03	7.139484993130296164e-02	2.789381428910202992e-03
nan	9.905000000000000000e+02	9.905000000000000471e-01	nan	5.747483036891765096e-03	5.033158945961796471e-02	2.720257867095181477e-03
nan	1.164250000000000000e+03	1.164250000000000007e+00	nan	8.329152191208777367e-03	4.161408534800785375e-02	2.746732123989527839e-03
nan	1.347750000000000000e+03	1.347750000000000004e+00	nan	9.411398002797000117e-03	4.275032618477483254e-02	2.810514100378795621e-03
nan	1.502000000000000000e+03	1.502000000000000002e+00	nan	1.211760774357628634e-02	3.591867163458087320e-02	2.762169569518033076e-03
nan	1.611750000000000000e+03	1.611750000000000016e+00	nan	1.274753340248935274e-02	3.217673492803271862e-02	2.797103004838794298e-03
nan	1.727750000000000000e+03	1.727749999999999897e+00	nan	1.683916529090367931e-02	3.266051622196918663e-02	2.833525364215923846e-03
nan	1.810000000000000000e+03	1.810000000000000053e+00	nan	1.777565746668585689e-02	3.046052332793736453e-02	2.800258138157326639e-03
nan	1.962750000000000000e+03	1.962750000000000217e+00	nan	1.921463772836773387e-02	3.053816677163836632e-02	2.799965935644385066e-03
nan	2.052000000000000000e+03	2.052000000000000046e+00	nan	2.088256883442340950e-02	2.967833689615405335e-02	2.847786999943455882e-03
nan	2.197500000000000000e+03	2.197499999999999787e+00	nan	2.543586885761328631e-02	2.935082594188618416e-02	2.866663312758557531e-03
nan	2.244500000000000000e+03	2.244500000000000384e+00	nan	2.454074317245158454e-02	2.676834628415843825e-02	2.832028426620172672e-03
nan	2.337250000000000000e+03	2.337250000000000050e+00	nan	2.752502121447264471e-02	2.666847672015675713e-02	2.837351980790938158e-03
nan	2.398750000000000000e+03	2.398749999999999716e+00	nan	2.994730347720064856e-02	2.495567633684844799e-02	2.823181962913748864e-03
nan	2.481000000000000000e+03	2.480999999999999872e+00	nan	3.345265106787564946e-02	2.400889603898672189e-02	2.870194869208223150e-03
nan	2.544500000000000000e+03	2.544500000000000206e+00	nan	3.426422060439904271e-02	2.419302404019882044e-02	2.847769878574037735e-03
nan	2.605750000000000000e+03	2.605749999999999567e+00	nan	3.831932988916264549e-02	2.360106475753017893e-02	2.846038725297076258e-03
nan	2.678250000000000000e+03	2.678250000000000242e+00	nan	4.130824825759304986e-02	2.250796983856535177e-02	2.850031126665746734e-03
nan	2.784500000000000000e+03	2.784499999999999975e+00	nan	4.106601154927602693e-02	2.368911830924025352e-02	2.902553432982882611e-03
nan	2.809500000000000000e+03	2.809499999999999886e+00	nan	4.467387843811820858e-02	2.326763447141964175e-02	2.913798933786330807e-03
nan	2.910250000000000000e+03	2.910250000000000004e+00	nan	4.913610044337701765e-02	2.256212650743867273e-02	2.858725412519681937e-03
nan	3.000250000000000000e+03	3.000250000000000306e+00	nan	4.911230690152024181e-02	2.241376130280827925e-02	2.864579244700741351e-03
nan	3.082250000000000000e+03	3.082250000000000156e+00	nan	4.993961618413322867e-02	2.104990513914720140e-02	2.872346035845467667e-03
nan	3.080750000000000000e+03	3.080750000000000099e+00	nan	5.640550922629472552e-02	2.179638883598335880e-02	2.844644724658660240e-03
nan	3.148750000000000000e+03	3.148749999999999716e+00	nan	5.050842004607147828e-02	2.132463442832568251e-02	2.871895705778539521e-03
nan	3.164750000000000000e+03	3.164750000000000174e+00	nan	6.181231572026035792e-02	2.087727183131161957e-02	2.862808190643239582e-03
nan	3.197500000000000000e+03	3.197499999999999787e+00	nan	6.434366366897847911e-02	2.059348677036027669e-02	2.897643716504378492e-03
nan	3.367750000000000000e+03	3.367750000000000021e+00	nan	6.368681421338351356e-02	2.080344175538582918e-02	2.915479904523968213e-03
nan	3.439250000000000000e+03	3.439250000000000362e+00	nan	6.631988924669940388e-02	1.907012034738605338e-02	2.853996337928147841e-03
nan	3.468250000000000000e+03	3.468249999999999833e+00	nan	6.643671069116408034e-02	1.982978836965135216e-02	2.912349469617096353e-03
nan	3.521250000000000000e+03	3.521249999999999769e+00	nan	7.501626929587246195e-02	2.012459363145872177e-02	2.843246414720603139e-03
nan	3.504000000000000000e+03	3.503999999999999559e+00	nan	7.412865930530188052e-02	1.909224880390695406e-02	2.885551924838072532e-03
nan	3.594750000000000000e+03	3.594750000000000334e+00	nan	7.733195034035134086e-02	1.931697341858876552e-02	2.909014069898551921e-03
nan	3.665000000000000000e+03	3.665000000000000036e+00	nan	8.130999686659379222e-02	1.949163690082597600e-02	2.904720024904154652e-03
nan	3.755750000000000000e+03	3.755750000000000366e+00	nan	7.832391758392986958e-02	1.815600609974395499e-02	2.865298706634177017e-03
nan	3.770000000000000000e+03	3.770000000000000018e+00	nan	8.640900847740340396e-02	1.849484846519496711e-02	2.877605650494238429e-03
nan	3.765250000000000000e+03	3.765249999999999986e+00	nan	8.408926289911278218e-02	1.842301688400288170e-02	2.899159494914174857e-03
nan	3.867000000000000000e+03	3.866999999999999993e+00	nan	9.038585840499990809e-02	1.934304814720906249e-02	2.917376348840731645e-03
nan	3.919750000000000000e+03	3.919750000000000068e+00	nan	9.405439359278489064e-02	1.765226280885349303e-02	2.888900227823554961e-03
nan	6.057500000000000000e+02	6.057500000000000107e-01	nan	3.145010588898600190e-03	6.796276979630067050e-02	1.952910056518298697e-03
nan	8.052500000000000000e+02	8.052500000000000213e-01	nan	4.723987438168819608e-03	5.033196055680379949e-02	2.191557715253492945e-03
nan	9.597500000000000000e+02	9.597500000000001030e-01	nan	7.503757408954925268e-03	3.981703081818718098e-02	2.337347914755164447e-03
nan	1.082000000000000000e+03	1.081999999999999851e+00	nan	1.012971398223072583e-02	4.335022888542878344e-02	2.308733206602791611e-03
nan	1.204250000000000000e+03	1.204250000000000043e+00	nan	1.170612716492769323e-02	3.741663532257141073e-02	2.296766561895159306e-03
nan	1.344750000000000000e+03	1.344750000000000112e+00	nan	1.309845182605329228e-02	3.481192511480658835e-02	2.316051930622263239e-03
nan	1.436000000000000000e+03	1.435999999999999943e+00	nan	1.500804205075212394e-02	3.432114233017401206e-02	2.344360566105519426e-03
nan	1.523250000000000000e+03	1.523249999999999993e+00	nan	1.797645629899591313e-02	3.297811014481066144e-02	2.318388298670641823e-03
nan	1.575000000000000000e+03	1.575000000000000178e+00	nan	2.024392195744439960e-02	2.889208417899742989e-02	2.355927994769087264e-03
nan	1.703000000000000000e+03	1.703000000000000069e+00	nan	2.226147167820613504e-02	2.697091258259368129e-02	2.352119749589735506e-03
nan	1.780750000000000000e+03	1.780749999999999833e+00	nan	2.443428880124542957e-02	2.853587771591040850e-02	2.351797970044406435e-03
nan	1.849500000000000000e+03	1.849499999999999922e+00	nan	2.746613770474937155e-02	2.771770740290082150e-02	2.410375021545077111e-03
nan	1.921500000000000000e+03	1.921499999999999986e+00	nan	2.716767094551642003e-02	2.579403991562995158e-02	2.352460149411423132e-03
nan	2.002000000000000000e+03	2.001999999999999780e+00	nan	2.908571129864867544e-02	2.590805732012677054e-02	2.349077269886948489e-03
nan	2.075000000000000000e+03	2.075000000000000178e+00	nan	3.126451723994705389e-02	2.535806792366517709e-02	2.365201476887540677e-03
nan	2.146500000000000000e+03	2.146500000000000075e+00	nan	3.169291686597830449e-02	2.479778637233532451e-02	2.368674939228949256e-03
nan	2.229250000000000000e+03	2.229249999999999954e+00	nan	3.531271034398741904e-02	2.207577785823371108e-02	2.365810819170407597e-03
nan	2.232500000000000000e+03	2.232499999999999929e+00	nan	3.649034036840248518e-02	2.432802430562376605e-02	2.371235828499023042e-03
nan	2.303750000000000000e+03	2.303749999999999964e+00	nan	3.959351448693837483e-02	2.181432631310183806e-02	2.382342245843131843e-03
nan	2.383500000000000000e+03	2.383499999999999730e+00	nan	4.053003166382040945e-02	2.327415533899931943e-02	2.401153801244394238e-03
nan	2.431250000000000000e+03	2.431250000000000355e+00	nan	4.618776634441701390e-02	2.192403017123567555e-02	2.379804960218790018e-03
nan	2.542000000000000000e+03	2.541999999999999815e+00	nan	5.142862404881043403e-02	2.104828166332300965e-02	2.373389616349813255e-03
nan	2.537500000000000000e+03	2.537499999999999645e+00	nan	4.703732566684948324e-02	2.142520229425400047e-02	2.408276619491559606e-03
nan	2.583500000000000000e+03	2.583500000000000352e+00	nan	5.296357593294942490e-02	2.131266266256965844e-02	2.351581202977256254e-03
nan	2.623250000000000000e+03	2.623249999999999638e+00	nan	5.454440400899329688e-02	2.298014553234080035e-02	2.367904237897198571e-03
nan	2.703750000000000000e+03	2.703749999999999876e+00	nan	5.802577908832518006e-02	1.914600838560756579e-02	2.399145348676503132e-03
nan	2.721750000000000000e+03	2.721750000000000114e+00	nan	5.835769819867664410e-02	1.988905880079974015e-02	2.395222275341757877e-03
nan	2.791250000000000000e+03	2.791250000000000231e+00	nan	6.117754915618434097e-02	2.046758579667559350e-02	2.413484810384523838e-03
nan	2.868250000000000000e+03	2.868249999999999744e+00	nan	6.768808783374424820e-02	2.030331625626732167e-02	2.355389762422370296e-03
nan	2.872750000000000000e+03	2.872749999999999915e+00	nan	6.125271859451686396e-02	1.874027654654434466e-02	2.367488200165785046e-03
nan	2.938000000000000000e+03	2.937999999999999723e+00	nan	7.342876604337789104e-02	1.967412709118127739e-02	2.381229939992204198e-03
nan	3.003500000000000000e+03	3.003500000000000281e+00	nan	6.776018752526624667e-02	2.003854666422128297e-02	2.365320754928073796e-03
nan	3.010250000000000000e+03	3.010250000000000092e+00	nan	7.600099109635038985e-02	1.898002903969075311e-02	2.374661238962692648e-03
nan	3.000500000000000000e+03	3.000499999999999723e+00	nan	7.629709336504220119e-02	1.972743891823333998e-02	2.395634768394936005e-03
nan	3.115000000000000000e+03	3.114999999999999769e+00	nan	8.443907188910770856e-02	1.802186141231859606e-02	2.392784918196769715e-03
nan	3.131750000000000000e+03	3.131749999999999812e+00	nan	7.937084136972316628e-02	1.905103578707141934e-02	2.371758590583333826e-03
nan	3.193500000000000000e+03	3.193499999999999783e+00	nan	8.655846679835121904e-02	1.772258039811024088e-02	2.382756618755524445e-03
nan	3.243000000000000000e+03	3.242999999999999883e+00	nan	8.511272171546124810e-02	1.894094268638893061e-02	2.385618998730104200e-03
nan	3.302250000000000000e+03	3.302249999999999908e+00	nan	8.641272299342972474e-02	1.803614700395920686e-02	2.370286914071822668e-03
nan	4.620000000000000000e+02	4.620000000000000218e-01	nan	3.170999771811011669e-03	6.386469498910271603e-02	1.639165278005919220e-03
nan	6.587500000000000000e+02	6.587499999999999467e-01	nan	5.333000093948214726e-03	4.744433787579731276e-02	1.667755042433004525e-03
nan	7.322500000000000000e+02	7.322500000000000675e-01	nan	7.106906500567333751e-03	4.401660603534145177e-02	1.758396360452892755e-03
nan	8.585000000000000000e+02	8.585000000000000409e-01	nan	8.818894355542283847e-03	4.339830265540106646e-02	1.833711933152702700e-03
nan	9.655000000000000000e+02	9.655000000000000249e-01	nan	1.214515583248498842e-02	4.051544064048265281e-02	1.814226593328851058e-03
nan	1.083000000000000000e+03	1.082999999999999963e+00	nan	1.301595028347435345e-02	3.409370714579768036e-02	1.826124690834261908e-03
nan	1.129500000000000000e+03	1.129499999999999948e+00	nan	1.517971922585559241e-02	3.285924174387166302e-02	1.835318314215080883e-03
nan	1.257500000000000000e+03	1.257499999999999840e+00	nan	1.752376671564093158e-02	3.116554566350361946e-02	1.822924598267939384e-03
nan	1.293250000000000000e+03	1.293250000000000011e+00	nan	2.027671134506192629e-02	3.122564200299336040e-02	1.862605772501162681e-03
nan	1.363750000000000000e+03	1.363749999999999796e+00	nan	2.037249710596711338e-02	2.899017220002512302e-02	1.826472985250451311e-03
nan	1.411500000000000000e+03	1.411499999999999977e+00	nan	2.327740302683878326e-02	2.723351816048957819e-02	1.884221115374065929e-03
nan	1.485000000000000000e+03	1.484999999999999876e+00	nan	2.506568332134406774e-02	2.676876884461966422e-02	1.862184034339539693e-03
nan	1.527250000000000000e+03	1.527249999999999774e+00	nan	2.728805530517774969e-02	2.438524509031747209e-02	1.857833727913098861e-03
nan	1.600500000000000000e+03	1.600500000000000034e+00	nan	2.938192758057311949e-02	2.610317745026781433e-02	1.858287822900028634e-03
nan	1.657750000000000000e+03	1.657750000000000057e+00	nan	2.839331393133193160e-02	2.435074527396178384e-02	1.902021029698364911e-03
nan	1.681000000000000000e+03	1.681000000000000050e+00	nan	3.155597934872389487e-02	2.268986091987769405e-02	1.888105573418729331e-03
nan	1.734750000000000000e+03	1.734750000000000014e+00	nan	3.643977854588342780e-02	2.285639688321179988e-02	1.875699910083459751e-03
nan	1.787500000000000000e+03	1.787500000000000089e+00	nan	3.874402006181298930e-02	2.187637532146383471e-02	1.900678199019300218e-03
nan	1.832750000000000000e+03	1.832750000000000101e+00	nan	3.923210137898536232e-02	2.331373335278177916e-02	1.878211236851130145e-03
nan	1.901500000000000000e+03	1.901499999999999968e+00	nan	4.343705660483010433e-02	2.238255267053041592e-02	1.924984388907151518e-03
nan	1.906250000000000000e+03	1.906250000000000000e+00	nan	4.512384816825942835e-02	2.396472312007107142e-02	1.901956309215393961e-03
nan	1.966000000000000000e+03	1.965999999999999970e+00	nan	4.572065488707721670e-02	2.236124712417319332e-02	1.889336144612846578e-03
nan	2.008250000000000000e+03	2.008250000000000313e+00	nan	4.872028581428367033e-02	2.164615279142135390e-02	1.930812357531028938e-03
nan	2.049500000000000000e+03	2.049500000000000099e+00	nan	5.216932814823849185e-02	1.923695433285428982e-02	1.902122493135683344e-03
nan	2.095250000000000000e+03	2.095249999999999613e+00	nan	5.156437714867934119e-02	2.102843549187174282e-02	1.921178140356123373e-03
nan	2.143500000000000000e+03	2.143500000000000405e+00	nan	5.419378597770219130e-02	1.989880332259403098e-02	1.879373301940626953e-03
nan	2.203750000000000000e+03	2.203750000000000320e+00	nan	4.992060743876436391e-02	1.899232069590666566e-02	1.895388220544730069e-03
nan	2.171250000000000000e+03	2.171250000000000124e+00	nan	5.948714560292955866e-02	1.826261463319168998e-02	1.885356955123427321e-03
nan	2.250000000000000000e+03	2.250000000000000000e+00	nan	6.133217109294264446e-02	1.866129430146640233e-02	1.909085517117551072e-03
nan	2.286250000000000000e+03	2.286249999999999893e+00	nan	6.375217601492977337e-02	1.876874468748700869e-02	1.902069211089431030e-03
nan	2.368750000000000000e+03	2.368750000000000355e+00	nan	6.698245859274720715e-02	1.931108778620996627e-02	1.924805273722356982e-03
nan	2.403250000000000000e+03	2.403249999999999886e+00	nan	7.077325962387703839e-02	1.772068460699359124e-02	1.920210906163846536e-03
nan	2.416750000000000000e+03	2.416749999999999954e+00	nan	7.299298217583327641e-02	1.804174107494973048e-02	1.905346961133086350e-03
nan	2.465000000000000000e+03	2.464999999999999858e+00	nan	7.384494390458939961e-02	1.990639883834785517e-02	1.925886093935029811e-03
nan	2.472750000000000000e+03	2.472749999999999559e+00	nan	8.010323075620817690e-02	1.978975633429906622e-02	1.905235386296814763e-03
nan	2.529250000000000000e+03	2.529249999999999776e+00	nan	7.863965670048855827e-02	1.843671575291015718e-02	1.895620862189862895e-03
nan	2.574500000000000000e+03	2.574500000000000011e+00	nan	7.941209058429876677e-02	1.888671539430596819e-02	1.937024471223368783e-03
nan	2.603250000000000000e+03	2.603249999999999620e+00	nan	8.335073026921691053e-02	1.840390080299788081e-02	1.899194673256372409e-03
nan	2.606500000000000000e+03	2.606499999999999595e+00	nan	7.719463100698931157e-02	1.941249035499634235e-02	1.915553488201493515e-03
nan	2.972500000000000000e+02	2.972500000000000142e-01	nan	3.468966510780546741e-03	6.091791131457240105e-02	1.184810728500178051e-03
nan	4.430000000000000000e+02	4.429999999999999494e-01	nan	4.331936330117969192e-03	4.869077881750557418e-02	1.170134782291920453e-03
nan	5.717500000000000000e+02	5.717499999999999805e-01	nan	7.313962241191518387e-03	4.205565398955476986e-02	1.325980891404339706e-03
nan	6.322500000000000000e+02	6.322499999999999787e-01	nan	8.929455024144772324e-03	3.673241891912941426e-02	1.277028493012344204e-03
nan	6.972500000000000000e+02	6.972499999999999254e-01	nan	1.042865657409208779e-02	3.299639232522613708e-02	1.401200766242545557e-03
nan	7.847500000000000000e+02	7.847500000000000586e-01	nan	1.515179593241100520e-02	3.442419267989331455e-02	1.367358822760348942e-03
nan	8.152500000000000000e+02	8.152500000000000302e-01	nan	1.551366338125603761e-02	3.368240935757908089e-02	1.411983526553321029e-03
nan	9.060000000000000000e+02	9.059999999999999165e-01	nan	1.675563899399890033e-02	3.119563040896775746e-02	1.393079263422817606e-03
nan	9.427500000000000000e+02	9.427499999999999769e-01	nan	1.723196248971703426e-02	2.860194374231298658e-02	1.372857691441492934e-03
nan	1.011750000000000000e+03	1.011749999999999927e+00	nan	2.174731215075098589e-02	2.916838980756025074e-02	1.392873792054553656e-03
nan	1.004000000000000000e+03	1.004000000000000004e+00	nan	2.288220965934328888e-02	2.837774881037142746e-02	1.417086616555031766e-03
nan	1.096250000000000000e+03	1.096249999999999947e+00	nan	2.548852441285021087e-02	2.705438543257109724e-02	1.399530728611545621e-03
nan	1.131250000000000000e+03	1.131250000000000089e+00	nan	2.806493853287861384e-02	2.538868389335127013e-02	1.424087702636604160e-03
nan	1.180750000000000000e+03	1.180749999999999966e+00	nan	2.993789697083570900e-02	2.622021076293725231e-02	1.427500524925491045e-03
nan	1.246250000000000000e+03	1.246250000000000080e+00	nan	3.261680275676326346e-02	2.382445581740093299e-02	1.403790070231614173e-03
nan	1.264250000000000000e+03	1.264249999999999874e+00	nan	3.319319647357588110e-02	2.337485630617916477e-02	1.413824456103849291e-03
nan	1.300000000000000000e+03	1.299999999999999822e+00	nan	3.381065481772793646e-02	2.319733935886564291e-02	1.406217840994400175e-03
nan	1.336250000000000000e+03	1.336249999999999938e+00	nan	3.883292379791214444e-02	2.359979253998719870e-02	1.403262929525143443e-03
nan	1.400250000000000000e+03	1.400249999999999773e+00	nan	3.679355553961727310e-02	2.427424290954810493e-02	1.400097742133673412e-03
nan	1.419750000000000000e+03	1.419750000000000068e+00	nan	3.960817879055866797e-02	2.364967342076512019e-02	1.411084195378531228e-03
nan	1.453750000000000000e+03	1.453750000000000098e+00	nan	4.124540087366312946e-02	2.019531191645157486e-02	1.437539929177668666e-03
nan	1.476000000000000000e+03	1.475999999999999979e+00	nan	4.216385691540835978e-02	2.156548200104872748e-02	1.437067691661297886e-03
nan	1.519750000000000000e+03	1.519749999999999934e+00	nan	4.399804541225194043e-02	2.035627772990587087e-02	1.390579960024281936e-03
nan	1.574500000000000000e+03	1.574500000000000011e+00	nan	4.893064282134673704e-02	1.948045803952983684e-02	1.424458188894287339e-03
nan	1.575500000000000000e+03	1.575500000000000123e+00	nan	5.410696554787364221e-02	2.103143800612257766e-02	1.418059529662540766e-03
nan	1.657750000000000000e+03	1.657750000000000057e+00	nan	5.035038364849242498e-02	2.188892084459195808e-02	1.404101482630306210e-03
nan	1.659250000000000000e+03	1.659250000000000114e+00	nan	5.684838834702077293e-02	2.016961543476688407e-02	1.431742007718578118e-03
nan	1.650250000000000000e+03	1.650249999999999995e+00	nan	6.125570540655189689e-02	2.021919655890522943e-02	1.422434282111743886e-03
nan	1.670750000000000000e+03	1.670749999999999957e+00	nan	6.570320578941846179e-02	2.112748529058324290e-02	1.424305869809681154e-03
nan	1.750750000000000000e+03	1.750750000000000028e+00	nan	5.721408829953134045e-02	2.020837868598163861e-02	1.415214863495447379e-03
nan	1.762500000000000000e+03	1.762499999999999956e+00	nan	6.404508112109397189e-02	1.708116586132241155e-02	1.413370102291300378e-03
nan	1.776500000000000000e+03	1.776499999999999968e+00	nan	6.787270081542828848e-02	1.983962829921422782e-02	1.406602650486657446e-03
nan	1.808750000000000000e+03	1.808749999999999858e+00	nan	6.780057701820396687e-02	1.702726145397832208e-02	1.413321979576337732e-03
nan	1.819500000000000000e+03	1.819499999999999895e+00	nan	6.909052912311608452e-02	1.949022969097931324e-02	1.415428877726851746e-03
nan	1.864500000000000000e+03	1.864500000000000268e+00	nan	6.864019353059802597e-02	1.791519668093201692e-02	1.415648716673273281e-03
nan	1.914750000000000000e+03	1.914749999999999952e+00	nan	7.170232730192083181e-02	1.808914209566682418e-02	1.419317958986158514e-03
nan	1.926500000000000000e+03	1.926499999999999879e+00	nan	7.673647844808328955e-02	1.780979919578992710e-02	1.420756591509565736e-03
nan	1.916250000000000000e+03	1.916249999999999787e+00	nan	8.478080433110335434e-02	1.856247703822322404e-02	1.425951958691316825e-03
nan	1.956500000000000000e+03	1.956499999999999906e+00	nan	8.145352107436565348e-02	1.699107410113457131e-02	1.439479764480555268e-03
