Simulation Number PG.cFactor ExitSlit.openingHeight SU.photonEnergy PG.orderDiffraction SU.numberRays
0                    2.25                 0.008999999999999999   1000                 1                    100000              
1                 2.25       0.018                  100             1                   100000.0     
2                 2.25       0.018                  150             1                   100000.0     
3                 2.25       0.018                  200             1                   100000.0     
4                 2.25       0.018                  250             1                   100000.0     
5                 2.25       0.018                  300             1                   100000.0     
6                 2.25       0.018                  350             1                   100000.0     
7                 2.25       0.018                  400             1                   100000.0     
8                 2.25       0.018                  450             1                   100000.0     
9                 2.25       0.018                  500             1                   100000.0     
10                2.25       0.018                  550             1                   100000.0     
11                2.25       0.018                  600             1                   100000.0     
12                2.25       0.018                  650             1                   100000.0     
13                2.25       0.018                  700             1                   100000.0     
14                2.25       0.018                  750             1                   100000.0     
15                2.25       0.018                  800             1                   100000.0     
16                2.25       0.018                  850             1                   100000.0     
17                2.25       0.018                  900             1                   100000.0     
18                2.25       0.018                  950             1                   100000.0     
19                2.25       0.018                  1000            1                   100000.0     
20                2.25       0.018                  1050            1                   100000.0     
21                2.25       0.018                  1100            1                   100000.0     
22                2.25       0.018                  1150            1                   100000.0     
23                2.25       0.018                  1200            1                   100000.0     
24                2.25       0.018                  1250            1                   100000.0     
25                2.25       0.018                  1300            1                   100000.0     
26                2.25       0.018                  1350            1                   100000.0     
27                2.25       0.018                  1400            1                   100000.0     
28                2.25       0.018                  1450            1                   100000.0     
29                2.25       0.018                  1500            1                   100000.0     
30                2.25       0.018                  1550            1                   100000.0     
31                2.25       0.018                  1600            1                   100000.0     
32                2.25       0.018                  1650            1                   100000.0     
33                2.25       0.018                  1700            1                   100000.0     
34                2.25       0.018                  1750            1                   100000.0     
35                2.25       0.018                  1800            1                   100000.0     
36                2.25       0.018                  1850            1                   100000.0     
37                2.25       0.018                  1900            1                   100000.0     
38                2.25       0.018                  1950            1                   100000.0     
39                2.25       0.018                  2000            1                   100000.0     
40                2.25       0.015                  100             1                   100000.0     
41                2.25       0.015                  150             1                   100000.0     
42                2.25       0.015                  200             1                   100000.0     
43                2.25       0.015                  250             1                   100000.0     
44                2.25       0.015                  300             1                   100000.0     
45                2.25       0.015                  350             1                   100000.0     
46                2.25       0.015                  400             1                   100000.0     
47                2.25       0.015                  450             1                   100000.0     
48                2.25       0.015                  500             1                   100000.0     
49                2.25       0.015                  550             1                   100000.0     
50                2.25       0.015                  600             1                   100000.0     
51                2.25       0.015                  650             1                   100000.0     
52                2.25       0.015                  700             1                   100000.0     
53                2.25       0.015                  750             1                   100000.0     
54                2.25       0.015                  800             1                   100000.0     
55                2.25       0.015                  850             1                   100000.0     
56                2.25       0.015                  900             1                   100000.0     
57                2.25       0.015                  950             1                   100000.0     
58                2.25       0.015                  1000            1                   100000.0     
59                2.25       0.015                  1050            1                   100000.0     
60                2.25       0.015                  1100            1                   100000.0     
61                2.25       0.015                  1150            1                   100000.0     
62                2.25       0.015                  1200            1                   100000.0     
63                2.25       0.015                  1250            1                   100000.0     
64                2.25       0.015                  1300            1                   100000.0     
65                2.25       0.015                  1350            1                   100000.0     
66                2.25       0.015                  1400            1                   100000.0     
67                2.25       0.015                  1450            1                   100000.0     
68                2.25       0.015                  1500            1                   100000.0     
69                2.25       0.015                  1550            1                   100000.0     
70                2.25       0.015                  1600            1                   100000.0     
71                2.25       0.015                  1650            1                   100000.0     
72                2.25       0.015                  1700            1                   100000.0     
73                2.25       0.015                  1750            1                   100000.0     
74                2.25       0.015                  1800            1                   100000.0     
75                2.25       0.015                  1850            1                   100000.0     
76                2.25       0.015                  1900            1                   100000.0     
77                2.25       0.015                  1950            1                   100000.0     
78                2.25       0.015                  2000            1                   100000.0     
79                2.25       0.012                  100             1                   100000.0     
80                2.25       0.012                  150             1                   100000.0     
81                2.25       0.012                  200             1                   100000.0     
82                2.25       0.012                  250             1                   100000.0     
83                2.25       0.012                  300             1                   100000.0     
84                2.25       0.012                  350             1                   100000.0     
85                2.25       0.012                  400             1                   100000.0     
86                2.25       0.012                  450             1                   100000.0     
87                2.25       0.012                  500             1                   100000.0     
88                2.25       0.012                  550             1                   100000.0     
89                2.25       0.012                  600             1                   100000.0     
90                2.25       0.012                  650             1                   100000.0     
91                2.25       0.012                  700             1                   100000.0     
92                2.25       0.012                  750             1                   100000.0     
93                2.25       0.012                  800             1                   100000.0     
94                2.25       0.012                  850             1                   100000.0     
95                2.25       0.012                  900             1                   100000.0     
96                2.25       0.012                  950             1                   100000.0     
97                2.25       0.012                  1000            1                   100000.0     
98                2.25       0.012                  1050            1                   100000.0     
99                2.25       0.012                  1100            1                   100000.0     
100               2.25       0.012                  1150            1                   100000.0     
101               2.25       0.012                  1200            1                   100000.0     
102               2.25       0.012                  1250            1                   100000.0     
103               2.25       0.012                  1300            1                   100000.0     
104               2.25       0.012                  1350            1                   100000.0     
105               2.25       0.012                  1400            1                   100000.0     
106               2.25       0.012                  1450            1                   100000.0     
107               2.25       0.012                  1500            1                   100000.0     
108               2.25       0.012                  1550            1                   100000.0     
109               2.25       0.012                  1600            1                   100000.0     
110               2.25       0.012                  1650            1                   100000.0     
111               2.25       0.012                  1700            1                   100000.0     
112               2.25       0.012                  1750            1                   100000.0     
113               2.25       0.012                  1800            1                   100000.0     
114               2.25       0.012                  1850            1                   100000.0     
115               2.25       0.012                  1900            1                   100000.0     
116               2.25       0.012                  1950            1                   100000.0     
117               2.25       0.012                  2000            1                   100000.0     
118               2.25       0.01                   100             1                   100000.0     
119               2.25       0.01                   150             1                   100000.0     
120               2.25       0.01                   200             1                   100000.0     
121               2.25       0.01                   250             1                   100000.0     
122               2.25       0.01                   300             1                   100000.0     
123               2.25       0.01                   350             1                   100000.0     
124               2.25       0.01                   400             1                   100000.0     
125               2.25       0.01                   450             1                   100000.0     
126               2.25       0.01                   500             1                   100000.0     
127               2.25       0.01                   550             1                   100000.0     
128               2.25       0.01                   600             1                   100000.0     
129               2.25       0.01                   650             1                   100000.0     
130               2.25       0.01                   700             1                   100000.0     
131               2.25       0.01                   750             1                   100000.0     
132               2.25       0.01                   800             1                   100000.0     
133               2.25       0.01                   850             1                   100000.0     
134               2.25       0.01                   900             1                   100000.0     
135               2.25       0.01                   950             1                   100000.0     
136               2.25       0.01                   1000            1                   100000.0     
137               2.25       0.01                   1050            1                   100000.0     
138               2.25       0.01                   1100            1                   100000.0     
139               2.25       0.01                   1150            1                   100000.0     
140               2.25       0.01                   1200            1                   100000.0     
141               2.25       0.01                   1250            1                   100000.0     
142               2.25       0.01                   1300            1                   100000.0     
143               2.25       0.01                   1350            1                   100000.0     
144               2.25       0.01                   1400            1                   100000.0     
145               2.25       0.01                   1450            1                   100000.0     
146               2.25       0.01                   1500            1                   100000.0     
147               2.25       0.01                   1550            1                   100000.0     
148               2.25       0.01                   1600            1                   100000.0     
149               2.25       0.01                   1650            1                   100000.0     
150               2.25       0.01                   1700            1                   100000.0     
151               2.25       0.01                   1750            1                   100000.0     
152               2.25       0.01                   1800            1                   100000.0     
153               2.25       0.01                   1850            1                   100000.0     
154               2.25       0.01                   1900            1                   100000.0     
155               2.25       0.01                   1950            1                   100000.0     
156               2.25       0.01                   2000            1                   100000.0     
157               2.25       0.008                  100             1                   100000.0     
158               2.25       0.008                  150             1                   100000.0     
159               2.25       0.008                  200             1                   100000.0     
160               2.25       0.008                  250             1                   100000.0     
161               2.25       0.008                  300             1                   100000.0     
162               2.25       0.008                  350             1                   100000.0     
163               2.25       0.008                  400             1                   100000.0     
164               2.25       0.008                  450             1                   100000.0     
165               2.25       0.008                  500             1                   100000.0     
166               2.25       0.008                  550             1                   100000.0     
167               2.25       0.008                  600             1                   100000.0     
168               2.25       0.008                  650             1                   100000.0     
169               2.25       0.008                  700             1                   100000.0     
170               2.25       0.008                  750             1                   100000.0     
171               2.25       0.008                  800             1                   100000.0     
172               2.25       0.008                  850             1                   100000.0     
173               2.25       0.008                  900             1                   100000.0     
174               2.25       0.008                  950             1                   100000.0     
175               2.25       0.008                  1000            1                   100000.0     
176               2.25       0.008                  1050            1                   100000.0     
177               2.25       0.008                  1100            1                   100000.0     
178               2.25       0.008                  1150            1                   100000.0     
179               2.25       0.008                  1200            1                   100000.0     
180               2.25       0.008                  1250            1                   100000.0     
181               2.25       0.008                  1300            1                   100000.0     
182               2.25       0.008                  1350            1                   100000.0     
183               2.25       0.008                  1400            1                   100000.0     
184               2.25       0.008                  1450            1                   100000.0     
185               2.25       0.008                  1500            1                   100000.0     
186               2.25       0.008                  1550            1                   100000.0     
187               2.25       0.008                  1600            1                   100000.0     
188               2.25       0.008                  1650            1                   100000.0     
189               2.25       0.008                  1700            1                   100000.0     
190               2.25       0.008                  1750            1                   100000.0     
191               2.25       0.008                  1800            1                   100000.0     
192               2.25       0.008                  1850            1                   100000.0     
193               2.25       0.008                  1900            1                   100000.0     
194               2.25       0.008                  1950            1                   100000.0     
195               2.25       0.008                  2000            1                   100000.0     
196               2.25       0.006                  100             1                   100000.0     
197               2.25       0.006                  150             1                   100000.0     
198               2.25       0.006                  200             1                   100000.0     
199               2.25       0.006                  250             1                   100000.0     
200               2.25       0.006                  300             1                   100000.0     
201               2.25       0.006                  350             1                   100000.0     
202               2.25       0.006                  400             1                   100000.0     
203               2.25       0.006                  450             1                   100000.0     
204               2.25       0.006                  500             1                   100000.0     
205               2.25       0.006                  550             1                   100000.0     
206               2.25       0.006                  600             1                   100000.0     
207               2.25       0.006                  650             1                   100000.0     
208               2.25       0.006                  700             1                   100000.0     
209               2.25       0.006                  750             1                   100000.0     
210               2.25       0.006                  800             1                   100000.0     
211               2.25       0.006                  850             1                   100000.0     
212               2.25       0.006                  900             1                   100000.0     
213               2.25       0.006                  950             1                   100000.0     
214               2.25       0.006                  1000            1                   100000.0     
215               2.25       0.006                  1050            1                   100000.0     
216               2.25       0.006                  1100            1                   100000.0     
217               2.25       0.006                  1150            1                   100000.0     
218               2.25       0.006                  1200            1                   100000.0     
219               2.25       0.006                  1250            1                   100000.0     
220               2.25       0.006                  1300            1                   100000.0     
221               2.25       0.006                  1350            1                   100000.0     
222               2.25       0.006                  1400            1                   100000.0     
223               2.25       0.006                  1450            1                   100000.0     
224               2.25       0.006                  1500            1                   100000.0     
225               2.25       0.006                  1550            1                   100000.0     
226               2.25       0.006                  1600            1                   100000.0     
227               2.25       0.006                  1650            1                   100000.0     
228               2.25       0.006                  1700            1                   100000.0     
229               2.25       0.006                  1750            1                   100000.0     
230               2.25       0.006                  1800            1                   100000.0     
231               2.25       0.006                  1850            1                   100000.0     
232               2.25       0.006                  1900            1                   100000.0     
233               2.25       0.006                  1950            1                   100000.0     
