Simulation Number ExitSlit.openingHeight PG.lineDensity PG.orderDiffraction SU.numberRays SU.photonEnergy
0                 0.02                   1200           1                   100000.0      50             
1                 0.02                   1200           1                   100000.0      100            
2                 0.02                   1200           1                   100000.0      150            
3                 0.02                   1200           1                   100000.0      200            
4                 0.02                   1200           1                   100000.0      250            
5                 0.02                   1200           1                   100000.0      300            
6                 0.02                   1200           1                   100000.0      350            
7                 0.02                   1200           1                   100000.0      400            
8                 0.02                   1200           1                   100000.0      450            
9                 0.02                   1200           1                   100000.0      500            
10                0.02                   1200           1                   100000.0      550            
11                0.02                   1200           1                   100000.0      600            
12                0.02                   1200           1                   100000.0      650            
13                0.02                   1200           1                   100000.0      700            
14                0.02                   1200           1                   100000.0      750            
15                0.02                   1200           1                   100000.0      800            
16                0.02                   1200           1                   100000.0      850            
17                0.02                   1200           1                   100000.0      900            
18                0.02                   1200           1                   100000.0      950            
19                0.02                   1200           1                   100000.0      1000           
20                0.02                   1200           1                   100000.0      1050           
21                0.02                   1200           1                   100000.0      1100           
22                0.02                   1200           1                   100000.0      1150           
23                0.02                   1200           1                   100000.0      1200           
24                0.02                   1200           1                   100000.0      1250           
25                0.02                   1200           1                   100000.0      1300           
26                0.02                   1200           1                   100000.0      1350           
27                0.02                   1200           1                   100000.0      1400           
28                0.02                   1200           1                   100000.0      1450           
29                0.02                   1200           1                   100000.0      1500           
30                0.02                   1200           1                   100000.0      1550           
31                0.02                   1200           1                   100000.0      1600           
32                0.02                   1200           1                   100000.0      1650           
33                0.02                   1200           1                   100000.0      1700           
34                0.02                   1200           1                   100000.0      1750           
35                0.02                   1200           1                   100000.0      1800           
36                0.02                   1200           1                   100000.0      1850           
37                0.02                   1200           1                   100000.0      1900           
38                0.02                   1200           1                   100000.0      1950           
39                0.02                   1200           1                   100000.0      2000           
40                0.02                   1200           1                   100000.0      2050           
41                0.02                   1200           1                   100000.0      2100           
42                0.02                   2400           1                   100000.0      50             
43                0.02                   2400           1                   100000.0      100            
44                0.02                   2400           1                   100000.0      150            
45                0.02                   2400           1                   100000.0      200            
46                0.02                   2400           1                   100000.0      250            
47                0.02                   2400           1                   100000.0      300            
48                0.02                   2400           1                   100000.0      350            
49                0.02                   2400           1                   100000.0      400            
50                0.02                   2400           1                   100000.0      450            
51                0.02                   2400           1                   100000.0      500            
52                0.02                   2400           1                   100000.0      550            
53                0.02                   2400           1                   100000.0      600            
54                0.02                   2400           1                   100000.0      650            
55                0.02                   2400           1                   100000.0      700            
56                0.02                   2400           1                   100000.0      750            
57                0.02                   2400           1                   100000.0      800            
58                0.02                   2400           1                   100000.0      850            
59                0.02                   2400           1                   100000.0      900            
60                0.02                   2400           1                   100000.0      950            
61                0.02                   2400           1                   100000.0      1000           
62                0.02                   2400           1                   100000.0      1050           
63                0.02                   2400           1                   100000.0      1100           
64                0.02                   2400           1                   100000.0      1150           
65                0.02                   2400           1                   100000.0      1200           
66                0.02                   2400           1                   100000.0      1250           
67                0.02                   2400           1                   100000.0      1300           
68                0.02                   2400           1                   100000.0      1350           
69                0.02                   2400           1                   100000.0      1400           
70                0.02                   2400           1                   100000.0      1450           
71                0.02                   2400           1                   100000.0      1500           
72                0.02                   2400           1                   100000.0      1550           
73                0.02                   2400           1                   100000.0      1600           
74                0.02                   2400           1                   100000.0      1650           
75                0.02                   2400           1                   100000.0      1700           
76                0.02                   2400           1                   100000.0      1750           
77                0.02                   2400           1                   100000.0      1800           
78                0.02                   2400           1                   100000.0      1850           
79                0.02                   2400           1                   100000.0      1900           
80                0.02                   2400           1                   100000.0      1950           
81                0.02                   2400           1                   100000.0      2000           
82                0.02                   2400           1                   100000.0      2050           
83                0.02                   2400           1                   100000.0      2100           
