# SourcePhotonFlux	NumberRaysSurvived	PercentageRaysSurvived	PhotonFlux	Bandwidth	HorizontalFocusFWHM	VerticalFocusFWHM
nan	7.026000000000000227e+02	7.026000000000000023e-01	nan	2.913962824882787486e-03	4.610332515005603760e-02	2.600944997283788970e-03
nan	7.957999999999999545e+02	7.958000000000000629e-01	nan	4.976994861203820272e-03	3.797770936426207028e-02	2.680246475591023005e-03
nan	3.663999999999999773e+02	3.664000000000000035e-01	nan	6.956070258848967396e-03	3.423247882330111846e-02	2.530203262988977349e-03
nan	5.216000000000000227e+02	5.215999999999999526e-01	nan	7.334884100578165436e-03	3.087947799664846407e-02	2.708479519552781187e-03
nan	5.417999999999999545e+02	5.418000000000000593e-01	nan	1.002310703471493911e-02	2.359001911329142859e-02	2.780182516986165649e-03
nan	6.526000000000000227e+02	6.525999999999999579e-01	nan	1.210505077862080760e-02	2.724448973301998173e-02	2.728355583711304135e-03
nan	7.477999999999999545e+02	7.478000000000000203e-01	nan	1.271137529795396404e-02	2.799999459031380852e-02	2.772885240194950841e-03
nan	8.727999999999999545e+02	8.728000000000000203e-01	nan	1.584592726641176341e-02	2.397585887467855101e-02	2.859606349128921733e-03
nan	9.497999999999999545e+02	9.497999999999999776e-01	nan	1.522533185598149395e-02	2.295816143409926471e-02	2.754661617772853101e-03
nan	9.896000000000000227e+02	9.896000000000000352e-01	nan	1.791012185528870898e-02	2.466201388005466802e-02	2.822081955900800077e-03
nan	1.086000000000000000e+03	1.085999999999999854e+00	nan	2.009414460528659990e-02	2.306881080589006511e-02	2.805767942300510433e-03
nan	1.199200000000000045e+03	1.199200000000000044e+00	nan	2.311238618351580884e-02	2.020950887645230759e-02	2.867548730732379699e-03
nan	1.232400000000000091e+03	1.232399999999999940e+00	nan	2.551264532487493991e-02	1.999547198948882845e-02	2.811826665792255438e-03
nan	1.325799999999999955e+03	1.325800000000000090e+00	nan	2.681080086174460891e-02	1.979672692885710988e-02	2.836198820773838496e-03
nan	1.412000000000000000e+03	1.412000000000000144e+00	nan	2.856906854767658072e-02	2.061678010572641495e-02	2.858267865726553218e-03
nan	1.506400000000000091e+03	1.506399999999999961e+00	nan	3.171958444984283865e-02	1.781942447409651242e-02	2.812862110314983018e-03
nan	1.593400000000000091e+03	1.593400000000000150e+00	nan	3.192402037589090608e-02	2.164645783362848311e-02	2.818233827699435749e-03
nan	1.640400000000000091e+03	1.640400000000000080e+00	nan	3.628200697621650900e-02	1.993107515462893414e-02	2.852060383105707760e-03
nan	1.723799999999999955e+03	1.723799999999999999e+00	nan	3.764324600979307434e-02	1.820039435919536611e-02	2.831035535972176772e-03
nan	1.804799999999999955e+03	1.804800000000000182e+00	nan	3.835338454873635922e-02	1.753027528192032530e-02	2.818686254980937774e-03
nan	1.843799999999999955e+03	1.843799999999999883e+00	nan	4.185389865024262412e-02	1.925782135751339871e-02	2.852852386558038522e-03
nan	1.934400000000000091e+03	1.934400000000000119e+00	nan	4.351981493277889967e-02	1.989898279629488675e-02	2.889770673876522564e-03
nan	1.983200000000000045e+03	1.983200000000000074e+00	nan	4.854189034053888602e-02	1.827772641976617776e-02	2.833641854046882718e-03
nan	2.086000000000000000e+03	2.085999999999999854e+00	nan	5.027056923736381716e-02	1.849123777262114826e-02	2.858837215020627095e-03
nan	2.112599999999999909e+03	2.112600000000000033e+00	nan	5.415311521937837824e-02	1.807541187539420460e-02	2.863194856392591286e-03
nan	2.177800000000000182e+03	2.177799999999999958e+00	nan	5.577331434260486553e-02	1.813639631710076833e-02	2.833515531392759215e-03
nan	2.201000000000000000e+03	2.201000000000000068e+00	nan	5.741156654221413191e-02	1.759208153391221205e-02	2.895870143106692336e-03
nan	2.295199999999999818e+03	2.295199999999999907e+00	nan	5.989267548370662275e-02	1.831189297746533412e-02	2.837882035459693680e-03
nan	2.329400000000000091e+03	2.329400000000000137e+00	nan	6.118493625531300217e-02	1.711885325155485665e-02	2.835644610886303794e-03
nan	2.396400000000000091e+03	2.396399999999999864e+00	nan	6.443892580205101694e-02	1.767501087861538325e-02	2.881142573186391311e-03
nan	2.400800000000000182e+03	2.400799999999999823e+00	nan	6.610965566119375580e-02	1.757043709624648772e-02	2.874937473845121712e-03
nan	2.427800000000000182e+03	2.427799999999999958e+00	nan	7.103734167658330712e-02	1.849870247926579600e-02	2.806134556642027669e-03
nan	2.459800000000000182e+03	2.459799999999999986e+00	nan	7.284005803958279457e-02	1.687159003381797501e-02	2.889697180409738896e-03
nan	2.492800000000000182e+03	2.492799999999999905e+00	nan	7.277382938727897099e-02	1.785304570049724843e-02	2.883379044966589196e-03
nan	2.480199999999999818e+03	2.480200000000000404e+00	nan	8.167118906080758634e-02	1.657320329873066336e-02	2.853600441295403405e-03
nan	2.536400000000000091e+03	2.536399999999999544e+00	nan	8.443082096987382379e-02	1.558451533943599684e-02	2.931595913099584172e-03
nan	2.518800000000000182e+03	2.518800000000000150e+00	nan	8.427605899887566365e-02	1.646201962381658307e-02	2.852781661830908200e-03
nan	2.474199999999999818e+03	2.474199999999999733e+00	nan	8.536230777631317879e-02	1.746951218942298031e-02	2.903425241233623198e-03
nan	2.431000000000000000e+03	2.431000000000000050e+00	nan	8.936399791832627670e-02	1.694283756302051441e-02	2.894494172361507939e-03
nan	4.766000000000000227e+02	4.766000000000000236e-01	nan	2.308126211949001940e-03	4.730484152358059580e-02	2.693284731149510943e-03
nan	4.950000000000000000e+02	4.949999999999999956e-01	nan	3.435023723392305415e-03	3.789907607953672125e-02	2.663347325619660512e-03
nan	1.990000000000000000e+02	1.990000000000000102e-01	nan	4.381344868147607312e-03	3.693106643018619767e-02	2.621269314425587419e-03
nan	2.813999999999999773e+02	2.813999999999999835e-01	nan	5.712425085397399363e-03	3.013868202603048330e-02	2.604044822050530315e-03
nan	2.876000000000000227e+02	2.875999999999999668e-01	nan	6.242603713201333275e-03	2.442410131096418857e-02	2.666047764741828838e-03
nan	3.566000000000000227e+02	3.566000000000000281e-01	nan	8.455541432454083406e-03	2.611863672155847332e-02	2.799785889169389974e-03
nan	4.190000000000000000e+02	4.190000000000000391e-01	nan	9.134169718367956409e-03	2.326910338673859879e-02	2.737409080781439373e-03
nan	4.826000000000000227e+02	4.826000000000000290e-01	nan	1.002189276813396715e-02	2.542661163096936877e-02	2.779087214031072343e-03
nan	5.120000000000000000e+02	5.120000000000001217e-01	nan	1.177579934719688061e-02	2.393497233428459187e-02	2.785490186384073814e-03
nan	5.517999999999999545e+02	5.517999999999998462e-01	nan	1.313074724448597477e-02	2.002589334889112727e-02	2.829696095115299785e-03
nan	6.022000000000000455e+02	6.022000000000000686e-01	nan	1.369888766919302725e-02	2.187284068445329716e-02	2.776246516978260991e-03
nan	6.540000000000000000e+02	6.539999999999999147e-01	nan	1.503146001573441026e-02	2.047757081796369727e-02	2.822199368281397194e-03
nan	6.946000000000000227e+02	6.945999999999999952e-01	nan	1.867963275528836814e-02	2.041764530376396353e-02	2.814933168844609233e-03
nan	7.207999999999999545e+02	7.207999999999998852e-01	nan	1.911167947077956411e-02	2.146384687716821477e-02	2.813036046984671891e-03
nan	7.996000000000000227e+02	7.996000000000000885e-01	nan	2.019240018335040007e-02	1.950255585131884656e-02	2.831300749147872345e-03
nan	8.566000000000000227e+02	8.565999999999999170e-01	nan	2.167817553158784064e-02	1.870186692207221127e-02	2.810860765685288271e-03
nan	8.916000000000000227e+02	8.916000000000000592e-01	nan	2.130207762002100935e-02	2.098556561022305728e-02	2.779323198232244198e-03
nan	9.182000000000000455e+02	9.181999999999999051e-01	nan	2.465613238659898274e-02	1.844111620976076477e-02	2.847353680415674708e-03
nan	9.762000000000000455e+02	9.762000000000000677e-01	nan	2.811973042830686470e-02	1.948449351132714585e-02	2.822268572233993869e-03
nan	1.002399999999999977e+03	1.002400000000000180e+00	nan	3.005224182415986572e-02	1.926021096821346062e-02	2.845588206441192723e-03
nan	1.053200000000000045e+03	1.053199999999999914e+00	nan	3.145903648996863783e-02	1.915430714881599314e-02	2.853765840915947847e-03
nan	1.084000000000000000e+03	1.084000000000000075e+00	nan	2.937787053506326490e-02	1.931460208934485459e-02	2.801772386505644880e-03
nan	1.145000000000000000e+03	1.145000000000000018e+00	nan	3.460341451482236430e-02	1.778538375305824260e-02	2.843917296485831605e-03
nan	1.152599999999999909e+03	1.152600000000000069e+00	nan	3.294883954708893725e-02	1.794855474803055267e-02	2.822402467931340274e-03
nan	1.196799999999999955e+03	1.196800000000000086e+00	nan	3.474161014723904650e-02	1.749989818068412029e-02	2.845393056962577764e-03
nan	1.238000000000000000e+03	1.237999999999999989e+00	nan	3.893072433256748038e-02	1.750100258268826037e-02	2.818559300763277126e-03
nan	1.254599999999999909e+03	1.254599999999999937e+00	nan	3.719530092103014163e-02	1.807477153026558134e-02	2.843613194383084325e-03
nan	1.280400000000000091e+03	1.280399999999999761e+00	nan	4.156274978704459222e-02	1.813003612377878798e-02	2.890482532851656235e-03
nan	1.275799999999999955e+03	1.275800000000000045e+00	nan	4.137862305260568696e-02	1.761958746670171105e-02	2.889888388012233633e-03
nan	1.296000000000000000e+03	1.295999999999999819e+00	nan	4.751164593681096726e-02	1.643524190963003770e-02	2.852654940076451619e-03
nan	1.295599999999999909e+03	1.295600000000000085e+00	nan	4.624798177164848173e-02	1.866073453150347145e-02	2.845015865322131007e-03
nan	1.307599999999999909e+03	1.307599999999999874e+00	nan	4.836494243090783129e-02	1.801998237844156664e-02	2.845634239578720675e-03
nan	1.302000000000000000e+03	1.302000000000000046e+00	nan	4.990953083047315608e-02	1.791659357294299315e-02	2.878068585680049717e-03
nan	1.279599999999999909e+03	1.279599999999999849e+00	nan	5.048969866552397573e-02	1.752447993095909012e-02	2.800778548162448887e-03
nan	1.280000000000000000e+03	1.280000000000000027e+00	nan	5.226530505328810111e-02	1.728111239157063481e-02	2.884945425800152386e-03
nan	1.185599999999999909e+03	1.185599999999999987e+00	nan	5.443254612732743858e-02	1.683254956379862458e-02	2.793128974820027408e-03
nan	1.175400000000000091e+03	1.175400000000000000e+00	nan	5.995224688122106904e-02	1.656257951094746578e-02	2.838926312937905053e-03
nan	1.113799999999999955e+03	1.113799999999999901e+00	nan	5.959121054183924571e-02	1.621644906385528301e-02	2.902552845805993903e-03
nan	9.566000000000000227e+02	9.566000000000001169e-01	nan	6.596620223695026652e-02	1.556059589396894226e-02	2.849407600778179790e-03
nan	2.933999999999999773e+02	2.933999999999999941e-01	nan	1.251168274248470923e-03	4.811160230053285192e-02	2.412011632599696948e-03
nan	2.530000000000000000e+02	2.530000000000000027e-01	nan	2.351912012335333115e-03	4.236994532818498527e-02	2.438852193052448193e-03
nan	8.400000000000000000e+01	8.400000000000000522e-02	nan	3.840590381945111452e-03	4.009192916579028959e-02	1.989527599534377487e-03
nan	1.154000000000000057e+02	1.153999999999999887e-01	nan	3.647774493487077052e-03	2.913224384992689139e-02	2.497039279472363163e-03
nan	1.285999999999999943e+02	1.285999999999999921e-01	nan	4.732570391240642493e-03	2.320543990215871016e-02	2.478011115278773522e-03
nan	1.538000000000000114e+02	1.537999999999999923e-01	nan	6.051388205275998015e-03	2.436197947736256503e-02	2.555204838587912374e-03
nan	1.891999999999999886e+02	1.891999999999999793e-01	nan	5.159608068049692173e-03	2.231106731709378566e-02	2.342981859477373877e-03
nan	2.110000000000000000e+02	2.109999999999999931e-01	nan	6.294688473610676391e-03	1.995158113163383873e-02	2.701025974986291048e-03
nan	2.305999999999999943e+02	2.305999999999999994e-01	nan	7.765205521582174870e-03	2.251356809637767784e-02	2.569649893639659906e-03
nan	2.341999999999999886e+02	2.341999999999999638e-01	nan	8.351086453399148707e-03	2.004477396372434869e-02	2.574234628364765499e-03
nan	2.781999999999999886e+02	2.782000000000000028e-01	nan	9.722954977064546256e-03	2.082801365543411609e-02	2.747617369981513250e-03
nan	2.871999999999999886e+02	2.872000000000000108e-01	nan	1.056616034643411729e-02	2.085252357383216709e-02	2.642606501611050908e-03
nan	3.048000000000000114e+02	3.048000000000000154e-01	nan	1.278425800999230012e-02	2.106966451827742628e-02	2.719323951016133951e-03
nan	3.240000000000000000e+02	3.240000000000000102e-01	nan	1.243417196258178592e-02	1.818275949653668302e-02	2.829411620329469641e-03
nan	3.470000000000000000e+02	3.470000000000000306e-01	nan	1.268560998987595598e-02	2.024040570282263293e-02	2.643772468380221723e-03
nan	3.761999999999999886e+02	3.761999999999999789e-01	nan	1.449053216285847191e-02	1.942659404912773849e-02	2.684605691222819064e-03
nan	4.058000000000000114e+02	4.057999999999999940e-01	nan	1.522919120100141299e-02	1.985529851464399101e-02	2.722532844876004825e-03
nan	4.031999999999999886e+02	4.032000000000000028e-01	nan	1.651111174701327261e-02	1.679588185054628827e-02	2.713416274857229169e-03
nan	4.036000000000000227e+02	4.036000000000000698e-01	nan	1.573542511223422619e-02	1.929638065903723637e-02	2.719764795672526079e-03
nan	4.343999999999999773e+02	4.344000000000000083e-01	nan	1.597868545713936397e-02	1.566419558585383995e-02	2.783061106847080097e-03
nan	4.326000000000000227e+02	4.325999999999999845e-01	nan	1.731020504394109594e-02	1.771930701385259627e-02	2.648302424863335433e-03
nan	4.271999999999999886e+02	4.272000000000000242e-01	nan	2.181552391289187653e-02	1.672067779556301453e-02	2.731898467356763064e-03
nan	4.271999999999999886e+02	4.272000000000000242e-01	nan	2.314335883297644753e-02	1.696137447508555551e-02	2.780429650548890859e-03
nan	4.040000000000000000e+02	4.040000000000000258e-01	nan	2.043368192471461953e-02	1.529279758134433585e-02	2.826303665479325353e-03
nan	3.936000000000000227e+02	3.936000000000000609e-01	nan	2.646097923488923559e-02	1.598349609013292524e-02	2.858184326947527804e-03
nan	3.806000000000000227e+02	3.805999999999999939e-01	nan	2.455146565748691362e-02	1.733143169832661659e-02	2.598129454790827197e-03
nan	3.463999999999999773e+02	3.463999999999999857e-01	nan	2.238414642220050085e-02	1.873621045990338935e-02	2.664250468028420658e-03
nan	3.318000000000000114e+02	3.317999999999999838e-01	nan	2.542161052024312015e-02	1.436146925251178749e-02	2.855770628485681997e-03
nan	2.973999999999999773e+02	2.973999999999999977e-01	nan	2.672373701288961387e-02	1.554349173307228472e-02	2.650301861825481945e-03
nan	2.868000000000000114e+02	2.868000000000000549e-01	nan	3.228537692170903306e-02	1.643865029355533539e-02	2.648143272518001592e-03
nan	2.570000000000000000e+02	2.570000000000000062e-01	nan	2.617471360708805220e-02	1.578380197625654097e-02	2.466122783994442996e-03
nan	2.191999999999999886e+02	2.192000000000000060e-01	nan	3.957993268513746582e-02	1.621461995117557189e-02	2.519558556388004546e-03
nan	1.984000000000000057e+02	1.983999999999999930e-01	nan	3.078084840567498620e-02	1.755689471300837801e-02	2.276278150978231721e-03
nan	1.708000000000000114e+02	1.708000000000000074e-01	nan	3.495674462292299584e-02	1.801128940975764772e-02	1.843972163117207170e-03
nan	1.501999999999999886e+02	1.502000000000000002e-01	nan	4.180152419562545990e-02	1.702275032686678680e-02	2.397079930534134432e-03
nan	1.400000000000000000e+02	1.400000000000000133e-01	nan	3.438612401264436180e-02	1.381168557341320123e-02	1.564649171874922919e-03
nan	1.080000000000000000e+02	1.080000000000000127e-01	nan	4.102452874088318574e-02	1.696596230285044027e-02	1.642972351600679700e-03
nan	9.579999999999999716e+01	9.579999999999999627e-02	nan	4.434616346393002728e-02	1.696456961806759936e-02	2.025468500517844939e-03
nan	7.540000000000000568e+01	7.539999999999999480e-02	nan	4.749328424265587822e-02	1.890531444621942544e-02	1.974338438769915761e-03
nan	5.723999999999999773e+02	5.724000000000000199e-01	nan	3.206117792984741754e-03	4.110878860553154185e-02	2.024327970488444192e-03
nan	6.592000000000000455e+02	6.592000000000000082e-01	nan	4.263791991769494069e-03	4.359415458759947209e-02	2.210558602082488520e-03
nan	2.876000000000000227e+02	2.876000000000000223e-01	nan	5.989976195121471218e-03	3.362934946821432430e-02	2.112596766079164520e-03
nan	4.260000000000000000e+02	4.259999999999999898e-01	nan	7.165721193467788561e-03	3.094734418790788880e-02	2.182610918579333450e-03
nan	4.510000000000000000e+02	4.509999999999999565e-01	nan	8.711735113058694316e-03	2.790541496347788072e-02	2.267830962877256853e-03
nan	5.327999999999999545e+02	5.328000000000000513e-01	nan	1.002771940744651147e-02	2.692081385400531962e-02	2.249387324218738056e-03
nan	6.022000000000000455e+02	6.022000000000000686e-01	nan	1.300337223107135218e-02	2.779153928140078861e-02	2.287853538030054819e-03
nan	7.182000000000000455e+02	7.182000000000000606e-01	nan	1.531887273406482529e-02	2.662684338996363503e-02	2.344992961619077505e-03
nan	7.682000000000000455e+02	7.681999999999999940e-01	nan	1.574726510109485458e-02	2.437065531014371775e-02	2.331490836883274350e-03
nan	8.186000000000000227e+02	8.185999999999999943e-01	nan	1.838838571918586379e-02	2.252721784576511288e-02	2.306868468501562311e-03
nan	9.103999999999999773e+02	9.104000000000000981e-01	nan	2.065239006533374846e-02	2.373949790163389431e-02	2.353830065824994225e-03
nan	9.697999999999999545e+02	9.697999999999999954e-01	nan	2.177673343567221309e-02	2.161795393523350400e-02	2.398332005221240956e-03
nan	1.053400000000000091e+03	1.053399999999999892e+00	nan	2.275109714182690229e-02	2.182785135139899205e-02	2.337872215639283293e-03
nan	1.108400000000000091e+03	1.108400000000000052e+00	nan	2.579108725853984652e-02	2.013512766799469694e-02	2.379516408681745052e-03
nan	1.175200000000000045e+03	1.175199999999999800e+00	nan	2.742110247625078115e-02	1.876091393705011864e-02	2.372029684996168619e-03
nan	1.281400000000000091e+03	1.281400000000000095e+00	nan	2.912413855790418893e-02	1.969190991105495073e-02	2.405658312466043246e-03
nan	1.286200000000000045e+03	1.286200000000000010e+00	nan	3.073595241364728350e-02	1.983661568781219450e-02	2.347428581511676847e-03
nan	1.347400000000000091e+03	1.347399999999999931e+00	nan	3.362045212129487204e-02	1.804122991654395769e-02	2.369211897986876671e-03
nan	1.422599999999999909e+03	1.422599999999999865e+00	nan	3.397546436599441222e-02	1.973330814023945348e-02	2.367224053959763978e-03
nan	1.459200000000000045e+03	1.459200000000000053e+00	nan	3.862760476376934232e-02	1.875937991747312489e-02	2.416229745245591573e-03
nan	1.552799999999999955e+03	1.552799999999999958e+00	nan	3.894730017432266461e-02	1.805329521421366462e-02	2.375478520324036773e-03
nan	1.611799999999999955e+03	1.611799999999999899e+00	nan	4.536321248774584369e-02	1.952700757277091650e-02	2.380389942721919307e-03
nan	1.673400000000000091e+03	1.673400000000000221e+00	nan	4.417665227911129339e-02	1.618596002355725608e-02	2.367478092933160416e-03
nan	1.712799999999999955e+03	1.712800000000000100e+00	nan	4.434553364635576006e-02	1.705077141075805880e-02	2.364576612091427634e-03
nan	1.737799999999999955e+03	1.737800000000000011e+00	nan	4.609696220809382516e-02	1.875754531387224117e-02	2.335440081650339960e-03
nan	1.825200000000000045e+03	1.825199999999999934e+00	nan	5.287538060488259500e-02	1.897735326210766779e-02	2.378781702510061793e-03
nan	1.859599999999999909e+03	1.859599999999999920e+00	nan	5.386099890124569634e-02	1.854472110062060919e-02	2.388604237352108355e-03
nan	1.875799999999999955e+03	1.875800000000000356e+00	nan	5.658809775386543922e-02	1.808545979186308370e-02	2.352752745423520708e-03
nan	1.957599999999999909e+03	1.957600000000000007e+00	nan	5.889939282974410162e-02	1.931055470805675273e-02	2.375805115977173976e-03
nan	1.959000000000000000e+03	1.959000000000000075e+00	nan	5.814456886291737014e-02	1.823136314955678405e-02	2.390922612174307092e-03
nan	1.996400000000000091e+03	1.996400000000000174e+00	nan	6.323357214541829030e-02	1.625167879007722443e-02	2.405519733990605334e-03
nan	2.042000000000000000e+03	2.041999999999999815e+00	nan	6.525116409152360852e-02	1.697384993634772771e-02	2.374512393631985577e-03
nan	2.061800000000000182e+03	2.061800000000000299e+00	nan	6.348337686895319520e-02	1.740562623935576481e-02	2.425255687306704464e-03
nan	2.074599999999999909e+03	2.074599999999999778e+00	nan	7.168039749012677930e-02	1.649449127794075723e-02	2.387724753111268149e-03
nan	2.118199999999999818e+03	2.118199999999999861e+00	nan	6.901862480467571559e-02	1.721402530142150319e-02	2.392561400706870976e-03
nan	2.111599999999999909e+03	2.111600000000000144e+00	nan	7.556406405783491764e-02	1.722597572854439943e-02	2.363091691438887372e-03
nan	2.112800000000000182e+03	2.112800000000000455e+00	nan	7.651594501271574700e-02	1.626528892008651320e-02	2.403448213221264732e-03
nan	2.098000000000000000e+03	2.097999999999999865e+00	nan	8.357329908208158131e-02	1.607755507855881255e-02	2.375963967579359550e-03
nan	2.023200000000000045e+03	2.023199999999999665e+00	nan	8.213954603165803114e-02	1.597835867026751316e-02	2.412934473172454602e-03
nan	3.798000000000000114e+02	3.798000000000000265e-01	nan	2.417654253511614029e-03	5.014643365621716115e-02	2.098895430656223283e-03
nan	4.106000000000000227e+02	4.105999999999999650e-01	nan	3.089581606639058096e-03	3.338398639954735792e-02	2.116878920982300828e-03
nan	1.640000000000000000e+02	1.640000000000000069e-01	nan	4.148507967039449448e-03	3.050985729435797683e-02	2.206489627552282989e-03
nan	2.318000000000000114e+02	2.318000000000000060e-01	nan	6.192955033259295479e-03	2.971490319432067498e-02	2.183911270258406985e-03
nan	2.254000000000000057e+02	2.253999999999999893e-01	nan	6.671342536037627724e-03	2.316715196692942236e-02	1.969606854877493061e-03
nan	3.013999999999999773e+02	3.014000000000000012e-01	nan	7.367400235239074391e-03	2.104723275925878337e-02	2.213075653430810006e-03
nan	3.476000000000000227e+02	3.476000000000000201e-01	nan	7.943944634507715125e-03	2.976676315377155962e-02	2.297475346961134948e-03
nan	3.930000000000000000e+02	3.930000000000000715e-01	nan	9.994172298775083618e-03	2.457243995135368481e-02	2.235646966896920156e-03
nan	4.216000000000000227e+02	4.216000000000000303e-01	nan	1.125432254946190369e-02	2.536745050750507935e-02	2.290260798629508571e-03
nan	4.441999999999999886e+02	4.442000000000000393e-01	nan	1.166422976650665147e-02	2.268250368356500984e-02	2.342124690996372216e-03
nan	5.166000000000000227e+02	5.166000000000000592e-01	nan	1.421809759469852032e-02	2.094822922808583024e-02	2.359313594549421883e-03
nan	5.616000000000000227e+02	5.616000000000000991e-01	nan	1.530205483982172154e-02	2.256986506814817606e-02	2.312805587167111616e-03
nan	5.853999999999999773e+02	5.854000000000000314e-01	nan	1.478078916070444358e-02	2.185540794143176965e-02	2.292707239759206143e-03
nan	6.182000000000000455e+02	6.182000000000000828e-01	nan	1.644059854686474864e-02	2.231700210313417032e-02	2.301709916493735377e-03
nan	6.610000000000000000e+02	6.609999999999999210e-01	nan	1.839059975111467793e-02	1.904235976812461081e-02	2.316767856212143678e-03
nan	6.976000000000000227e+02	6.975999999999999979e-01	nan	2.121184215868652384e-02	2.156226014427638574e-02	2.311398901469486396e-03
nan	7.400000000000000000e+02	7.399999999999999911e-01	nan	2.250391928635053773e-02	2.225980666966102806e-02	2.331070532870884761e-03
nan	7.550000000000000000e+02	7.550000000000001155e-01	nan	2.391172170016488824e-02	1.977030464783092328e-02	2.317785807905684350e-03
nan	8.040000000000000000e+02	8.039999999999999369e-01	nan	2.453115129931120533e-02	1.880353437070982764e-02	2.311780043139892524e-03
nan	8.403999999999999773e+02	8.404000000000000359e-01	nan	2.916303224610601250e-02	1.896957226207323169e-02	2.382962421359794466e-03
nan	8.642000000000000455e+02	8.641999999999999682e-01	nan	3.000092796446551802e-02	1.900228566268111902e-02	2.343798096875830510e-03
nan	9.077999999999999545e+02	9.077999999999999403e-01	nan	3.063034582023647229e-02	1.686962911312732752e-02	2.388677442725478314e-03
nan	9.323999999999999773e+02	9.324000000000000066e-01	nan	3.020900798583170399e-02	1.783649373128496848e-02	2.306390988374282768e-03
nan	9.862000000000000455e+02	9.861999999999998545e-01	nan	3.195959423092063073e-02	1.779770732819455081e-02	2.369441217183480310e-03
nan	9.997999999999999545e+02	9.997999999999999110e-01	nan	3.205524916929789608e-02	1.807567045542903331e-02	2.338349306501069733e-03
nan	9.917999999999999545e+02	9.917999999999999039e-01	nan	3.553523539894740818e-02	1.642476695538393552e-02	2.367086469208419530e-03
nan	1.031200000000000045e+03	1.031200000000000117e+00	nan	3.892629785223107597e-02	1.817519282445050066e-02	2.395726044688075655e-03
nan	1.080400000000000091e+03	1.080400000000000249e+00	nan	3.875929526516301571e-02	1.874533522519544054e-02	2.405247054045495624e-03
nan	1.080400000000000091e+03	1.080400000000000027e+00	nan	3.951713510678019070e-02	1.698519853970901355e-02	2.339910487626079005e-03
nan	1.102599999999999909e+03	1.102600000000000025e+00	nan	4.327684616932856582e-02	1.611648801519676225e-02	2.389044630404666726e-03
nan	1.095000000000000000e+03	1.094999999999999973e+00	nan	4.607578684826876131e-02	1.696786197501825785e-02	2.342441509003364859e-03
nan	1.083599999999999909e+03	1.083599999999999897e+00	nan	4.472547481827859883e-02	1.686281666022013473e-02	2.333386812039873505e-03
nan	1.071000000000000000e+03	1.071000000000000174e+00	nan	4.463714056751087039e-02	1.628680956384992440e-02	2.331374609238731719e-03
nan	1.074599999999999909e+03	1.074599999999999778e+00	nan	5.144062950553233982e-02	1.637127765521909778e-02	2.393690131642274305e-03
nan	1.048400000000000091e+03	1.048399999999999999e+00	nan	4.899406067083873773e-02	1.822037025893849874e-02	2.339234976245262946e-03
nan	1.040000000000000000e+03	1.040000000000000036e+00	nan	5.292027395648801757e-02	1.673409627354043375e-02	2.351096478340686941e-03
nan	9.830000000000000000e+02	9.829999999999999849e-01	nan	5.265685970380218350e-02	1.703467880438936863e-02	2.345312764909560175e-03
nan	9.143999999999999773e+02	9.143999999999999906e-01	nan	5.489101038156150164e-02	1.739707238792856381e-02	2.326430787991942521e-03
nan	7.697999999999999545e+02	7.697999999999999288e-01	nan	5.481911261381355871e-02	1.473317750540742432e-02	2.408750017215586462e-03
nan	2.354000000000000057e+02	2.353999999999999981e-01	nan	1.450038703106315639e-03	3.958768366602346406e-02	2.020046590881604230e-03
nan	2.115999999999999943e+02	2.116000000000000103e-01	nan	2.080624826805888179e-03	3.231051492085894317e-02	2.235894059393277178e-03
nan	6.959999999999999432e+01	6.960000000000000908e-02	nan	3.681700693893109194e-03	3.678316439884782296e-02	1.723426690139779434e-03
nan	9.400000000000000000e+01	9.400000000000000022e-02	nan	4.152216133245391523e-03	3.442113289347126237e-02	1.717897743784139227e-03
nan	1.112000000000000028e+02	1.111999999999999933e-01	nan	4.132914031330542012e-03	2.984940211368681401e-02	1.938266337851581034e-03
nan	1.230000000000000000e+02	1.229999999999999982e-01	nan	4.173903923299348943e-03	1.662823672731211788e-02	1.894930122464585530e-03
nan	1.531999999999999886e+02	1.532000000000000028e-01	nan	4.751646347904170745e-03	2.183240751450396533e-02	1.984849262909962365e-03
nan	1.744000000000000057e+02	1.743999999999999717e-01	nan	5.838728202206766582e-03	2.353977893145718994e-02	2.001108081128977374e-03
nan	1.868000000000000114e+02	1.867999999999999938e-01	nan	7.086512255182242197e-03	2.192353655865621545e-02	1.988141453111476418e-03
nan	1.891999999999999886e+02	1.892000000000000071e-01	nan	7.292894195506960733e-03	1.998402107851324216e-02	2.132124389289501674e-03
nan	2.304000000000000057e+02	2.304000000000000214e-01	nan	8.584988360507850996e-03	2.079322336502684859e-02	2.141523210924446956e-03
nan	2.504000000000000057e+02	2.504000000000000115e-01	nan	8.298038761358839457e-03	1.996774566379252991e-02	2.092565744534400935e-03
nan	2.648000000000000114e+02	2.648000000000000353e-01	nan	1.202235765463228676e-02	1.981287060716504372e-02	2.204620277370156808e-03
nan	2.868000000000000114e+02	2.867999999999999994e-01	nan	1.256765198982066033e-02	2.115516081581244462e-02	2.198531858980439825e-03
nan	2.941999999999999886e+02	2.942000000000000171e-01	nan	1.392806506421493361e-02	1.714673393148873071e-02	2.176317350961799648e-03
nan	3.088000000000000114e+02	3.088000000000000189e-01	nan	1.298807212056090135e-02	1.799998413654569501e-02	2.239903449018323077e-03
nan	3.396000000000000227e+02	3.396000000000000130e-01	nan	1.423206536280758813e-02	1.643180793613792726e-02	2.022985664926253962e-03
nan	3.428000000000000114e+02	3.428000000000000491e-01	nan	1.463480295315093896e-02	1.858151728605564670e-02	2.301518819740874799e-03
nan	3.366000000000000227e+02	3.366000000000000103e-01	nan	1.530444306615663663e-02	1.970474970095580786e-02	2.233976806702806482e-03
nan	3.490000000000000000e+02	3.489999999999999769e-01	nan	1.849285639436857448e-02	1.825836458991435957e-02	2.222976012336217323e-03
nan	3.351999999999999886e+02	3.351999999999999980e-01	nan	1.707166760252221138e-02	1.982968910153144054e-02	2.266213295404349414e-03
nan	3.448000000000000114e+02	3.448000000000000509e-01	nan	1.778597532024832686e-02	1.903968289544142461e-02	2.315576289651872545e-03
nan	3.576000000000000227e+02	3.576000000000000290e-01	nan	2.149846364955010358e-02	1.667564269139729799e-02	2.265936770197480958e-03
nan	3.341999999999999886e+02	3.341999999999999971e-01	nan	2.113388681809737907e-02	1.747019210451713003e-02	2.372610505441983229e-03
nan	3.240000000000000000e+02	3.239999999999999547e-01	nan	2.049070538973864902e-02	1.673470584347245410e-02	2.345408549395978145e-03
nan	3.091999999999999886e+02	3.091999999999999749e-01	nan	2.177364684898748168e-02	1.620553867290678435e-02	2.126278687107956145e-03
nan	3.098000000000000114e+02	3.097999999999999643e-01	nan	2.539877920430626615e-02	1.349813792285252043e-02	2.265557654948721633e-03
nan	2.783999999999999773e+02	2.783999999999999808e-01	nan	2.528796296787732059e-02	1.629352901597128089e-02	2.245768382079505170e-03
nan	2.673999999999999773e+02	2.674000000000000266e-01	nan	2.302476467666565371e-02	1.823776645809044306e-02	2.276635334652982352e-03
nan	2.378000000000000114e+02	2.378000000000000114e-01	nan	2.231475116468573106e-02	1.467017285987660957e-02	2.079684498428060156e-03
nan	2.185999999999999943e+02	2.185999999999999888e-01	nan	2.892443166570046742e-02	1.550047823051419263e-02	2.218800342123768924e-03
nan	1.815999999999999943e+02	1.815999999999999837e-01	nan	2.702167210309198639e-02	1.818299920073071854e-02	1.906394988462603926e-03
nan	1.740000000000000000e+02	1.740000000000000158e-01	nan	3.220272553262475135e-02	1.575342592105872380e-02	2.025790702187614013e-03
nan	1.458000000000000114e+02	1.458000000000000129e-01	nan	3.266406566185651311e-02	1.453598786118929717e-02	2.321744743696036763e-03
nan	1.340000000000000000e+02	1.340000000000000080e-01	nan	2.664362922464533906e-02	1.384096300501934731e-02	1.873141062395562067e-03
nan	1.107999999999999972e+02	1.107999999999999818e-01	nan	3.407073534783301716e-02	1.575495542476628569e-02	1.999688262022572376e-03
nan	8.479999999999999716e+01	8.480000000000001426e-02	nan	4.266190679005756742e-02	2.018625725043424884e-02	1.721070895984294028e-03
nan	8.220000000000000284e+01	8.220000000000000917e-02	nan	4.042770427508962650e-02	1.908442116285459164e-02	1.659468833403072345e-03
nan	6.620000000000000284e+01	6.620000000000000884e-02	nan	4.255072608008733659e-02	1.888284893658544877e-02	1.648114250883904366e-03
nan	4.126000000000000227e+02	4.125999999999999668e-01	nan	3.276086163904778741e-03	4.385701243001367822e-02	1.538340340561735299e-03
nan	5.222000000000000455e+02	5.221999999999999975e-01	nan	4.620728831184806040e-03	3.698331239658396441e-02	1.725085640640191837e-03
nan	2.198000000000000114e+02	2.197999999999999954e-01	nan	5.735156959502774043e-03	3.433775673596679151e-02	1.635219435052529414e-03
nan	3.421999999999999886e+02	3.422000000000000042e-01	nan	7.675513329490968491e-03	2.644485125714076193e-02	1.805914779674292620e-03
nan	3.618000000000000114e+02	3.618000000000000105e-01	nan	7.475452560811390867e-03	2.579691109274585489e-02	1.790564153414974866e-03
nan	4.460000000000000000e+02	4.460000000000000075e-01	nan	1.040626053528512750e-02	2.778248061866394128e-02	1.776169313403419287e-03
nan	4.976000000000000227e+02	4.975999999999999868e-01	nan	1.164836875584569428e-02	2.730311097763713987e-02	1.823030501787206411e-03
nan	5.670000000000000000e+02	5.670000000000000595e-01	nan	1.352683923473705328e-02	2.306913881634227448e-02	1.828367061806715141e-03
nan	6.256000000000000227e+02	6.255999999999999339e-01	nan	1.421748744621709193e-02	2.370286016082227484e-02	1.829123424340996142e-03
nan	6.626000000000000227e+02	6.626000000000000778e-01	nan	1.835818617066706931e-02	2.266491564058028749e-02	1.865872420284116944e-03
nan	7.437999999999999545e+02	7.438000000000000167e-01	nan	1.785854068145908968e-02	2.352745592815407710e-02	1.853589774750935603e-03
nan	7.666000000000000227e+02	7.666000000000000592e-01	nan	1.935495456129956299e-02	2.272944302102497191e-02	1.846652200282670716e-03
nan	8.442000000000000455e+02	8.442000000000000615e-01	nan	2.204898476200014418e-02	1.954240232329759047e-02	1.899345158678628813e-03
nan	8.750000000000000000e+02	8.750000000000000000e-01	nan	2.532891026748984586e-02	2.223518689707700696e-02	1.870940260615686123e-03
nan	9.322000000000000455e+02	9.321999999999999176e-01	nan	2.543135152820923464e-02	2.133782787865418085e-02	1.893771719679358465e-03
nan	1.014799999999999955e+03	1.014799999999999924e+00	nan	2.738710383969191614e-02	2.108595978837215362e-02	1.891867161653491792e-03
nan	1.067400000000000091e+03	1.067399999999999904e+00	nan	2.883356694032954831e-02	1.995846484677396213e-02	1.852185285956879602e-03
nan	1.117799999999999955e+03	1.117800000000000127e+00	nan	3.159617772303136007e-02	1.762330813598610504e-02	1.865113002967286413e-03
nan	1.131200000000000045e+03	1.131199999999999983e+00	nan	3.216801717771886754e-02	1.821073607701875069e-02	1.884846275789375195e-03
nan	1.196200000000000045e+03	1.196200000000000152e+00	nan	3.695519213765692534e-02	1.757309349982649066e-02	1.887096759516371887e-03
nan	1.253799999999999955e+03	1.253800000000000026e+00	nan	3.855985625687026463e-02	1.902673073548216687e-02	1.864560415381615738e-03
nan	1.290000000000000000e+03	1.290000000000000036e+00	nan	4.283488075416243962e-02	1.868331436690324338e-02	1.910318386266299587e-03
nan	1.303799999999999955e+03	1.303800000000000070e+00	nan	4.206837479700879789e-02	1.744119634335040969e-02	1.892537687373202753e-03
nan	1.364599999999999909e+03	1.364600000000000035e+00	nan	4.489140376253999282e-02	1.834461337764695110e-02	1.892346049615708722e-03
nan	1.411400000000000091e+03	1.411399999999999988e+00	nan	4.388866108720321929e-02	1.789630823328221612e-02	1.881897290816014062e-03
nan	1.464400000000000091e+03	1.464399999999999924e+00	nan	5.002387985214227367e-02	1.758500936987972274e-02	1.845042444601943232e-03
nan	1.466599999999999909e+03	1.466600000000000126e+00	nan	5.022661694561066092e-02	1.809712235330505209e-02	1.885470313769414081e-03
nan	1.528599999999999909e+03	1.528599999999999959e+00	nan	5.300705753552392707e-02	1.814967381046219200e-02	1.941868306251744907e-03
nan	1.535200000000000045e+03	1.535200000000000120e+00	nan	5.435507150909870550e-02	1.721658109508143394e-02	1.891585220674327650e-03
nan	1.550400000000000091e+03	1.550400000000000000e+00	nan	5.111859971098055982e-02	1.730181751865996279e-02	1.890665699073917167e-03
nan	1.608799999999999955e+03	1.608800000000000008e+00	nan	5.422069675460079730e-02	1.734803296865057923e-02	1.875018033002429346e-03
nan	1.629599999999999909e+03	1.629599999999999937e+00	nan	6.286032642842656615e-02	1.542000659309955557e-02	1.870914697159423504e-03
nan	1.656599999999999909e+03	1.656600000000000295e+00	nan	6.199268866407692258e-02	1.628032517165863349e-02	1.898213389677949571e-03
nan	1.660200000000000045e+03	1.660200000000000120e+00	nan	6.685858308455863708e-02	1.718808768688775621e-02	1.893619342077993567e-03
nan	1.673799999999999955e+03	1.673799999999999510e+00	nan	6.702073265619219733e-02	1.606790603361323705e-02	1.882935241209883741e-03
nan	1.671799999999999955e+03	1.671799999999999953e+00	nan	6.652606758584625468e-02	1.584035111749327457e-02	1.903250519441265819e-03
nan	1.695599999999999909e+03	1.695599999999999996e+00	nan	7.121656538129172986e-02	1.578005601257615603e-02	1.898565656189118728e-03
nan	1.652000000000000000e+03	1.652000000000000357e+00	nan	7.210495610625003438e-02	1.612219345144214749e-02	1.891790926999702225e-03
nan	1.619200000000000045e+03	1.619199999999999973e+00	nan	7.297073937593268056e-02	1.638908533743820700e-02	1.910390580992981898e-03
nan	2.696000000000000227e+02	2.695999999999999508e-01	nan	1.692827538965957414e-03	4.409894485806067910e-02	1.589988508343125051e-03
nan	3.123999999999999773e+02	3.123999999999999555e-01	nan	2.983257202282629892e-03	4.153938456434118354e-02	1.614953493521606529e-03
nan	1.250000000000000000e+02	1.250000000000000000e-01	nan	3.790539572412399052e-03	3.187052527263748575e-02	1.650772263223149443e-03
nan	1.745999999999999943e+02	1.746000000000000330e-01	nan	4.470785819376032859e-03	3.198560343429836250e-02	1.663348805257544930e-03
nan	1.898000000000000114e+02	1.898000000000000242e-01	nan	6.829778201745284431e-03	2.819740321445584133e-02	1.682343285755375948e-03
nan	2.280000000000000000e+02	2.280000000000000360e-01	nan	7.599616031188816297e-03	2.616653731371111277e-02	1.792973485583220557e-03
nan	2.600000000000000000e+02	2.599999999999999534e-01	nan	8.172112076374559927e-03	2.335523554360004542e-02	1.744052445309103670e-03
nan	3.203999999999999773e+02	3.203999999999999626e-01	nan	8.748465678490902758e-03	2.295230953069978333e-02	1.780522765549783382e-03
nan	3.361999999999999886e+02	3.361999999999999988e-01	nan	9.841046208282477198e-03	2.129035627579841522e-02	1.797680300834975488e-03
nan	3.496000000000000227e+02	3.496000000000000218e-01	nan	1.066182893675886659e-02	2.261402572311891485e-02	1.740459660813888391e-03
nan	3.921999999999999886e+02	3.921999999999999931e-01	nan	1.271425453071515187e-02	2.000230680312334308e-02	1.790562164036362067e-03
nan	4.260000000000000000e+02	4.259999999999999898e-01	nan	1.455707540567345928e-02	1.731089945297241070e-02	1.813011286288677016e-03
nan	4.730000000000000000e+02	4.729999999999999760e-01	nan	1.418383369623370596e-02	2.490395459795115979e-02	1.743810365824558298e-03
nan	4.886000000000000227e+02	4.886000000000000343e-01	nan	1.607970687209672039e-02	2.010409503594801778e-02	1.794146608086844268e-03
nan	5.250000000000000000e+02	5.250000000000000222e-01	nan	2.087486298976273108e-02	1.828142181997271035e-02	1.856282514278060139e-03
nan	5.767999999999999545e+02	5.768000000000000904e-01	nan	1.968457017612763524e-02	2.088780557993123038e-02	1.877602661204530714e-03
nan	5.957999999999999545e+02	5.957999999999999963e-01	nan	2.280486308991385228e-02	2.015716532562833799e-02	1.774264519889908690e-03
nan	6.220000000000000000e+02	6.219999999999999973e-01	nan	2.505371050663143112e-02	1.851455977015698320e-02	1.870352803435302485e-03
nan	6.656000000000000227e+02	6.655999999999999694e-01	nan	2.240296153252074873e-02	1.609979449076184843e-02	1.871104637270393960e-03
nan	6.866000000000000227e+02	6.865999999999999881e-01	nan	2.520346999367575197e-02	1.787718764445127631e-02	1.887829320597482095e-03
nan	7.127999999999999545e+02	7.127999999999999892e-01	nan	2.552595908859984705e-02	1.823205456980836817e-02	1.829571370372973498e-03
nan	7.360000000000000000e+02	7.359999999999999876e-01	nan	2.876508790495790890e-02	1.939763475460194037e-02	1.878394855675688535e-03
nan	7.540000000000000000e+02	7.540000000000000036e-01	nan	2.771505880982658848e-02	1.852121288839917931e-02	1.851878003663385511e-03
nan	7.980000000000000000e+02	7.980000000000000426e-01	nan	2.709491669502312947e-02	1.615984696314975294e-02	1.898394532667980984e-03
nan	7.933999999999999773e+02	7.933999999999998831e-01	nan	3.127425077468615200e-02	1.995985211451585875e-02	1.855592388052758421e-03
nan	8.123999999999999773e+02	8.123999999999999000e-01	nan	3.344013925707258611e-02	1.834095265692635771e-02	1.861223327836397960e-03
nan	8.183999999999999773e+02	8.183999999999999053e-01	nan	3.604645822601924149e-02	1.678966231313527499e-02	1.893898824241662532e-03
nan	8.562000000000000455e+02	8.561999999999999611e-01	nan	3.668017443046665133e-02	1.633855564092074469e-02	1.918491251848465726e-03
nan	8.692000000000000455e+02	8.691999999999999726e-01	nan	3.672566699033268101e-02	1.769105749198359584e-02	1.911951346625620192e-03
nan	8.467999999999999545e+02	8.467999999999999972e-01	nan	3.611091086181659332e-02	1.738473723583405794e-02	1.877658800817559332e-03
nan	8.617999999999999545e+02	8.618000000000000105e-01	nan	4.005305434852744068e-02	1.810603863225635629e-02	1.867775024454811778e-03
nan	8.510000000000000000e+02	8.509999999999999787e-01	nan	3.621134286586311785e-02	1.641615959579842757e-02	1.816705081577964275e-03
nan	8.982000000000000455e+02	8.981999999999998874e-01	nan	4.232275246695280796e-02	1.563977973453128945e-02	1.779169601856008757e-03
nan	8.782000000000000455e+02	8.781999999999999806e-01	nan	4.463393417709084904e-02	1.722702852028560466e-02	1.913860406437723621e-03
nan	8.597999999999999545e+02	8.598000000000001197e-01	nan	4.766747709145420508e-02	1.526967819399874596e-02	1.921371080973222328e-03
nan	8.360000000000000000e+02	8.359999999999999654e-01	nan	4.642518366799777002e-02	1.450378644828599628e-02	1.811713950053461418e-03
nan	7.637999999999999545e+02	7.637999999999999234e-01	nan	4.974907194082334172e-02	1.578820799137260061e-02	1.842994153238947715e-03
nan	7.226000000000000227e+02	7.226000000000000201e-01	nan	5.138570557169259978e-02	1.560741229915725212e-02	1.855400618418376942e-03
nan	6.300000000000000000e+02	6.300000000000001155e-01	nan	5.554483061328028409e-02	1.453192244603097524e-02	1.867909728921293396e-03
nan	1.650000000000000000e+02	1.650000000000000078e-01	nan	1.274260757497813756e-03	4.780488406579279370e-02	1.595490318393213676e-03
nan	1.738000000000000114e+02	1.738000000000000100e-01	nan	1.893818712210304425e-03	3.509915077363999492e-02	1.589360532627291612e-03
nan	5.300000000000000000e+01	5.299999999999999156e-02	nan	3.307353656837674384e-03	3.657870866953063377e-02	1.389536059098786438e-03
nan	7.340000000000000568e+01	7.340000000000000691e-02	nan	4.499042695232781039e-03	3.597533961323774732e-02	1.334961830363011383e-03
nan	8.720000000000000284e+01	8.719999999999999973e-02	nan	5.426038964577825814e-03	3.482161384054403841e-02	1.368070884707533238e-03
nan	1.032000000000000028e+02	1.031999999999999862e-01	nan	5.936580084492979782e-03	2.699321716653432790e-02	1.460064979485925811e-03
nan	1.197999999999999972e+02	1.197999999999999898e-01	nan	5.968385546452736889e-03	2.073435578608199756e-02	1.776461882060161469e-03
nan	1.395999999999999943e+02	1.396000000000000019e-01	nan	4.624533810715547762e-03	2.394047011091757216e-02	1.618938489370219582e-03
nan	1.545999999999999943e+02	1.546000000000000152e-01	nan	7.874555573687302620e-03	1.794822672812976597e-02	1.548443452283156281e-03
nan	1.631999999999999886e+02	1.632000000000000117e-01	nan	8.100472903470290822e-03	2.619856981269735874e-02	1.634556078385383153e-03
nan	1.788000000000000114e+02	1.788000000000000145e-01	nan	7.807280253496173480e-03	1.745144825223785695e-02	1.748923585333901241e-03
nan	1.994000000000000057e+02	1.994000000000000217e-01	nan	8.794380680660652053e-03	1.941424888284164901e-02	1.600700697790698960e-03
nan	2.135999999999999943e+02	2.136000000000000121e-01	nan	9.919355323427225465e-03	2.459585276835855872e-02	1.774735583464395663e-03
nan	2.274000000000000057e+02	2.273999999999999910e-01	nan	1.147758898380288849e-02	2.377045150308610549e-02	1.747306515447764452e-03
nan	2.421999999999999886e+02	2.421999999999999709e-01	nan	1.053547089918538404e-02	1.854658387177764503e-02	1.714008569590431616e-03
nan	2.521999999999999886e+02	2.522000000000000353e-01	nan	1.311729697299597250e-02	1.864422860789561459e-02	1.773230410455418557e-03
nan	2.716000000000000227e+02	2.716000000000000081e-01	nan	1.285110043270378845e-02	2.009280084544143308e-02	1.712891832480128908e-03
nan	2.733999999999999773e+02	2.733999999999999764e-01	nan	1.749899518156326078e-02	2.190467075805052274e-02	1.728334593658750837e-03
nan	2.740000000000000000e+02	2.740000000000000213e-01	nan	1.686650532815292536e-02	1.947935655695175877e-02	1.875676112927509090e-03
nan	2.850000000000000000e+02	2.850000000000000311e-01	nan	1.570089691235807688e-02	1.706292061704419577e-02	1.819272726026935653e-03
nan	2.858000000000000114e+02	2.857999999999999985e-01	nan	1.737665111177193536e-02	1.407513932116564656e-02	1.648751147257792498e-03
nan	2.888000000000000114e+02	2.888000000000000012e-01	nan	1.966122428239032091e-02	1.889606954794226940e-02	1.802758685764977581e-03
nan	2.680000000000000000e+02	2.680000000000000160e-01	nan	2.064224363039102172e-02	1.449072664943770739e-02	1.743827036719775752e-03
nan	2.693999999999999773e+02	2.693999999999999728e-01	nan	1.962491495246467682e-02	1.442443452010340812e-02	1.772116785197044766e-03
nan	2.600000000000000000e+02	2.600000000000000644e-01	nan	2.020120025727010354e-02	1.540658984543467024e-02	1.799020703541849477e-03
nan	2.520000000000000000e+02	2.520000000000000018e-01	nan	1.848305916914796260e-02	1.535334938480021651e-02	1.761101040313530017e-03
nan	2.391999999999999886e+02	2.391999999999999960e-01	nan	2.522801296527177328e-02	1.666353496212325674e-02	1.640180705960305168e-03
nan	2.278000000000000114e+02	2.277999999999999470e-01	nan	2.371125510890124272e-02	1.426058957309804878e-02	1.822232765425090733e-03
nan	2.034000000000000057e+02	2.034000000000000252e-01	nan	2.423783316967274143e-02	1.622382321403536415e-02	1.392684023944716371e-03
nan	1.884000000000000057e+02	1.883999999999999841e-01	nan	2.064427907039316848e-02	1.428448532333030131e-02	1.515145565078752530e-03
nan	1.691999999999999886e+02	1.691999999999999615e-01	nan	3.268583273584226706e-02	1.308494724788170603e-02	1.657715891258905146e-03
nan	1.555999999999999943e+02	1.556000000000000161e-01	nan	2.694713098107968247e-02	1.598699584866163786e-02	1.523041650955417759e-03
nan	1.334000000000000057e+02	1.334000000000000186e-01	nan	2.267921466018378920e-02	1.686208684632677784e-02	1.789585081386635716e-03
nan	1.152000000000000028e+02	1.151999999999999968e-01	nan	2.863955162006277463e-02	1.900706010677035221e-02	1.697597702261243640e-03
nan	1.015999999999999943e+02	1.015999999999999959e-01	nan	3.027064804213945928e-02	1.847321089717953932e-02	1.577236603951568967e-03
nan	8.659999999999999432e+01	8.659999999999999643e-02	nan	3.940791081421427672e-02	1.833405445771225592e-02	1.401146405899381846e-03
nan	7.659999999999999432e+01	7.660000000000000142e-02	nan	3.839656013442346166e-02	1.819483315683246422e-02	1.349857121512568117e-03
nan	6.339999999999999858e+01	6.339999999999999802e-02	nan	3.983981439683612763e-02	1.890601382912836595e-02	1.365878428940724143e-03
nan	4.360000000000000142e+01	4.360000000000000681e-02	nan	4.168779467464649169e-02	1.821716306608327576e-02	1.264895533111459747e-03
nan	3.438000000000000114e+02	3.437999999999999945e-01	nan	7.956662490357757200e-04	5.270264570609668742e-02	2.383440957578249024e-03
nan	4.893999999999999773e+02	4.894000000000000017e-01	nan	1.482976838764216067e-03	3.673013203737389432e-02	2.509615496479972348e-03
nan	2.826000000000000227e+02	2.826000000000000179e-01	nan	2.356381730538714865e-03	3.846047823305252800e-02	2.342437902606544359e-03
nan	4.013999999999999773e+02	4.014000000000000346e-01	nan	3.252192389606989135e-03	3.157958293462410915e-02	2.533941202236260348e-03
nan	4.226000000000000227e+02	4.225999999999999202e-01	nan	4.205423334451552191e-03	2.768057527815320773e-02	2.548540979757856623e-03
nan	5.103999999999999773e+02	5.103999999999999648e-01	nan	4.760695294919514708e-03	2.687917262398388171e-02	2.475343791181922569e-03
nan	5.733999999999999773e+02	5.734000000000000208e-01	nan	6.218690060279641330e-03	2.084273200139295443e-02	2.453297838438758208e-03
nan	6.582000000000000455e+02	6.582000000000000073e-01	nan	7.632375002492608820e-03	2.515229253681919991e-02	2.585750786108746181e-03
nan	7.207999999999999545e+02	7.207999999999998852e-01	nan	9.374608373059345121e-03	2.308492644046318890e-02	2.615426046038218932e-03
nan	7.713999999999999773e+02	7.713999999999998636e-01	nan	1.034516422193973960e-02	2.159970321309112942e-02	2.705903719641421061e-03
nan	8.333999999999999773e+02	8.334000000000001407e-01	nan	1.269299885339023569e-02	2.128268846040651252e-02	2.678484208559938490e-03
nan	8.812000000000000455e+02	8.812000000000000943e-01	nan	1.403244676087069855e-02	2.195103139023033695e-02	2.645608951376009904e-03
nan	9.447999999999999545e+02	9.448000000000000842e-01	nan	1.586801805665345386e-02	2.245802796698840448e-02	2.693012005107994159e-03
nan	1.000000000000000000e+03	1.000000000000000000e+00	nan	1.796384888157263188e-02	1.874695651450131520e-02	2.732004364619155298e-03
nan	1.043000000000000000e+03	1.042999999999999927e+00	nan	1.905064717891491455e-02	2.004848699500003800e-02	2.746649251644452984e-03
nan	1.109799999999999955e+03	1.109800000000000120e+00	nan	2.087713748630903865e-02	2.054424165030257349e-02	2.717012165797434795e-03
nan	1.169599999999999909e+03	1.169600000000000195e+00	nan	2.333670136165437795e-02	2.033328755821716197e-02	2.776143372669489465e-03
nan	1.220200000000000045e+03	1.220199999999999951e+00	nan	2.501957292438419106e-02	1.832302620875762844e-02	2.743680348402912066e-03
nan	1.304000000000000000e+03	1.303999999999999826e+00	nan	2.737009122724885085e-02	1.936503112544752173e-02	2.782891772755076085e-03
nan	1.339000000000000000e+03	1.338999999999999968e+00	nan	2.943786007645030761e-02	1.968979353395864870e-02	2.752087095234266069e-03
nan	1.352799999999999955e+03	1.352800000000000225e+00	nan	3.106679029397128172e-02	1.937125062028931602e-02	2.799869367703915028e-03
nan	1.442200000000000045e+03	1.442200000000000149e+00	nan	3.355072041408675709e-02	1.714603396156404169e-02	2.728984276864489505e-03
nan	1.451000000000000000e+03	1.451000000000000068e+00	nan	3.536168824748529144e-02	1.784266751485727442e-02	2.813411432500957828e-03
nan	1.537599999999999909e+03	1.537599999999999856e+00	nan	3.809060486246380883e-02	1.776663315483156119e-02	2.719052682778426260e-03
nan	1.545000000000000000e+03	1.544999999999999929e+00	nan	4.049710631556990847e-02	1.761048707124262397e-02	2.722523875872353942e-03
nan	1.602799999999999955e+03	1.602799999999999780e+00	nan	4.295586958614876216e-02	1.832592518397387765e-02	2.761267437233694971e-03
nan	1.641000000000000000e+03	1.641000000000000014e+00	nan	4.554717459550374631e-02	1.749039364299370680e-02	2.795724076604622250e-03
nan	1.654000000000000000e+03	1.653999999999999915e+00	nan	4.861019589243369132e-02	1.715428671186704571e-02	2.834597736340112046e-03
nan	1.712599999999999909e+03	1.712599999999999678e+00	nan	5.115417000488377969e-02	1.673477255024737737e-02	2.757307069312400945e-03
nan	1.499200000000000045e+03	1.499200000000000088e+00	nan	5.346624588078156826e-02	1.756572139097289931e-02	2.845698495006020786e-03
nan	1.076799999999999955e+03	1.076799999999999979e+00	nan	5.386996176066531639e-02	1.664402483247374998e-02	2.853703741122131515e-03
nan	6.523999999999999773e+02	6.523999999999999799e-01	nan	5.552750622041457973e-02	1.714192246085404631e-02	2.744718944388054895e-03
nan	2.390000000000000000e+02	2.389999999999999625e-01	nan	5.649878646986507963e-02	1.589989997852553003e-02	2.909125102478411860e-03
nan	0.000000000000000000e+00	0.000000000000000000e+00	0.000000000000000000e+00	0.000000000000000000e+00	0.000000000000000000e+00	0.000000000000000000e+00
nan	0.000000000000000000e+00	0.000000000000000000e+00	0.000000000000000000e+00	0.000000000000000000e+00	0.000000000000000000e+00	0.000000000000000000e+00
nan	0.000000000000000000e+00	0.000000000000000000e+00	0.000000000000000000e+00	0.000000000000000000e+00	0.000000000000000000e+00	0.000000000000000000e+00
nan	0.000000000000000000e+00	0.000000000000000000e+00	0.000000000000000000e+00	0.000000000000000000e+00	0.000000000000000000e+00	0.000000000000000000e+00
nan	0.000000000000000000e+00	0.000000000000000000e+00	0.000000000000000000e+00	0.000000000000000000e+00	0.000000000000000000e+00	0.000000000000000000e+00
nan	0.000000000000000000e+00	0.000000000000000000e+00	0.000000000000000000e+00	0.000000000000000000e+00	0.000000000000000000e+00	0.000000000000000000e+00
nan	2.438000000000000114e+02	2.438000000000000167e-01	nan	4.967789543513845057e-04	5.116158848810744425e-02	2.256620696774726438e-03
nan	3.208000000000000114e+02	3.208000000000000296e-01	nan	1.050745915421202881e-03	3.555361710424374128e-02	2.264150698880766557e-03
nan	1.608000000000000114e+02	1.607999999999999985e-01	nan	1.510738836293512490e-03	3.061488553682246636e-02	2.212779437459566189e-03
nan	2.560000000000000000e+02	2.560000000000000053e-01	nan	2.090747899183043133e-03	3.101924666293572400e-02	2.181751490012632470e-03
nan	2.981999999999999886e+02	2.982000000000000206e-01	nan	2.740730354901188548e-03	3.065300310811228807e-02	2.395257459967818636e-03
nan	3.310000000000000000e+02	3.310000000000000164e-01	nan	3.833796428045843554e-03	2.516626997046539360e-02	2.430579791399502775e-03
nan	4.268000000000000114e+02	4.267999999999999572e-01	nan	4.595492773580645354e-03	2.700082460714566673e-02	2.579453013389567447e-03
nan	4.823999999999999773e+02	4.823999999999999955e-01	nan	5.127523753037621992e-03	2.287556757161102530e-02	2.597244373696526269e-03
nan	5.416000000000000227e+02	5.415999999999999703e-01	nan	6.204662638708668965e-03	2.057938270335578010e-02	2.625131385170904885e-03
nan	5.502000000000000455e+02	5.502000000000000224e-01	nan	7.474981164591554261e-03	2.276539510780116113e-02	2.528791526996364367e-03
nan	6.396000000000000227e+02	6.395999999999999464e-01	nan	8.788203345034162339e-03	2.063602520544482316e-02	2.596504431677400335e-03
nan	6.842000000000000455e+02	6.841999999999999194e-01	nan	9.326971407153905949e-03	1.999480601270662086e-02	2.540566369251495444e-03
nan	7.033999999999999773e+02	7.034000000000000252e-01	nan	1.082713031464663765e-02	2.104016000852992896e-02	2.721948408858819272e-03
nan	7.492000000000000455e+02	7.491999999999999771e-01	nan	1.159579051316086441e-02	2.023580980747136104e-02	2.646139620856413199e-03
nan	8.086000000000000227e+02	8.085999999999998744e-01	nan	1.368584506096794974e-02	2.182258922259908140e-02	2.648934679990947155e-03
nan	8.257999999999999545e+02	8.258000000000000895e-01	nan	1.413410398520227249e-02	1.861869664006588626e-02	2.720410457151318465e-03
nan	8.853999999999999773e+02	8.854000000000000759e-01	nan	1.551983606284466043e-02	1.851785036585412020e-02	2.643588364251811974e-03
nan	9.257999999999999545e+02	9.257999999999999563e-01	nan	1.721764798469394009e-02	1.897035010675782868e-02	2.627413955998064016e-03
nan	1.001399999999999977e+03	1.001399999999999846e+00	nan	1.944123177868277777e-02	1.949658546408645360e-02	2.673593537013388768e-03
nan	1.006600000000000023e+03	1.006599999999999939e+00	nan	2.067602485612951568e-02	1.824388488900032315e-02	2.723479464119204878e-03
nan	1.073599999999999909e+03	1.073600000000000110e+00	nan	2.225720773658395116e-02	1.867733359001085697e-02	2.750858612805591116e-03
nan	1.098000000000000000e+03	1.098000000000000087e+00	nan	2.358568324243606046e-02	1.870879501318917920e-02	2.687642374303261632e-03
nan	1.116599999999999909e+03	1.116600000000000037e+00	nan	2.564768066026772500e-02	1.834423848715936722e-02	2.674199332459025521e-03
nan	1.154599999999999909e+03	1.154600000000000071e+00	nan	2.644052306072808278e-02	1.904229349327905135e-02	2.763868668070638794e-03
nan	1.221200000000000045e+03	1.221200000000000063e+00	nan	2.798309410732145036e-02	1.765532414992042679e-02	2.671833571038938118e-03
nan	1.233400000000000091e+03	1.233400000000000052e+00	nan	2.968541189989082341e-02	1.700474986818422893e-02	2.742743184257755065e-03
nan	1.262200000000000045e+03	1.262199999999999989e+00	nan	3.124501011479878868e-02	1.730284948988261226e-02	2.681584916701864035e-03
nan	1.279200000000000045e+03	1.279200000000000115e+00	nan	3.288929584164179687e-02	1.726685737387097588e-02	2.762342057406822881e-03
nan	1.323200000000000045e+03	1.323200000000000154e+00	nan	3.577060460397660929e-02	1.732569386389545482e-02	2.768147729062453953e-03
nan	1.329599999999999909e+03	1.329600000000000115e+00	nan	3.784662393914004636e-02	1.744360809082097855e-02	2.821858183058462925e-03
nan	1.346400000000000091e+03	1.346400000000000263e+00	nan	4.059018075422500538e-02	1.657364756555950586e-02	2.719126920634986309e-03
nan	1.389400000000000091e+03	1.389400000000000190e+00	nan	4.115885515639092912e-02	1.737943797024401466e-02	2.841340406501737144e-03
nan	1.403599999999999909e+03	1.403600000000000181e+00	nan	4.241325325879188174e-02	1.503400388048898792e-02	2.763502242323845597e-03
nan	1.435400000000000091e+03	1.435400000000000009e+00	nan	4.499931391078462045e-02	1.601714449373418947e-02	2.802805931312080633e-03
nan	1.426400000000000091e+03	1.426399999999999890e+00	nan	4.664476692714743244e-02	1.671488900847547393e-02	2.777645758658528821e-03
nan	1.458200000000000045e+03	1.458200000000000163e+00	nan	4.971639047262214894e-02	1.675993409801102008e-02	2.780294943921510394e-03
nan	1.431400000000000091e+03	1.431400000000000006e+00	nan	5.075408852876535371e-02	1.636170284785690848e-02	2.752437676003937662e-03
nan	1.378400000000000091e+03	1.378399999999999848e+00	nan	5.141404634300670434e-02	1.615970724118475851e-02	2.828952431488372839e-03
nan	1.391599999999999909e+03	1.391599999999999948e+00	nan	5.576840313210595923e-02	1.654688064970628869e-02	2.797314827089480201e-03
nan	1.555999999999999943e+02	1.556000000000000161e-01	nan	3.417394353533609211e-04	4.171744718006821506e-02	2.433278495824178680e-03
nan	2.054000000000000057e+02	2.054000000000000270e-01	nan	7.216671651747219368e-04	2.538055497970786306e-02	2.317429369646934779e-03
nan	8.640000000000000568e+01	8.640000000000000457e-02	nan	1.386088103953907929e-03	3.650495490636858353e-02	2.011675064889718260e-03
nan	1.388000000000000114e+02	1.388000000000000067e-01	nan	1.353077264417379324e-03	2.709120703351749343e-02	2.059848729203832274e-03
nan	1.601999999999999886e+02	1.602000000000000091e-01	nan	2.088786181332125125e-03	2.886444037329791851e-02	2.407484231833289211e-03
nan	1.900000000000000000e+02	1.900000000000000022e-01	nan	2.408812187138664566e-03	2.293338449394296055e-02	2.405943980577690457e-03
nan	2.364000000000000057e+02	2.363999999999999990e-01	nan	3.344889530910677596e-03	2.304435830088535225e-02	2.459681935180958734e-03
nan	2.828000000000000114e+02	2.827999999999999958e-01	nan	3.777404998709244042e-03	2.121059490928072638e-02	2.481056705088676827e-03
nan	3.220000000000000000e+02	3.220000000000000084e-01	nan	4.632291958614587202e-03	1.982916451291300008e-02	2.520805173556375962e-03
nan	3.206000000000000227e+02	3.205999999999999961e-01	nan	4.845973745182164186e-03	1.781251970878319768e-02	2.405041822371057660e-03
nan	3.740000000000000000e+02	3.739999999999999991e-01	nan	5.977794331602126650e-03	2.172867669308484878e-02	2.593231112744569418e-03
nan	4.161999999999999886e+02	4.162000000000000144e-01	nan	6.680911399030264874e-03	2.125612789331654540e-02	2.543362328520864558e-03
nan	4.256000000000000227e+02	4.256000000000000338e-01	nan	7.045456180571818203e-03	2.223926399223934841e-02	2.387496621749783839e-03
nan	4.793999999999999773e+02	4.793999999999999373e-01	nan	8.060374391970982072e-03	2.055326641040756616e-02	2.416702901838150338e-03
nan	5.056000000000000227e+02	5.056000000000000494e-01	nan	9.494279868431477337e-03	2.000471975404956998e-02	2.644986987925472544e-03
nan	5.426000000000000227e+02	5.425999999999999712e-01	nan	1.004023454809157591e-02	1.893680084615360915e-02	2.602800448868435208e-03
nan	5.767999999999999545e+02	5.767999999999999794e-01	nan	1.112974053419293376e-02	1.880460614178717377e-02	2.545163784560210227e-03
nan	6.056000000000000227e+02	6.056000000000000272e-01	nan	1.253154559781250940e-02	1.829678590527683904e-02	2.561296867684806182e-03
nan	6.196000000000000227e+02	6.195999999999999286e-01	nan	1.249336356793264748e-02	1.971743866821781821e-02	2.610594543923233212e-03
nan	6.460000000000000000e+02	6.460000000000001297e-01	nan	1.482336992849013838e-02	1.773343863560510741e-02	2.597458611495863899e-03
nan	6.882000000000000455e+02	6.881999999999999229e-01	nan	1.553147646700381301e-02	1.863972850370349682e-02	2.549696594005991697e-03
nan	7.003999999999999773e+02	7.003999999999999115e-01	nan	1.580020714122838330e-02	1.732592114016338544e-02	2.589376906147355939e-03
nan	7.520000000000000000e+02	7.520000000000000018e-01	nan	1.809568479866357008e-02	1.908721071023310872e-02	2.708173555183369680e-03
nan	7.467999999999999545e+02	7.468000000000001304e-01	nan	1.812786405785118266e-02	1.552400392756426474e-02	2.628888508493830174e-03
nan	7.600000000000000000e+02	7.600000000000000089e-01	nan	1.939685212341828516e-02	1.678191526312323295e-02	2.615408936041769758e-03
nan	7.826000000000000227e+02	7.826000000000000734e-01	nan	2.010572143590252242e-02	1.677054365049081286e-02	2.709832640289363322e-03
nan	8.177999999999999545e+02	8.178000000000000824e-01	nan	2.179954244747932604e-02	1.714407077929464354e-02	2.607779892646918361e-03
nan	8.212000000000000455e+02	8.212000000000001521e-01	nan	2.351253756492042296e-02	1.812719891044100445e-02	2.729787977010328121e-03
nan	8.350000000000000000e+02	8.349999999999999645e-01	nan	2.510304827624167817e-02	1.689074288200052149e-02	2.700358157873774308e-03
nan	8.446000000000000227e+02	8.446000000000000174e-01	nan	2.535549860381252144e-02	1.642411659001311031e-02	2.608982385042046132e-03
nan	8.380000000000000000e+02	8.379999999999998561e-01	nan	2.721304868800871260e-02	1.560214829146560657e-02	2.676326650260199558e-03
nan	8.447999999999999545e+02	8.447999999999999954e-01	nan	2.797580584065144718e-02	1.710018976999291146e-02	2.725150502352629948e-03
nan	8.657999999999999545e+02	8.657999999999999030e-01	nan	2.946884479952132166e-02	1.675306304250401279e-02	2.594519431740427255e-03
nan	8.586000000000000227e+02	8.585999999999998078e-01	nan	3.127757081279014528e-02	1.669004366608481393e-02	2.741473430387000258e-03
nan	8.257999999999999545e+02	8.258000000000000895e-01	nan	3.323630289664834120e-02	1.761347601601863724e-02	2.754380730009993276e-03
nan	8.426000000000000227e+02	8.426000000000000156e-01	nan	3.266820232761347143e-02	1.582415472272746121e-02	2.652770493340737227e-03
nan	8.032000000000000455e+02	8.032000000000000250e-01	nan	3.504722768238934666e-02	1.565673551596498750e-02	2.609973656116759255e-03
nan	7.567999999999999545e+02	7.568000000000000282e-01	nan	3.591207359800137333e-02	1.705409230275759663e-02	2.681310095604644544e-03
nan	6.746000000000000227e+02	6.746000000000000885e-01	nan	3.863210812987745435e-02	1.549991047009480205e-02	2.802025878176564976e-03
nan	2.816000000000000227e+02	2.815999999999999615e-01	nan	5.875226913559572278e-04	3.518413317660830375e-02	2.081996711254970739e-03
nan	4.133999999999999773e+02	4.134000000000000452e-01	nan	1.269648540795742563e-03	3.636451322396709596e-02	2.093888235849363823e-03
nan	2.118000000000000114e+02	2.117999999999999883e-01	nan	1.877682768548538704e-03	3.677361594945998541e-02	2.009088169903472387e-03
nan	3.368000000000000114e+02	3.367999999999999883e-01	nan	2.771854243735561059e-03	3.204567173008013997e-02	2.080886087657980808e-03
nan	3.496000000000000227e+02	3.495999999999999663e-01	nan	3.186569655849780074e-03	2.502924536094404059e-02	1.903868240366007446e-03
nan	4.110000000000000000e+02	4.110000000000000320e-01	nan	4.412222268047116987e-03	2.723100774507210622e-02	2.020421101970841168e-03
nan	4.856000000000000227e+02	4.855999999999999761e-01	nan	5.363862499041261063e-03	2.270706600382050439e-02	2.050193498210422204e-03
nan	5.442000000000000455e+02	5.441999999999999060e-01	nan	6.524221647214290161e-03	2.514584835231648691e-02	2.150255925454654972e-03
nan	5.882000000000000455e+02	5.881999999999999451e-01	nan	7.683528356801616263e-03	2.432016300643827234e-02	2.116397729700211609e-03
nan	6.307999999999999545e+02	6.308000000000000274e-01	nan	8.072248372309331552e-03	2.252382555373320938e-02	2.208357690954632253e-03
nan	6.936000000000000227e+02	6.935999999999999943e-01	nan	1.025179703665344243e-02	2.275141084041865103e-02	2.274088767740972857e-03
nan	7.600000000000000000e+02	7.600000000000000089e-01	nan	1.103224313226291997e-02	1.968003673301674250e-02	2.186489956939536954e-03
nan	8.083999999999999773e+02	8.084000000000001185e-01	nan	1.207125580303909304e-02	2.072171570370258745e-02	2.237966519908079783e-03
nan	8.086000000000000227e+02	8.085999999999999854e-01	nan	1.434333617805805261e-02	2.091065735507436490e-02	2.228359491098045111e-03
nan	8.716000000000000227e+02	8.716000000000001524e-01	nan	1.492576787254620320e-02	1.988769258164639966e-02	2.239614910419254323e-03
nan	9.073999999999999773e+02	9.073999999999999844e-01	nan	1.658697651255352026e-02	1.991115100028084672e-02	2.184354260287784278e-03
nan	9.730000000000000000e+02	9.730000000000000870e-01	nan	1.848380111207461457e-02	1.971296277036777359e-02	2.249405162677245267e-03
nan	1.006200000000000045e+03	1.006199999999999983e+00	nan	2.023819623641429782e-02	1.791315498054425054e-02	2.257187917339188027e-03
nan	1.062400000000000091e+03	1.062399999999999789e+00	nan	2.252031263697062968e-02	1.983555317608192217e-02	2.333727888398487004e-03
nan	1.116000000000000000e+03	1.116000000000000103e+00	nan	2.461665040609659766e-02	2.001794801223964401e-02	2.292434164261649733e-03
nan	1.169599999999999909e+03	1.169599999999999973e+00	nan	2.535501373631632305e-02	1.808666451738035266e-02	2.265748990758808916e-03
nan	1.202599999999999909e+03	1.202600000000000113e+00	nan	2.806416914131659723e-02	1.835654307244109079e-02	2.301143335006997255e-03
nan	1.214000000000000000e+03	1.213999999999999968e+00	nan	2.977225047166030120e-02	1.770083531441599134e-02	2.349830148567463254e-03
nan	1.259200000000000045e+03	1.259199999999999875e+00	nan	3.232278866362321701e-02	1.840853399394453555e-02	2.318079077754211723e-03
nan	1.279200000000000045e+03	1.279199999999999893e+00	nan	3.386286718377960053e-02	1.630554374893435077e-02	2.276295654016513050e-03
nan	1.336200000000000045e+03	1.336200000000000054e+00	nan	3.541287945909062096e-02	1.853539688503032939e-02	2.339744122882317541e-03
nan	1.345799999999999955e+03	1.345800000000000107e+00	nan	3.742098057809926243e-02	1.710175667861816434e-02	2.324546628306484782e-03
nan	1.372200000000000045e+03	1.372200000000000086e+00	nan	3.955078252315615689e-02	1.859139765128252700e-02	2.369298677560258484e-03
nan	1.403599999999999909e+03	1.403599999999999959e+00	nan	4.285956484945927653e-02	1.806969847264924475e-02	2.376927998919192622e-03
nan	1.234799999999999955e+03	1.234799999999999898e+00	nan	4.266262148230452744e-02	1.686995308568673899e-02	2.369943843942745338e-03
nan	9.463999999999999773e+02	9.463999999999999080e-01	nan	4.536167542787552381e-02	1.780238567794708085e-02	2.426642434325870096e-03
nan	5.442000000000000455e+02	5.442000000000000171e-01	nan	4.639624769297370083e-02	1.584765968116452761e-02	2.330434334534138389e-03
nan	1.938000000000000114e+02	1.938000000000000278e-01	nan	4.709155005971297353e-02	1.784430364276215139e-02	2.100344761126381622e-03
nan	0.000000000000000000e+00	0.000000000000000000e+00	0.000000000000000000e+00	0.000000000000000000e+00	0.000000000000000000e+00	0.000000000000000000e+00
nan	0.000000000000000000e+00	0.000000000000000000e+00	0.000000000000000000e+00	0.000000000000000000e+00	0.000000000000000000e+00	0.000000000000000000e+00
nan	0.000000000000000000e+00	0.000000000000000000e+00	0.000000000000000000e+00	0.000000000000000000e+00	0.000000000000000000e+00	0.000000000000000000e+00
nan	0.000000000000000000e+00	0.000000000000000000e+00	0.000000000000000000e+00	0.000000000000000000e+00	0.000000000000000000e+00	0.000000000000000000e+00
nan	0.000000000000000000e+00	0.000000000000000000e+00	0.000000000000000000e+00	0.000000000000000000e+00	0.000000000000000000e+00	0.000000000000000000e+00
nan	0.000000000000000000e+00	0.000000000000000000e+00	0.000000000000000000e+00	0.000000000000000000e+00	0.000000000000000000e+00	0.000000000000000000e+00
nan	1.805999999999999943e+02	1.806000000000000105e-01	nan	3.433942635012954487e-04	4.458089899717503773e-02	1.930392286096688833e-03
nan	2.720000000000000000e+02	2.719999999999999640e-01	nan	9.441652207669903657e-04	3.354894202574669471e-02	1.766733427488501994e-03
nan	1.348000000000000114e+02	1.348000000000000032e-01	nan	1.408341839749027713e-03	3.115682324870687817e-02	1.908836215082286309e-03
nan	2.054000000000000057e+02	2.053999999999999715e-01	nan	1.843661692527121063e-03	2.779898717764152025e-02	1.869238636856809105e-03
nan	2.275999999999999943e+02	2.275999999999999690e-01	nan	2.324386123814292486e-03	2.680753265205187974e-02	1.906586693695382865e-03
nan	2.980000000000000000e+02	2.979999999999999871e-01	nan	3.159255620857948088e-03	2.138413781032928729e-02	2.127441821923256766e-03
nan	3.313999999999999773e+02	3.314000000000000279e-01	nan	3.941228315841272152e-03	2.374296873475208527e-02	1.778071850980219009e-03
nan	3.940000000000000000e+02	3.939999999999999614e-01	nan	4.819895974037535780e-03	2.261855138201334520e-02	2.034200350901206426e-03
nan	4.373999999999999773e+02	4.373999999999999555e-01	nan	5.290528358511892119e-03	2.323863543024596440e-02	2.090656010291046425e-03
nan	4.680000000000000000e+02	4.679999999999999716e-01	nan	5.923401316999843055e-03	1.998272073293955522e-02	2.059463263375524607e-03
nan	5.000000000000000000e+02	5.000000000000000000e-01	nan	6.438680024530185619e-03	2.355912092611449696e-02	2.175034253378429084e-03
nan	5.647999999999999545e+02	5.647999999999999687e-01	nan	8.184520154509300136e-03	2.308056258224860935e-02	2.221652970873687610e-03
nan	6.042000000000000455e+02	6.041999999999999593e-01	nan	8.427154419109683658e-03	2.190801763725449408e-02	2.188945829612972370e-03
nan	6.177999999999999545e+02	6.178000000000001268e-01	nan	9.632956029008710175e-03	2.236847406857345871e-02	2.254767367357894507e-03
nan	6.622000000000000455e+02	6.622000000000000108e-01	nan	1.136908730036339035e-02	1.999203658939036760e-02	2.271560935488507564e-03
nan	6.943999999999999773e+02	6.944000000000001283e-01	nan	1.215110907889993541e-02	1.766367136912942032e-02	2.193749976752230792e-03
nan	7.376000000000000227e+02	7.375999999999999224e-01	nan	1.333867714968164399e-02	1.666407257059301927e-02	2.241284680723995039e-03
nan	7.810000000000000000e+02	7.810000000000000275e-01	nan	1.459879118729077128e-02	1.837775532694255198e-02	2.164059099725844197e-03
nan	8.157999999999999545e+02	8.158000000000000806e-01	nan	1.557657913594994240e-02	1.848322998617635271e-02	2.214387183569753968e-03
nan	8.252000000000000455e+02	8.252000000000000446e-01	nan	1.675832791374887165e-02	2.103488942494741859e-02	2.205200811769880958e-03
nan	8.617999999999999545e+02	8.618000000000000105e-01	nan	1.759687809908427880e-02	1.836077520775848335e-02	2.217688418468118875e-03
nan	9.207999999999999545e+02	9.208000000000000629e-01	nan	1.927257052889217587e-02	1.855490444338055850e-02	2.192606241699079743e-03
nan	9.480000000000000000e+02	9.480000000000000648e-01	nan	2.160328985514752345e-02	1.905406139504491753e-02	2.255965936291216400e-03
nan	9.740000000000000000e+02	9.739999999999999769e-01	nan	2.186625867138900642e-02	1.934434595168200294e-02	2.260841347832041794e-03
nan	1.008799999999999955e+03	1.008799999999999919e+00	nan	2.291795144560637709e-02	1.657481167205165917e-02	2.216450140697640188e-03
nan	1.022000000000000000e+03	1.022000000000000020e+00	nan	2.471433502614672761e-02	1.822205781583851117e-02	2.255980904050335772e-03
nan	1.027599999999999909e+03	1.027600000000000069e+00	nan	2.588872572227956040e-02	1.687927654021853519e-02	2.275344337647542629e-03
nan	1.048599999999999909e+03	1.048599999999999977e+00	nan	2.760872136573198216e-02	1.764648734082498172e-02	2.230944129693625527e-03
nan	1.116599999999999909e+03	1.116600000000000037e+00	nan	2.935818878140707827e-02	1.579785059569146013e-02	2.278683027509457483e-03
nan	1.106599999999999909e+03	1.106600000000000028e+00	nan	3.019640808456642775e-02	1.705715522008690449e-02	2.272956229751801806e-03
nan	1.129599999999999909e+03	1.129600000000000160e+00	nan	3.286519729281280749e-02	1.748616155113397533e-02	2.285707459120933649e-03
nan	1.131799999999999955e+03	1.131799999999999917e+00	nan	3.381826986692430814e-02	1.670433048719726504e-02	2.303687223264410441e-03
nan	1.156400000000000091e+03	1.156400000000000095e+00	nan	3.460561276024236299e-02	1.554912199734926823e-02	2.328755583451335483e-03
nan	1.179400000000000091e+03	1.179400000000000004e+00	nan	3.771409396376838863e-02	1.607362807105598354e-02	2.307523459334753953e-03
nan	1.206000000000000000e+03	1.206000000000000183e+00	nan	3.867115548882793519e-02	1.626366027035799217e-02	2.308687145824243978e-03
nan	1.203799999999999955e+03	1.203799999999999981e+00	nan	4.078717131310440752e-02	1.543360549334039586e-02	2.371179545776314068e-03
nan	1.206599999999999909e+03	1.206600000000000117e+00	nan	4.225489089835719053e-02	1.638871023111180408e-02	2.278294709152103078e-03
nan	1.210400000000000091e+03	1.210399999999999920e+00	nan	4.359548973170603720e-02	1.590332044825760321e-02	2.290967658038325309e-03
nan	1.163000000000000000e+03	1.163000000000000034e+00	nan	4.544993871213591496e-02	1.545578027710522127e-02	2.337296283668418607e-03
nan	1.154000000000000057e+02	1.153999999999999887e-01	nan	2.593432285578955781e-04	4.214798312538452219e-02	1.952388992387400117e-03
nan	1.595999999999999943e+02	1.596000000000000196e-01	nan	6.790167602957808196e-04	4.231651522708941571e-02	2.007886412181264339e-03
nan	7.520000000000000284e+01	7.520000000000000295e-02	nan	1.208621691649621691e-03	4.458847570899458074e-02	1.582741656850874829e-03
nan	1.092000000000000028e+02	1.091999999999999915e-01	nan	1.267693144922077452e-03	2.550003433271041953e-02	2.087058219771630724e-03
nan	1.214000000000000057e+02	1.213999999999999940e-01	nan	1.312235345437784417e-03	2.950042354505855863e-02	1.911154905803901915e-03
nan	1.675999999999999943e+02	1.676000000000000267e-01	nan	1.824558378325491590e-03	2.381646233885501701e-02	1.890918388553301192e-03
nan	1.818000000000000114e+02	1.818000000000000171e-01	nan	2.306077164575981442e-03	2.544914392467640535e-02	2.009825985665646131e-03
nan	2.228000000000000114e+02	2.227999999999999703e-01	nan	3.507870009730140910e-03	2.460181219973452821e-02	1.714178228700118534e-03
nan	2.673999999999999773e+02	2.674000000000000266e-01	nan	3.438645014546182124e-03	2.535554000408269879e-02	2.022812734079809660e-03
nan	2.798000000000000114e+02	2.797999999999999932e-01	nan	4.175923477168908340e-03	1.985434659190580750e-02	2.056414441056317235e-03
nan	3.196000000000000227e+02	3.195999999999999952e-01	nan	4.802793105591262809e-03	1.811722811170815572e-02	2.082290323765809831e-03
nan	3.406000000000000227e+02	3.406000000000000139e-01	nan	5.448980788128210233e-03	2.155455500806235242e-02	2.074370786600383647e-03
nan	3.710000000000000000e+02	3.709999999999999964e-01	nan	5.899988175428916293e-03	2.004184715675453449e-02	2.050467417312847734e-03
nan	3.718000000000000114e+02	3.718000000000000194e-01	nan	7.033851898586363123e-03	2.013290523946580438e-02	2.233242297235409329e-03
nan	4.428000000000000114e+02	4.427999999999999714e-01	nan	7.571718571830388447e-03	1.801580612900298764e-02	2.091673805207367419e-03
nan	4.401999999999999886e+02	4.402000000000000357e-01	nan	8.145706593313661176e-03	1.866861853525456777e-02	2.159942670730251920e-03
nan	4.868000000000000114e+02	4.868000000000000105e-01	nan	8.980712521133683152e-03	2.098368153545938572e-02	2.104651190609615249e-03
nan	5.098000000000000114e+02	5.098000000000000309e-01	nan	1.006621574981636513e-02	1.796333110117378021e-02	2.175862659659655220e-03
nan	5.312000000000000455e+02	5.311999999999998945e-01	nan	1.072201344677523559e-02	1.723910976438843001e-02	2.222494289092487134e-03
nan	5.410000000000000000e+02	5.410000000000000364e-01	nan	1.079313602235743019e-02	1.828680781263805621e-02	2.097576567341733356e-03
nan	5.576000000000000227e+02	5.575999999999999845e-01	nan	1.265141935500651085e-02	2.098054548519828755e-02	2.282528096703401177e-03
nan	5.997999999999999545e+02	5.997999999999999998e-01	nan	1.313173061362249427e-02	1.828044167388636135e-02	2.237677009512525298e-03
nan	6.090000000000000000e+02	6.089999999999999858e-01	nan	1.452172313306618855e-02	1.935761721884409967e-02	2.263628779320444283e-03
nan	6.480000000000000000e+02	6.480000000000000204e-01	nan	1.489953864220296999e-02	1.716384695918675429e-02	2.222757243331591973e-03
nan	6.290000000000000000e+02	6.290000000000000036e-01	nan	1.570516925212359777e-02	1.583123103927399494e-02	2.215918797670148564e-03
nan	6.640000000000000000e+02	6.639999999999999236e-01	nan	1.696130971240563529e-02	1.637770659838889281e-02	2.193933601289817757e-03
nan	6.667999999999999545e+02	6.667999999999999483e-01	nan	1.806587478522487730e-02	1.578262882250248272e-02	2.179822533034015460e-03
nan	6.837999999999999545e+02	6.837999999999999634e-01	nan	1.882580692881674622e-02	1.512016095518619110e-02	2.162589255210936937e-03
nan	7.057999999999999545e+02	7.057999999999999829e-01	nan	1.987417854875275086e-02	1.854874024331309296e-02	2.193790944219931125e-03
nan	7.077999999999999545e+02	7.078000000000000957e-01	nan	2.117884249760209128e-02	1.740893139856643929e-02	2.262619027023997191e-03
nan	7.116000000000000227e+02	7.116000000000001213e-01	nan	2.191472652757511103e-02	1.674610746217448237e-02	2.180753111025107629e-03
nan	7.212000000000000455e+02	7.211999999999999522e-01	nan	2.188536907569869211e-02	1.784735688521733171e-02	2.185409537800264094e-03
nan	7.347999999999999545e+02	7.348000000000000087e-01	nan	2.438381693559676933e-02	1.569349849348845166e-02	2.293124113163784450e-03
nan	7.303999999999999773e+02	7.304000000000000492e-01	nan	2.532270635056193056e-02	1.647415638563556883e-02	2.278627905737606093e-03
nan	7.243999999999999773e+02	7.243999999999999329e-01	nan	2.543564864026848227e-02	1.554634556214100002e-02	2.101495892449641197e-03
nan	7.030000000000000000e+02	7.029999999999999583e-01	nan	2.697378252601083728e-02	1.520943513423454393e-02	2.238223760948464952e-03
nan	6.710000000000000000e+02	6.710000000000000409e-01	nan	2.860480010358514708e-02	1.555197519174603138e-02	2.204744314053459688e-03
nan	6.300000000000000000e+02	6.300000000000001155e-01	nan	3.041884014587594581e-02	1.663976281862089915e-02	2.250568325318621533e-03
nan	5.583999999999999773e+02	5.584000000000000075e-01	nan	2.936039741052809404e-02	1.865712156346469031e-02	2.231537901729303223e-03
nan	2.204000000000000057e+02	2.204000000000000126e-01	nan	5.748183830007747019e-04	4.665865305123401835e-02	1.455767560199021891e-03
nan	3.113999999999999773e+02	3.114000000000000101e-01	nan	9.760226027424323547e-04	3.990260299011606782e-02	1.573618759524770703e-03
nan	1.710000000000000000e+02	1.709999999999999853e-01	nan	1.188581277966704961e-03	3.641037801520632250e-02	1.439409826225225607e-03
nan	2.591999999999999886e+02	2.591999999999999860e-01	nan	2.045712240840202693e-03	2.998952977443062468e-02	1.359882916325358014e-03
nan	2.766000000000000227e+02	2.766000000000000125e-01	nan	2.761393134289846611e-03	3.180244192957087240e-02	1.679314241874168374e-03
nan	3.410000000000000000e+02	3.410000000000000253e-01	nan	3.336577482173197495e-03	2.466352756138508878e-02	1.720789867820598064e-03
nan	3.723999999999999773e+02	3.723999999999999533e-01	nan	3.728649571917230700e-03	2.720952639695062986e-02	1.601653007710854715e-03
nan	4.423999999999999773e+02	4.424000000000000155e-01	nan	5.001613529066162647e-03	2.646325982769979351e-02	1.734790609996745333e-03
nan	4.838000000000000114e+02	4.838000000000000078e-01	nan	6.478551829206935682e-03	2.241326645852952104e-02	1.777220293761184577e-03
nan	5.190000000000000000e+02	5.190000000000000169e-01	nan	6.646026463909038111e-03	2.487545268322203379e-02	1.724108663039633851e-03
nan	5.422000000000000455e+02	5.422000000000000153e-01	nan	7.530742658946110342e-03	2.308733941181077137e-02	1.777010785902895153e-03
nan	5.910000000000000000e+02	5.909999999999999698e-01	nan	8.938625309679083114e-03	2.224568207804582601e-02	1.771086177401766295e-03
nan	6.022000000000000455e+02	6.022000000000000686e-01	nan	1.122056545684699778e-02	1.985619586356980257e-02	1.816888936888780325e-03
nan	6.626000000000000227e+02	6.625999999999999668e-01	nan	1.111338189937214303e-02	2.202271529250787035e-02	1.803690507952353510e-03
nan	7.076000000000000227e+02	7.076000000000000068e-01	nan	1.179825327280923340e-02	1.813308927609508237e-02	1.783383741356680402e-03
nan	7.386000000000000227e+02	7.385999999999999233e-01	nan	1.341349857427758321e-02	1.983465628718462243e-02	1.824978370662700940e-03
nan	7.820000000000000000e+02	7.819999999999999174e-01	nan	1.484518462066262111e-02	1.953761215162063553e-02	1.768170881981795655e-03
nan	8.020000000000000000e+02	8.019999999999999352e-01	nan	1.620043059219824361e-02	1.873705028118679075e-02	1.831763056135225082e-03
nan	8.502000000000000455e+02	8.501999999999998447e-01	nan	1.747588320220074681e-02	1.824154747848086983e-02	1.857758093566762346e-03
nan	8.897999999999999545e+02	8.897999999999999243e-01	nan	1.970424419587289006e-02	1.801739329273282370e-02	1.794769502481471674e-03
nan	9.080000000000000000e+02	9.080000000000000293e-01	nan	2.017731097157593467e-02	1.840850765645083917e-02	1.809660933703062177e-03
nan	9.357999999999999545e+02	9.357999999999998542e-01	nan	2.181732927906523262e-02	1.781992238014881366e-02	1.845698212981951736e-03
nan	9.802000000000000455e+02	9.802000000000001823e-01	nan	2.314828443504666350e-02	1.758624210457255393e-02	1.828483967194352274e-03
nan	9.972000000000000455e+02	9.972000000000000863e-01	nan	2.484797987376623565e-02	1.841985919692010892e-02	1.850972764762969739e-03
nan	1.038400000000000091e+03	1.038399999999999990e+00	nan	2.582417297307983833e-02	1.778644257024016712e-02	1.801052157674054187e-03
nan	1.083000000000000000e+03	1.082999999999999963e+00	nan	2.942729323740422842e-02	1.576070742301805688e-02	1.840734457625431159e-03
nan	1.079599999999999909e+03	1.079599999999999893e+00	nan	2.931402951494419679e-02	1.725694282757129702e-02	1.874030852064210691e-03
nan	1.096400000000000091e+03	1.096400000000000041e+00	nan	3.121203552836959716e-02	1.783024301550271973e-02	1.824749128267987453e-03
nan	1.128200000000000045e+03	1.128200000000000092e+00	nan	3.309776731307465664e-02	1.679375778386557605e-02	1.879509220519968299e-03
nan	9.856000000000000227e+02	9.856000000000001426e-01	nan	3.430933446766175343e-02	1.813798924312844119e-02	1.870279407496728066e-03
nan	7.412000000000000455e+02	7.411999999999999700e-01	nan	3.480025773360466423e-02	1.729031457684900713e-02	1.906899256401666919e-03
nan	4.366000000000000227e+02	4.365999999999999881e-01	nan	3.718802223606872126e-02	1.487408785203847908e-02	1.908847030860462380e-03
nan	1.560000000000000000e+02	1.559999999999999998e-01	nan	3.541850818382954319e-02	1.544867048182707592e-02	1.707029385531137061e-03
nan	0.000000000000000000e+00	0.000000000000000000e+00	0.000000000000000000e+00	0.000000000000000000e+00	0.000000000000000000e+00	0.000000000000000000e+00
nan	0.000000000000000000e+00	0.000000000000000000e+00	0.000000000000000000e+00	0.000000000000000000e+00	0.000000000000000000e+00	0.000000000000000000e+00
nan	0.000000000000000000e+00	0.000000000000000000e+00	0.000000000000000000e+00	0.000000000000000000e+00	0.000000000000000000e+00	0.000000000000000000e+00
nan	0.000000000000000000e+00	0.000000000000000000e+00	0.000000000000000000e+00	0.000000000000000000e+00	0.000000000000000000e+00	0.000000000000000000e+00
nan	0.000000000000000000e+00	0.000000000000000000e+00	0.000000000000000000e+00	0.000000000000000000e+00	0.000000000000000000e+00	0.000000000000000000e+00
nan	0.000000000000000000e+00	0.000000000000000000e+00	0.000000000000000000e+00	0.000000000000000000e+00	0.000000000000000000e+00	0.000000000000000000e+00
nan	1.520000000000000000e+02	1.519999999999999685e-01	nan	3.905355152426182247e-04	3.345821815838116720e-02	1.590421646933314493e-03
nan	2.035999999999999943e+02	2.036000000000000032e-01	nan	5.315844933647895449e-04	4.543393109329962182e-02	1.576385842285925711e-03
nan	9.959999999999999432e+01	9.959999999999999409e-02	nan	1.246640566168821926e-03	3.469710270112056488e-02	1.512639472292422486e-03
nan	1.531999999999999886e+02	1.532000000000000028e-01	nan	1.461068626548467451e-03	2.870545644802501364e-02	1.607688147921583748e-03
nan	1.801999999999999886e+02	1.801999999999999991e-01	nan	1.746748067182579602e-03	2.953221793827259106e-02	1.574123996762951446e-03
nan	2.131999999999999886e+02	2.132000000000000006e-01	nan	2.653061358512331762e-03	2.642496420627673051e-02	1.602676829063732957e-03
nan	2.701999999999999886e+02	2.701999999999999957e-01	nan	2.831071545529084688e-03	1.960989245676488316e-02	1.531539548831748008e-03
nan	3.196000000000000227e+02	3.195999999999999952e-01	nan	3.374006740693857951e-03	2.475306915652251971e-02	1.574776409100285502e-03
nan	3.573999999999999773e+02	3.573999999999999955e-01	nan	4.597378332243806306e-03	2.557672022613894508e-02	1.610691633261768577e-03
nan	3.740000000000000000e+02	3.739999999999999991e-01	nan	4.918536377726922919e-03	2.090117416619379290e-02	1.710105068328958335e-03
nan	4.041999999999999886e+02	4.042000000000000037e-01	nan	5.898911080817015144e-03	2.178818048070355756e-02	1.650170979807568479e-03
nan	4.446000000000000227e+02	4.445999999999999952e-01	nan	5.519725764770555543e-03	2.249039862604299347e-02	1.711504069453937587e-03
nan	4.691999999999999886e+02	4.692000000000000060e-01	nan	6.942063253518426791e-03	2.054796521993202882e-02	1.717329598306860080e-03
nan	5.277999999999999545e+02	5.278000000000001579e-01	nan	7.897293109522252053e-03	2.151804367607326046e-02	1.756741292051408696e-03
nan	5.296000000000000227e+02	5.296000000000000707e-01	nan	8.525835121554336746e-03	1.852734665761604504e-02	1.716759626536769725e-03
nan	5.680000000000000000e+02	5.679999999999999494e-01	nan	9.438196489986694707e-03	2.147747307224329161e-02	1.767445004478751872e-03
nan	5.790000000000000000e+02	5.789999999999999591e-01	nan	9.696915423410246496e-03	1.992903230344128529e-02	1.716622118059987680e-03
nan	6.326000000000000227e+02	6.325999999999999401e-01	nan	1.159493375769216073e-02	1.829731718040544103e-02	1.745485278697931448e-03
nan	6.460000000000000000e+02	6.459999999999999076e-01	nan	1.198112351880809001e-02	1.893866821619763843e-02	1.799875971062410429e-03
nan	6.833999999999999773e+02	6.834000000000000075e-01	nan	1.339779137506411609e-02	2.025834207393577974e-02	1.713712171154675116e-03
nan	7.080000000000000000e+02	7.079999999999999627e-01	nan	1.350343299886844727e-02	1.784007119638131647e-02	1.736187108629191293e-03
nan	7.322000000000000455e+02	7.321999999999999620e-01	nan	1.524806057082059817e-02	1.763968983192796408e-02	1.778489045634497768e-03
nan	7.586000000000000227e+02	7.585999999999998300e-01	nan	1.615385285831507506e-02	1.956602940844940491e-02	1.784389704900770507e-03
nan	7.676000000000000227e+02	7.676000000000000600e-01	nan	1.714880888739571743e-02	2.006235192949229126e-02	1.722516158744544961e-03
nan	8.002000000000000455e+02	8.001999999999999114e-01	nan	1.834093184229459300e-02	1.712047776381734818e-02	1.847960169026525252e-03
nan	8.310000000000000000e+02	8.310000000000000719e-01	nan	2.049326383016705083e-02	1.670277501683224697e-02	1.811372398836111385e-03
nan	8.310000000000000000e+02	8.309999999999998499e-01	nan	2.118517585272456857e-02	1.819038854998958343e-02	1.795846118893817348e-03
nan	8.697999999999999545e+02	8.698000000000000176e-01	nan	2.191764576255082059e-02	1.705878315377454615e-02	1.786454846982686497e-03
nan	8.863999999999999773e+02	8.864000000000000767e-01	nan	2.300649036301365483e-02	1.719178370168878908e-02	1.838518409425849917e-03
nan	9.040000000000000000e+02	9.039999999999999147e-01	nan	2.335185657007059559e-02	1.834739316008016791e-02	1.784802718801712859e-03
nan	9.013999999999999773e+02	9.014000000000000901e-01	nan	2.423597377273836034e-02	1.669064462473691252e-02	1.837893920812370963e-03
nan	9.110000000000000000e+02	9.109999999999999210e-01	nan	2.750438705343185436e-02	1.651036598049346327e-02	1.858572283248962871e-03
nan	9.573999999999999773e+02	9.574000000000000288e-01	nan	2.728874960816938394e-02	1.663751950671837204e-02	1.866162062133744316e-03
nan	9.417999999999999545e+02	9.417999999999999705e-01	nan	2.835427614099899143e-02	1.622986013158225077e-02	1.804611015104849031e-03
nan	9.482000000000000455e+02	9.482000000000001538e-01	nan	2.952643403323236201e-02	1.616810823144286535e-02	1.872299032040263033e-03
nan	9.493999999999999773e+02	9.494000000000000217e-01	nan	3.064900210515588558e-02	1.571515187325975629e-02	1.809768900128359229e-03
nan	9.582000000000000455e+02	9.582000000000000517e-01	nan	3.253235612451135100e-02	1.763029318007650753e-02	1.841449888902615354e-03
nan	9.497999999999999545e+02	9.497999999999999776e-01	nan	3.356984225965788798e-02	1.611761223688491090e-02	1.820745513007490570e-03
nan	9.412000000000000455e+02	9.411999999999999256e-01	nan	3.609882195132740890e-02	1.760797945605499862e-02	1.878616168169734268e-03
nan	8.840000000000000568e+01	8.839999999999999247e-02	nan	4.751745716153792445e-04	5.642437117099645405e-02	1.405622360187884111e-03
nan	1.210000000000000000e+02	1.209999999999999964e-01	nan	3.737610384803247360e-04	3.036078025429269495e-02	1.474955100652547728e-03
nan	5.379999999999999716e+01	5.380000000000000060e-02	nan	1.168749561951888411e-03	4.327849900864173815e-02	1.313813677765581986e-03
nan	8.720000000000000284e+01	8.719999999999998586e-02	nan	1.606688839278788391e-03	4.042323852775419474e-02	1.380014631960102892e-03
nan	9.700000000000000000e+01	9.700000000000000289e-02	nan	1.829887732981964280e-03	3.435430479715971541e-02	1.376775296621063436e-03
nan	1.217999999999999972e+02	1.217999999999999916e-01	nan	1.292388307774672285e-03	2.147282652741054967e-02	1.560011891370117728e-03
nan	1.545999999999999943e+02	1.546000000000000152e-01	nan	2.081839821607900463e-03	2.272778681038028006e-02	1.363222130133024236e-03
nan	1.888000000000000114e+02	1.887999999999999956e-01	nan	2.611014443778003537e-03	2.087057043022513825e-02	1.538569902525082495e-03
nan	2.095999999999999943e+02	2.096000000000000085e-01	nan	3.006688658808798296e-03	2.220711805106536166e-02	1.668657232887174645e-03
nan	2.155999999999999943e+02	2.156000000000000139e-01	nan	3.048275845458192634e-03	2.256459046451363137e-02	1.689758464151946667e-03
nan	2.354000000000000057e+02	2.353999999999999981e-01	nan	3.645961332017577574e-03	2.092442473220292032e-02	1.563773459382747626e-03
nan	2.618000000000000114e+02	2.617999999999999772e-01	nan	4.208043421931506947e-03	2.136584720598785209e-02	1.632705033677646746e-03
nan	2.753999999999999773e+02	2.753999999999999782e-01	nan	4.718870773649542008e-03	1.755045161550660565e-02	1.557746442887588626e-03
nan	3.056000000000000227e+02	3.055999999999999828e-01	nan	4.918019753381486572e-03	1.901973623352480255e-02	1.688966633937466402e-03
nan	3.236000000000000227e+02	3.235999999999999988e-01	nan	5.823494567471243846e-03	2.005622288506579351e-02	1.716080049082850667e-03
nan	3.633999999999999773e+02	3.633999999999999453e-01	nan	6.561396355073157230e-03	2.055988747829345931e-02	1.815458559121588267e-03
nan	3.698000000000000114e+02	3.698000000000000176e-01	nan	7.051053995633082758e-03	1.752097990247345610e-02	1.713038967998190779e-03
nan	3.911999999999999886e+02	3.911999999999999922e-01	nan	7.561417061333485998e-03	1.901745749209599740e-02	1.687493581639422802e-03
nan	4.271999999999999886e+02	4.271999999999999131e-01	nan	8.199142720536655923e-03	1.805266780109839389e-02	1.745677022938966431e-03
nan	4.346000000000000227e+02	4.345999999999999863e-01	nan	8.933958026045730333e-03	1.734350059103019134e-02	1.737301435306950982e-03
nan	4.381999999999999886e+02	4.381999999999999784e-01	nan	9.884186605677313525e-03	1.708307653413778174e-02	1.739067812364490954e-03
nan	4.591999999999999886e+02	4.592000000000000526e-01	nan	1.086439798873470829e-02	1.773257799842971674e-02	1.638445314930190742e-03
nan	4.690000000000000000e+02	4.690000000000000280e-01	nan	1.042840108971176960e-02	1.689531780571491490e-02	1.727687882106930571e-03
nan	4.920000000000000000e+02	4.919999999999999929e-01	nan	1.163625980420874770e-02	1.691795131321639084e-02	1.789339166993174097e-03
nan	5.302000000000000455e+02	5.302000000000000046e-01	nan	1.308657288909671410e-02	1.722153426086967670e-02	1.725430771713608400e-03
nan	5.412000000000000455e+02	5.412000000000001254e-01	nan	1.284503970750847622e-02	1.747460876563891943e-02	1.669973101267303948e-03
nan	5.380000000000000000e+02	5.380000000000000338e-01	nan	1.410092469204755547e-02	1.826053708055894176e-02	1.751214236687037660e-03
nan	5.580000000000000000e+02	5.579999999999999405e-01	nan	1.540912913619649736e-02	1.572391300765553848e-02	1.764993738778842429e-03
nan	5.752000000000000455e+02	5.751999999999999336e-01	nan	1.591586071108395256e-02	1.622377854339807773e-02	1.768481147439472006e-03
nan	5.650000000000000000e+02	5.650000000000000577e-01	nan	1.575261140919792524e-02	1.900391863592930039e-02	1.766227312571078817e-03
nan	5.833999999999999773e+02	5.833999999999999186e-01	nan	1.742021642671716039e-02	1.707222551097865165e-02	1.777649339868409960e-03
nan	5.693999999999999773e+02	5.694000000000000172e-01	nan	1.828653617503732745e-02	1.835269592017630888e-02	1.798426187000553818e-03
nan	5.790000000000000000e+02	5.789999999999999591e-01	nan	1.888006820663577084e-02	1.692717523107180669e-02	1.730186805584559007e-03
nan	5.623999999999999773e+02	5.624000000000000110e-01	nan	2.012505696689004253e-02	1.455336774903370246e-02	1.838312266761931487e-03
nan	5.653999999999999773e+02	5.654000000000000137e-01	nan	2.149824265038659948e-02	1.572449985865597560e-02	1.790739086422352740e-03
nan	5.436000000000000227e+02	5.435999999999999721e-01	nan	2.198153174654180614e-02	1.676173098350132798e-02	1.802299473235753364e-03
nan	5.287999999999999545e+02	5.288000000000000478e-01	nan	2.238435350800500531e-02	1.534825470615626061e-02	1.785052797344959669e-03
nan	4.996000000000000227e+02	4.996000000000000441e-01	nan	2.441776943273907957e-02	1.648490949822127571e-02	1.770094750310045916e-03
nan	4.430000000000000000e+02	4.429999999999999494e-01	nan	2.450364823266681924e-02	1.736767045438430274e-02	1.801120956002645991e-03
