# SourcePhotonFlux	NumberRaysSurvived	PercentageRaysSurvived	PhotonFlux	Bandwidth	HorizontalFocusFWHM	VerticalFocusFWHM
nan	1.405200000000000102e+02	1.405200000000000060e-01	nan	5.827925649765574537e-04	9.220665030011208213e-03	5.201889994567577939e-04
nan	1.591599999999999966e+02	1.591600000000000237e-01	nan	9.953989722407640111e-04	7.595541872852414403e-03	5.360492951182046443e-04
nan	7.328000000000000114e+01	7.327999999999999792e-02	nan	1.391214051769793522e-03	6.846495764660223346e-03	5.060406525977954916e-04
nan	1.043200000000000074e+02	1.043199999999999961e-01	nan	1.466976820115633001e-03	6.175895599329692467e-03	5.416959039105562375e-04
nan	1.083599999999999852e+02	1.083600000000000119e-01	nan	2.004621406942987821e-03	4.718003822658285371e-03	5.560365033972331731e-04
nan	1.305200000000000102e+02	1.305199999999999971e-01	nan	2.421010155724161346e-03	5.448897946603995998e-03	5.456711167422607835e-04
nan	1.495600000000000023e+02	1.495599999999999985e-01	nan	2.542275059590792894e-03	5.599998918062761358e-03	5.545770480389902116e-04
nan	1.745600000000000023e+02	1.745599999999999929e-01	nan	3.169185453282352769e-03	4.795171774935710202e-03	5.719212698257843033e-04
nan	1.899599999999999795e+02	1.899599999999999900e-01	nan	3.045066371196298877e-03	4.591632286819852596e-03	5.509323235545705768e-04
nan	1.979200000000000159e+02	1.979200000000000126e-01	nan	3.582024371057741883e-03	4.932402776010933257e-03	5.644163911801599719e-04
nan	2.171999999999999886e+02	2.171999999999999764e-01	nan	4.018828921057320154e-03	4.613762161178013195e-03	5.611535884601020433e-04
nan	2.398400000000000034e+02	2.398399999999999976e-01	nan	4.622477236703162115e-03	4.041901775290461692e-03	5.735097461464759181e-04
nan	2.464800000000000182e+02	2.464799999999999769e-01	nan	5.102529064974987809e-03	3.999094397897765864e-03	5.623653331584511309e-04
nan	2.651599999999999682e+02	2.651600000000000068e-01	nan	5.362160172348921956e-03	3.959345385771422150e-03	5.672397641547676558e-04
nan	2.823999999999999773e+02	2.824000000000000399e-01	nan	5.713813709535315796e-03	4.123356021145283337e-03	5.716535731453106003e-04
nan	3.012800000000000296e+02	3.012799999999999923e-01	nan	6.343916889968567382e-03	3.563884894819302658e-03	5.625724220629966469e-04
nan	3.186800000000000068e+02	3.186800000000000188e-01	nan	6.384804075178181389e-03	4.329291566725696622e-03	5.636467655398871282e-04
nan	3.280800000000000409e+02	3.280800000000000383e-01	nan	7.256401395243301626e-03	3.986215030925786655e-03	5.704120766211415736e-04
nan	3.447599999999999909e+02	3.447600000000000109e-01	nan	7.528649201958614867e-03	3.640078871839073308e-03	5.662071071944353978e-04
nan	3.609599999999999795e+02	3.609600000000000586e-01	nan	7.670676909747271843e-03	3.506055056384065061e-03	5.637372509961875115e-04
nan	3.687599999999999909e+02	3.687599999999999767e-01	nan	8.370779730048525172e-03	3.851564271502679743e-03	5.705704773116077261e-04
nan	3.868799999999999955e+02	3.868800000000000017e-01	nan	8.703962986555780629e-03	3.979796559258977524e-03	5.779541347753045129e-04
nan	3.966399999999999864e+02	3.966399999999999926e-01	nan	9.708378068107776510e-03	3.655545283953235552e-03	5.667283708093765436e-04
nan	4.171999999999999886e+02	4.171999999999999598e-01	nan	1.005411384747276378e-02	3.698247554524229479e-03	5.717674430041253973e-04
nan	4.225199999999999818e+02	4.225200000000000067e-01	nan	1.083062304387567495e-02	3.615082375078840747e-03	5.726389712785182138e-04
nan	4.355600000000000591e+02	4.355600000000000027e-01	nan	1.115466286852097311e-02	3.627279263420153492e-03	5.667031062785518212e-04
nan	4.401999999999999886e+02	4.402000000000000357e-01	nan	1.148231330844282604e-02	3.518416306782442236e-03	5.791740286213384889e-04
nan	4.590399999999999636e+02	4.590400000000000036e-01	nan	1.197853509674132524e-02	3.662378595493066737e-03	5.675764070919386926e-04
nan	4.658799999999999955e+02	4.658800000000000163e-01	nan	1.223698725106260078e-02	3.423770650310971331e-03	5.671289221772607371e-04
nan	4.792800000000000296e+02	4.792799999999999838e-01	nan	1.288778516041020304e-02	3.535002175723076477e-03	5.762285146372782404e-04
nan	4.801600000000000250e+02	4.801599999999999757e-01	nan	1.322193113223875047e-02	3.514087419249297545e-03	5.749874947690243642e-04
nan	4.855600000000000591e+02	4.855599999999999916e-01	nan	1.420746833531666073e-02	3.699740495853159287e-03	5.612269113284054905e-04
nan	4.919600000000000364e+02	4.919600000000000084e-01	nan	1.456801160791655961e-02	3.374318006763595175e-03	5.779394360819477576e-04
nan	4.985600000000000591e+02	4.985600000000000032e-01	nan	1.455476587745579455e-02	3.570609140099449599e-03	5.766758089933178826e-04
nan	4.960399999999999636e+02	4.960400000000000920e-01	nan	1.633423781216151657e-02	3.314640659746132499e-03	5.707200882590806375e-04
nan	5.072800000000000296e+02	5.072799999999999532e-01	nan	1.688616419397476545e-02	3.116903067887199195e-03	5.863191826199168778e-04
nan	5.037600000000000477e+02	5.037599999999999856e-01	nan	1.685521179977513342e-02	3.292403924763316440e-03	5.705563323661816183e-04
nan	4.948399999999999750e+02	4.948399999999999466e-01	nan	1.707246155526263506e-02	3.493902437884595889e-03	5.806850482467245961e-04
nan	4.861999999999999886e+02	4.862000000000000210e-01	nan	1.787279958366525673e-02	3.388567512604102709e-03	5.788988344723015878e-04
nan	9.532000000000000739e+01	9.532000000000000195e-02	nan	4.616252423898004097e-04	9.460968304716118812e-03	5.386569462299021453e-04
nan	9.900000000000000000e+01	9.900000000000000466e-02	nan	6.870047446784611047e-04	7.579815215907344250e-03	5.326694651239321458e-04
nan	3.979999999999999716e+01	3.980000000000000204e-02	nan	8.762689736295214407e-04	7.386213286037239881e-03	5.242538628851174404e-04
nan	5.627999999999999403e+01	5.627999999999999670e-02	nan	1.142485017079479916e-03	6.027736405206096659e-03	5.208089644101060196e-04
nan	5.752000000000000313e+01	5.751999999999999474e-02	nan	1.248520742640266698e-03	4.884820262192837541e-03	5.332095529483657894e-04
nan	7.132000000000000739e+01	7.132000000000000839e-02	nan	1.691108286490816725e-03	5.223727344311694665e-03	5.599571778338779731e-04
nan	8.379999999999999716e+01	8.380000000000001337e-02	nan	1.826833943673591238e-03	4.653820677347719932e-03	5.474818161562878963e-04
nan	9.652000000000001023e+01	9.652000000000000857e-02	nan	2.004378553626793517e-03	5.085322326193873754e-03	5.558174428062144469e-04
nan	1.024000000000000057e+02	1.024000000000000188e-01	nan	2.355159869439376295e-03	4.786994466856918720e-03	5.570980372768147846e-04
nan	1.103599999999999852e+02	1.103599999999999720e-01	nan	2.626149448897194955e-03	4.005178669778225800e-03	5.659392190230600004e-04
nan	1.204400000000000119e+02	1.204400000000000193e-01	nan	2.739777533838605363e-03	4.374568136890659084e-03	5.552493033956521981e-04
nan	1.308000000000000114e+02	1.307999999999999718e-01	nan	3.006292003146881879e-03	4.095514163592739801e-03	5.644398736562793954e-04
nan	1.389200000000000159e+02	1.389199999999999879e-01	nan	3.735926551057673541e-03	4.083529060752792358e-03	5.629866337689218032e-04
nan	1.441599999999999966e+02	1.441599999999999826e-01	nan	3.822335894155912996e-03	4.292769375433642606e-03	5.626072093969343782e-04
nan	1.599200000000000159e+02	1.599200000000000066e-01	nan	4.038480036670079841e-03	3.900511170263769398e-03	5.662601498295744907e-04
nan	1.713199999999999932e+02	1.713199999999999723e-01	nan	4.335635106317568474e-03	3.740373384414442080e-03	5.621721531370576109e-04
nan	1.783199999999999932e+02	1.783200000000000063e-01	nan	4.260415524004202044e-03	4.197113122044611108e-03	5.558646396464488612e-04
nan	1.836400000000000148e+02	1.836399999999999699e-01	nan	4.931226477319796894e-03	3.688223241952152780e-03	5.694707360831349633e-04
nan	1.952400000000000091e+02	1.952400000000000246e-01	nan	5.623946085661373287e-03	3.896898702265429171e-03	5.644537144467987305e-04
nan	2.004799999999999898e+02	2.004800000000000471e-01	nan	6.010448364831973492e-03	3.852042193642692125e-03	5.691176412882385013e-04
nan	2.106400000000000148e+02	2.106399999999999939e-01	nan	6.291807297993727739e-03	3.830861429763198628e-03	5.707531681831896127e-04
nan	2.168000000000000114e+02	2.168000000000000205e-01	nan	5.875574107012652807e-03	3.862920417868970918e-03	5.603544773011289544e-04
nan	2.290000000000000000e+02	2.290000000000000091e-01	nan	6.920682902964473207e-03	3.557076750611648519e-03	5.687834592971662776e-04
nan	2.305199999999999818e+02	2.305200000000000027e-01	nan	6.589767909417787450e-03	3.589710949606110622e-03	5.644804935862680114e-04
nan	2.393599999999999852e+02	2.393600000000000172e-01	nan	6.948322029447809474e-03	3.499979636136824057e-03	5.690786113925155962e-04
nan	2.475999999999999943e+02	2.475999999999999868e-01	nan	7.786144866513496424e-03	3.500200516537652247e-03	5.637118601526554251e-04
nan	2.509199999999999875e+02	2.509199999999999764e-01	nan	7.439060184206027979e-03	3.614954306053116094e-03	5.687226388766168867e-04
nan	2.560800000000000409e+02	2.560799999999999743e-01	nan	8.312549957408918444e-03	3.626007224755757510e-03	5.780965065703312037e-04
nan	2.551599999999999966e+02	2.551599999999999979e-01	nan	8.275724610521137045e-03	3.523917493340342211e-03	5.779776776024467266e-04
nan	2.591999999999999886e+02	2.591999999999999860e-01	nan	9.502329187362193799e-03	3.287048381926007627e-03	5.705309880152903239e-04
nan	2.591200000000000045e+02	2.591200000000000170e-01	nan	9.249596354329696346e-03	3.732146906300694202e-03	5.690031730644261798e-04
nan	2.615199999999999818e+02	2.615199999999999747e-01	nan	9.672988486181565912e-03	3.603996475688313328e-03	5.691268479157441133e-04
nan	2.603999999999999773e+02	2.604000000000000203e-01	nan	9.981906166094631563e-03	3.583318714588598630e-03	5.756137171360099650e-04
nan	2.559199999999999875e+02	2.559199999999999808e-01	nan	1.009793973310479584e-02	3.504895986191817938e-03	5.601557096324898209e-04
nan	2.560000000000000000e+02	2.560000000000000053e-01	nan	1.045306101065762022e-02	3.456222478314127135e-03	5.769890851600304772e-04
nan	2.371199999999999761e+02	2.371199999999999974e-01	nan	1.088650922546548737e-02	3.366509912759724742e-03	5.586257949640055249e-04
nan	2.350800000000000125e+02	2.350800000000000112e-01	nan	1.199044937624421311e-02	3.312515902189493069e-03	5.677852625875810322e-04
nan	2.227599999999999909e+02	2.227599999999999858e-01	nan	1.191824210836784845e-02	3.243289812771056515e-03	5.805105691611987589e-04
nan	1.913199999999999932e+02	1.913200000000000178e-01	nan	1.319324044739005400e-02	3.112119178793788365e-03	5.698815201556359580e-04
nan	5.867999999999999261e+01	5.867999999999999605e-02	nan	2.502336548496942063e-04	9.622320460106571077e-03	4.824023265199393895e-04
nan	5.060000000000000142e+01	5.059999999999999915e-02	nan	4.703824024670666014e-04	8.473989065636997053e-03	4.877704386104896169e-04
nan	1.680000000000000071e+01	1.680000000000000243e-02	nan	7.681180763890223121e-04	8.018385833158057571e-03	3.979055199068755192e-04
nan	2.308000000000000185e+01	2.307999999999999635e-02	nan	7.295548986974154104e-04	5.826448769985378105e-03	4.994078558944725892e-04
nan	2.571999999999999886e+01	2.571999999999999981e-02	nan	9.465140782481285420e-04	4.641087980431742206e-03	4.956022230557546827e-04
nan	3.076000000000000156e+01	3.075999999999999915e-02	nan	1.210277641055199646e-03	4.872395895472512832e-03	5.110409677175824315e-04
nan	3.783999999999999631e+01	3.783999999999999864e-02	nan	1.031921613609938348e-03	4.462213463418756958e-03	4.685963718954747536e-04
nan	4.220000000000000284e+01	4.220000000000000140e-02	nan	1.258937694722135191e-03	3.990316226326767919e-03	5.402051949972582314e-04
nan	4.611999999999999744e+01	4.612000000000000127e-02	nan	1.553041104316435061e-03	4.502713619275535567e-03	5.139299787279320245e-04
nan	4.683999999999999631e+01	4.683999999999999275e-02	nan	1.670217290679829698e-03	4.008954792744870085e-03	5.148469256729531216e-04
nan	5.564000000000000057e+01	5.564000000000000196e-02	nan	1.944590995412909164e-03	4.165602731086823045e-03	5.495234739963026065e-04
nan	5.743999999999999773e+01	5.744000000000000494e-02	nan	2.113232069286823285e-03	4.170504714766433765e-03	5.285213003222101382e-04
nan	6.096000000000000085e+01	6.096000000000000030e-02	nan	2.556851601998459938e-03	4.213932903655485604e-03	5.438647902032267686e-04
nan	6.479999999999999716e+01	6.479999999999999649e-02	nan	2.486834392516357357e-03	3.636551899307336518e-03	5.658823240658938849e-04
nan	6.940000000000000568e+01	6.940000000000000335e-02	nan	2.537121997975191022e-03	4.048081140564526413e-03	5.287544936760443662e-04
nan	7.523999999999999488e+01	7.524000000000000132e-02	nan	2.898106432571694296e-03	3.885318809825547785e-03	5.369211382445637911e-04
nan	8.115999999999999659e+01	8.115999999999999603e-02	nan	3.045838240200282772e-03	3.971059702928798375e-03	5.445065689752009866e-04
nan	8.064000000000000057e+01	8.064000000000000334e-02	nan	3.302222349402654435e-03	3.359176370109257653e-03	5.426832549714458338e-04
nan	8.071999999999999886e+01	8.072000000000001396e-02	nan	3.147085022446845150e-03	3.859276131807447361e-03	5.439529591345052158e-04
nan	8.687999999999999545e+01	8.687999999999999889e-02	nan	3.195737091427872795e-03	3.132839117170767990e-03	5.566122213694160194e-04
nan	8.652000000000001023e+01	8.651999999999999968e-02	nan	3.462041008788219187e-03	3.543861402770519340e-03	5.296604849726671083e-04
nan	8.543999999999999773e+01	8.544000000000000206e-02	nan	4.363104782578374960e-03	3.344135559112602820e-03	5.463796934713526562e-04
nan	8.543999999999999773e+01	8.544000000000000206e-02	nan	4.628671766595289852e-03	3.392274895017111016e-03	5.560859301097781501e-04
nan	8.079999999999999716e+01	8.080000000000001070e-02	nan	4.086736384942923558e-03	3.058559516268867257e-03	5.652607330958650924e-04
nan	7.871999999999999886e+01	7.872000000000001219e-02	nan	5.292195846977846771e-03	3.196699218026584962e-03	5.716368653895055390e-04
nan	7.612000000000000455e+01	7.611999999999999322e-02	nan	4.910293131497382897e-03	3.466286339665323492e-03	5.196258909581654394e-04
nan	6.928000000000000114e+01	6.927999999999999436e-02	nan	4.476829284440099824e-03	3.747242091980677869e-03	5.328500936056841534e-04
nan	6.635999999999999943e+01	6.636000000000000232e-02	nan	5.084322104048624377e-03	2.872293850502357498e-03	5.711541256971364427e-04
nan	5.947999999999999687e+01	5.947999999999999815e-02	nan	5.344747402577922774e-03	3.108698346614456771e-03	5.300603723650963890e-04
nan	5.735999999999999943e+01	5.736000000000000820e-02	nan	6.457075384341806265e-03	3.287730058711067251e-03	5.296286545036002751e-04
nan	5.139999999999999858e+01	5.140000000000000124e-02	nan	5.234942721417610786e-03	3.156760395251308020e-03	4.932245567988885774e-04
nan	4.383999999999999631e+01	4.384000000000000397e-02	nan	7.915986537027493511e-03	3.242923990235114379e-03	5.039117112776009526e-04
nan	3.967999999999999972e+01	3.967999999999999999e-02	nan	6.156169681134996893e-03	3.511378942601675428e-03	4.552556301956463226e-04
nan	3.416000000000000369e+01	3.416000000000000286e-02	nan	6.991348924584599514e-03	3.602257881951529371e-03	3.687944326234414449e-04
nan	3.003999999999999915e+01	3.004000000000000073e-02	nan	8.360304839125091286e-03	3.404550065373357446e-03	4.794159861068269081e-04
nan	2.800000000000000000e+01	2.800000000000000405e-02	nan	6.877224802528872707e-03	2.762337114682640246e-03	3.129298343749845621e-04
nan	2.160000000000000142e+01	2.160000000000000114e-02	nan	8.204905748176637148e-03	3.393192460570087880e-03	3.285944703201359508e-04
nan	1.916000000000000014e+01	1.915999999999999995e-02	nan	8.869232692786005109e-03	3.392913923613519872e-03	4.050937001035690094e-04
nan	1.508000000000000185e+01	1.507999999999999965e-02	nan	9.498656848531175298e-03	3.781062889243885089e-03	3.948676877539831305e-04
nan	1.144799999999999898e+02	1.144799999999999984e-01	nan	6.412235585969483292e-04	8.221757721106308023e-03	4.048655940976888168e-04
nan	1.318400000000000034e+02	1.318400000000000127e-01	nan	8.527583983538988138e-04	8.718830917519893725e-03	4.421117204164976932e-04
nan	5.752000000000000313e+01	5.752000000000000168e-02	nan	1.197995239024294157e-03	6.725869893642865208e-03	4.225193532158328822e-04
nan	8.520000000000000284e+01	8.519999999999999796e-02	nan	1.433144238693557669e-03	6.189468837581577933e-03	4.365221837158666900e-04
nan	9.020000000000000284e+01	9.019999999999998852e-02	nan	1.742347022611738863e-03	5.581082992695576145e-03	4.535661925754513814e-04
nan	1.065599999999999881e+02	1.065600000000000158e-01	nan	2.005543881489302380e-03	5.384162770801064098e-03	4.498774648437475895e-04
nan	1.204400000000000119e+02	1.204400000000000193e-01	nan	2.600674446214270262e-03	5.558307856280158069e-03	4.575707076060109746e-04
nan	1.436400000000000148e+02	1.436400000000000177e-01	nan	3.063774546812965145e-03	5.325368677992726660e-03	4.689985923238155227e-04
nan	1.536400000000000148e+02	1.536399999999999988e-01	nan	3.149453020218971003e-03	4.874131062028743550e-03	4.662981673766548808e-04
nan	1.637199999999999989e+02	1.637200000000000044e-01	nan	3.677677143837172931e-03	4.505443569153022923e-03	4.613736937003124730e-04
nan	1.820799999999999841e+02	1.820800000000000196e-01	nan	4.130478013066749866e-03	4.747899580326778689e-03	4.707660131649988341e-04
nan	1.939599999999999795e+02	1.939599999999999935e-01	nan	4.355346687134442618e-03	4.323590787046700801e-03	4.796664010442481694e-04
nan	2.106800000000000068e+02	2.106799999999999784e-01	nan	4.550219428365380805e-03	4.365570270279798583e-03	4.675744431278566803e-04
nan	2.216800000000000068e+02	2.216800000000000159e-01	nan	5.158217451707969303e-03	4.027025533598939389e-03	4.759032817363489996e-04
nan	2.350400000000000205e+02	2.350399999999999712e-01	nan	5.484220495250156577e-03	3.752182787410023642e-03	4.744059369992337455e-04
nan	2.562800000000000296e+02	2.562800000000000078e-01	nan	5.824827711580837959e-03	3.938381982210989972e-03	4.811316624932086600e-04
nan	2.572400000000000091e+02	2.572400000000000242e-01	nan	6.147190482729456527e-03	3.967323137562438901e-03	4.694857163023353802e-04
nan	2.694800000000000182e+02	2.694799999999999973e-01	nan	6.724090424258974581e-03	3.608245983308791538e-03	4.738423795973753234e-04
nan	2.845199999999999818e+02	2.845199999999999951e-01	nan	6.795092873198882097e-03	3.946661628047890349e-03	4.734448107919527848e-04
nan	2.918400000000000318e+02	2.918399999999999883e-01	nan	7.725520952753868464e-03	3.751875983494625151e-03	4.832459490491183038e-04
nan	3.105600000000000023e+02	3.105600000000000027e-01	nan	7.789460034864532922e-03	3.610659042842732838e-03	4.750957040648073545e-04
nan	3.223600000000000136e+02	3.223599999999999799e-01	nan	9.072642497549169086e-03	3.905401514554183301e-03	4.760779885443838723e-04
nan	3.346800000000000068e+02	3.346800000000000330e-01	nan	8.835330455822259024e-03	3.237192004711451129e-03	4.734956185866321049e-04
nan	3.425600000000000023e+02	3.425600000000000311e-01	nan	8.869106729271152012e-03	3.410154282151611847e-03	4.729153224182855051e-04
nan	3.475600000000000023e+02	3.475599999999999801e-01	nan	9.219392441618765727e-03	3.751509062774448060e-03	4.670880163300679920e-04
nan	3.650400000000000205e+02	3.650399999999999756e-01	nan	1.057507612097651969e-02	3.795470652421533472e-03	4.757563405020123586e-04
nan	3.719199999999999591e+02	3.719199999999999728e-01	nan	1.077219978024913927e-02	3.708944220124121664e-03	4.777208474704216926e-04
nan	3.751599999999999682e+02	3.751600000000000490e-01	nan	1.131761955077308784e-02	3.617091958372616739e-03	4.705505490847041632e-04
nan	3.915199999999999818e+02	3.915199999999999791e-01	nan	1.177987856594881963e-02	3.862110941611350719e-03	4.751610231954348168e-04
nan	3.918000000000000114e+02	3.918000000000000371e-01	nan	1.162891377258347403e-02	3.646272629911356897e-03	4.781845224348614184e-04
nan	3.992800000000000296e+02	3.992800000000000238e-01	nan	1.264671442908365737e-02	3.250335758015444713e-03	4.811039467981210560e-04
nan	4.083999999999999773e+02	4.083999999999999853e-01	nan	1.305023281830472101e-02	3.394769987269545368e-03	4.749024787263970938e-04
nan	4.123600000000000136e+02	4.123600000000000598e-01	nan	1.269667537379063835e-02	3.481125247871153135e-03	4.850511374613408820e-04
nan	4.149199999999999591e+02	4.149199999999999555e-01	nan	1.433607949802535517e-02	3.298898255588151533e-03	4.775449506222536515e-04
nan	4.236399999999999864e+02	4.236399999999999610e-01	nan	1.380372496093514381e-02	3.442805060284300726e-03	4.785122801413741844e-04
nan	4.223199999999999932e+02	4.223200000000000287e-01	nan	1.511281281156698353e-02	3.445195145708879712e-03	4.726183382877774636e-04
nan	4.225600000000000591e+02	4.225600000000001022e-01	nan	1.530318900254314975e-02	3.253057784017302639e-03	4.806896426442529356e-04
nan	4.196000000000000227e+02	4.195999999999999730e-01	nan	1.671465981641631626e-02	3.215511015711762510e-03	4.751927935158719207e-04
nan	4.046399999999999864e+02	4.046399999999999442e-01	nan	1.642790920633160553e-02	3.195671734053502633e-03	4.825868946344909097e-04
nan	7.596000000000000796e+01	7.595999999999999974e-02	nan	4.835308507023227949e-04	1.002928673124343223e-02	4.197790861312446675e-04
nan	8.212000000000000455e+01	8.211999999999999855e-02	nan	6.179163213278116192e-04	6.676797279909471410e-03	4.233757841964601873e-04
nan	3.279999999999999716e+01	3.280000000000000276e-02	nan	8.297015934078898463e-04	6.101971458871595540e-03	4.412979255104565761e-04
nan	4.635999999999999943e+01	4.635999999999999843e-02	nan	1.238591006651859009e-03	5.942980638864134822e-03	4.367822540516814187e-04
nan	4.507999999999999829e+01	4.507999999999999508e-02	nan	1.334268507207525545e-03	4.633430393385884645e-03	3.939213709754986231e-04
nan	6.027999999999999403e+01	6.028000000000000025e-02	nan	1.473480047047814965e-03	4.209446551851756500e-03	4.426151306861620229e-04
nan	6.952000000000001023e+01	6.951999999999999846e-02	nan	1.588788926901542982e-03	5.953352630754311925e-03	4.594950693922269678e-04
nan	7.859999999999999432e+01	7.860000000000001708e-02	nan	1.998834459755016724e-03	4.914487990270737308e-03	4.471293933793840203e-04
nan	8.432000000000000739e+01	8.432000000000000606e-02	nan	2.250864509892380912e-03	5.073490101501015870e-03	4.580521597259016925e-04
nan	8.884000000000000341e+01	8.884000000000000230e-02	nan	2.332845953301330294e-03	4.536500736713001969e-03	4.684249381992744540e-04
nan	1.033200000000000074e+02	1.033200000000000091e-01	nan	2.843619518939704063e-03	4.189645845617166221e-03	4.718627189098843983e-04
nan	1.123200000000000074e+02	1.123200000000000170e-01	nan	3.060410967964344482e-03	4.513973013629634864e-03	4.625611174334223123e-04
nan	1.170799999999999983e+02	1.170800000000000035e-01	nan	2.956157832140888803e-03	4.371081588286354278e-03	4.585414479518412287e-04
nan	1.236400000000000148e+02	1.236400000000000138e-01	nan	3.288119709372949642e-03	4.463400420626833891e-03	4.603419832987470754e-04
nan	1.321999999999999886e+02	1.321999999999999842e-01	nan	3.678119950222935586e-03	3.808471953624921989e-03	4.633535712424287465e-04
nan	1.395200000000000102e+02	1.395200000000000051e-01	nan	4.242368431737304595e-03	4.312452028855277147e-03	4.622797802938972684e-04
nan	1.480000000000000000e+02	1.479999999999999927e-01	nan	4.500783857270107720e-03	4.451961333932205611e-03	4.662141065741769522e-04
nan	1.510000000000000000e+02	1.510000000000000231e-01	nan	4.782344340032977474e-03	3.954060929566185004e-03	4.635571615811368918e-04
nan	1.608000000000000114e+02	1.607999999999999985e-01	nan	4.906230259862241240e-03	3.760706874141965354e-03	4.623560086279785157e-04
nan	1.680799999999999841e+02	1.680800000000000072e-01	nan	5.832606449221202499e-03	3.793914452414646338e-03	4.765924842719588715e-04
nan	1.728400000000000034e+02	1.728399999999999936e-01	nan	6.000185592893103430e-03	3.800457132536223890e-03	4.687596193751660803e-04
nan	1.815600000000000023e+02	1.815599999999999992e-01	nan	6.126069164047294457e-03	3.373925822625465417e-03	4.777354885450956737e-04
nan	1.864799999999999898e+02	1.864800000000000069e-01	nan	6.041801597166340972e-03	3.567298746256993697e-03	4.612781976748565427e-04
nan	1.972400000000000091e+02	1.972399999999999709e-01	nan	6.391918846184126146e-03	3.559541465638910076e-03	4.738882434366960402e-04
nan	1.999599999999999795e+02	1.999599999999999711e-01	nan	6.411049833859578870e-03	3.615134091085806748e-03	4.676698613002139683e-04
nan	1.983599999999999852e+02	1.983599999999999808e-01	nan	7.107047079789481463e-03	3.284953391076787018e-03	4.734172938416839060e-04
nan	2.062400000000000091e+02	2.062400000000000344e-01	nan	7.785259570446215541e-03	3.635038564890100132e-03	4.791452089376151417e-04
nan	2.160800000000000125e+02	2.160800000000000498e-01	nan	7.751859053032603315e-03	3.749067045039087935e-03	4.810494108090991356e-04
nan	2.160800000000000125e+02	2.160799999999999943e-01	nan	7.903427021356037793e-03	3.397039707941802537e-03	4.679820975252158011e-04
nan	2.205199999999999818e+02	2.205199999999999938e-01	nan	8.655369233865712816e-03	3.223297603039352362e-03	4.778089260809333235e-04
nan	2.190000000000000000e+02	2.190000000000000002e-01	nan	9.215157369653751915e-03	3.393572395003651397e-03	4.684883018006729717e-04
nan	2.167199999999999704e+02	2.167199999999999682e-01	nan	8.945094963655720113e-03	3.372563332044027119e-03	4.666773624079747010e-04
nan	2.141999999999999886e+02	2.142000000000000293e-01	nan	8.927428113502174079e-03	3.257361912769984880e-03	4.662749218477463329e-04
nan	2.149199999999999875e+02	2.149199999999999444e-01	nan	1.028812590110646762e-02	3.274255531043819382e-03	4.787380263284548611e-04
nan	2.096800000000000068e+02	2.096800000000000053e-01	nan	9.798812134167746851e-03	3.644074051787699747e-03	4.678469952490526109e-04
nan	2.080000000000000000e+02	2.080000000000000182e-01	nan	1.058405479129760282e-02	3.346819254708086663e-03	4.702192956681373989e-04
nan	1.965999999999999943e+02	1.965999999999999970e-01	nan	1.053137194076043601e-02	3.406935760877873552e-03	4.690625529819120133e-04
nan	1.828799999999999955e+02	1.828799999999999870e-01	nan	1.097820207631229963e-02	3.479414477585712848e-03	4.652861575983885259e-04
nan	1.539599999999999795e+02	1.539599999999999858e-01	nan	1.096382252276271140e-02	2.946635501081484865e-03	4.817500034431172924e-04
nan	4.707999999999999829e+01	4.707999999999999685e-02	nan	2.900077406212631060e-04	7.917536733204692465e-03	4.040093181763208352e-04
nan	4.232000000000000028e+01	4.232000000000000345e-02	nan	4.161249653611776358e-04	6.462102984171788286e-03	4.471788118786554573e-04
nan	1.391999999999999815e+01	1.392000000000000182e-02	nan	7.363401387786218822e-04	7.356632879769564592e-03	3.446853380279558975e-04
nan	1.880000000000000071e+01	1.880000000000000074e-02	nan	8.304432266490783480e-04	6.884226578694252474e-03	3.435795487568278454e-04
nan	2.224000000000000199e+01	2.223999999999999935e-02	nan	8.265828062661084242e-04	5.969880422737362802e-03	3.876532675703162284e-04
nan	2.460000000000000142e+01	2.460000000000000034e-02	nan	8.347807846598697670e-04	3.325647345462423576e-03	3.789860244929171276e-04
nan	3.063999999999999702e+01	3.064000000000000057e-02	nan	9.503292695808341923e-04	4.366481502900793239e-03	3.969698525819924731e-04
nan	3.488000000000000256e+01	3.487999999999999434e-02	nan	1.167745640441353360e-03	4.707955786291437988e-03	4.002216162257954640e-04
nan	3.735999999999999943e+01	3.735999999999999738e-02	nan	1.417302451036448483e-03	4.384707311731243090e-03	3.976282906222952944e-04
nan	3.783999999999999631e+01	3.783999999999999864e-02	nan	1.458578839101392190e-03	3.996804215702648086e-03	4.264248778579003132e-04
nan	4.607999999999999829e+01	4.608000000000000290e-02	nan	1.716997672101570199e-03	4.158644673005369718e-03	4.283046421848893696e-04
nan	5.007999999999999829e+01	5.007999999999999952e-02	nan	1.659607752271767891e-03	3.993549132758506329e-03	4.185131489068801762e-04
nan	5.296000000000000085e+01	5.296000000000000707e-02	nan	2.404471530926457351e-03	3.962574121433008571e-03	4.409240554740313832e-04
nan	5.735999999999999943e+01	5.736000000000000126e-02	nan	2.513530397964132065e-03	4.231032163162488750e-03	4.397063717960879433e-04
nan	5.883999999999999631e+01	5.884000000000000341e-02	nan	2.785613012842986808e-03	3.429346786297746315e-03	4.352634701923599513e-04
nan	6.176000000000000512e+01	6.176000000000000240e-02	nan	2.597614424112180097e-03	3.599996827309139003e-03	4.479806898036646045e-04
nan	6.792000000000000171e+01	6.792000000000000814e-02	nan	2.846413072561517453e-03	3.286361587227585365e-03	4.045971329852507707e-04
nan	6.856000000000000227e+01	6.856000000000000982e-02	nan	2.926960590630187705e-03	3.716303457211129428e-03	4.603037639481749707e-04
nan	6.732000000000000739e+01	6.732000000000000484e-02	nan	3.060888613231327153e-03	3.940949940191161918e-03	4.467953613405613073e-04
nan	6.979999999999999716e+01	6.980000000000000093e-02	nan	3.698571278873714809e-03	3.651672917982871913e-03	4.445952024672434862e-04
nan	6.703999999999999204e+01	6.704000000000000237e-02	nan	3.414333520504442363e-03	3.965937820306288282e-03	4.532426590808698720e-04
nan	6.896000000000000796e+01	6.896000000000000740e-02	nan	3.557195064049665286e-03	3.807936579088284750e-03	4.631152579303744873e-04
nan	7.152000000000001023e+01	7.152000000000000024e-02	nan	4.299692729910020370e-03	3.335128538279459771e-03	4.531873540394962025e-04
nan	6.684000000000000341e+01	6.683999999999999664e-02	nan	4.226777363619475814e-03	3.494038420903425920e-03	4.745221010883966676e-04
nan	6.479999999999999716e+01	6.479999999999999649e-02	nan	4.098141077947729458e-03	3.346941168694490647e-03	4.690817098791956181e-04
nan	6.183999999999999631e+01	6.183999999999999220e-02	nan	4.354729369797496336e-03	3.241107734581356696e-03	4.252557374215912181e-04
nan	6.196000000000000085e+01	6.195999999999999425e-02	nan	5.079755840861253056e-03	2.699627584570503998e-03	4.531115309897443266e-04
nan	5.567999999999999261e+01	5.567999999999999339e-02	nan	5.057592593575464465e-03	3.258705803194256092e-03	4.491536764159010341e-04
nan	5.347999999999999687e+01	5.348000000000000670e-02	nan	4.604952935333131089e-03	3.647553291618088611e-03	4.553270669305964813e-04
nan	4.756000000000000227e+01	4.756000000000000505e-02	nan	4.462950232937146385e-03	2.934034571975322001e-03	4.159368996856120312e-04
nan	4.371999999999999886e+01	4.371999999999999498e-02	nan	5.784886333140093137e-03	3.100095646102838526e-03	4.437600684247537848e-04
nan	3.632000000000000028e+01	3.631999999999999812e-02	nan	5.404334420618397104e-03	3.636599840146143535e-03	3.812789976925208069e-04
nan	3.479999999999999716e+01	3.480000000000000454e-02	nan	6.440545106524950096e-03	3.150685184211744674e-03	4.051581404375228027e-04
nan	2.916000000000000369e+01	2.916000000000000189e-02	nan	6.532813132371302449e-03	2.907197572237859347e-03	4.643489487392073742e-04
nan	2.680000000000000071e+01	2.680000000000000090e-02	nan	5.328725844929067985e-03	2.768192601003869550e-03	3.746282124791124350e-04
nan	2.216000000000000014e+01	2.215999999999999567e-02	nan	6.814147069566603779e-03	3.150991084953257224e-03	3.999376524045144751e-04
nan	1.696000000000000085e+01	1.696000000000000285e-02	nan	8.532381358011513137e-03	4.037251450086850116e-03	3.442141791968588165e-04
nan	1.644000000000000128e+01	1.644000000000000322e-02	nan	8.085540855017924952e-03	3.816884232570918242e-03	3.318937666806144908e-04
nan	1.324000000000000021e+01	1.324000000000000177e-02	nan	8.510145216017468012e-03	3.776569787317089581e-03	3.296228501767808731e-04
nan	8.252000000000001023e+01	8.251999999999999613e-02	nan	6.552172327809557915e-04	8.771402486002735643e-03	3.076680681123470707e-04
nan	1.044400000000000119e+02	1.044400000000000051e-01	nan	9.241457662369611647e-04	7.396662479316792882e-03	3.450171281280383783e-04
nan	4.396000000000000085e+01	4.395999999999999908e-02	nan	1.147031391900554722e-03	6.867551347193358649e-03	3.270438870105059044e-04
nan	6.843999999999999773e+01	6.844000000000000083e-02	nan	1.535102665898193785e-03	5.288970251428152212e-03	3.611829559348585456e-04
nan	7.235999999999999943e+01	7.236000000000000765e-02	nan	1.495090512162278217e-03	5.159382218549170632e-03	3.581128306829949948e-04
nan	8.920000000000000284e+01	8.920000000000000151e-02	nan	2.081252107057025586e-03	5.556496123732788082e-03	3.552338626806838791e-04
nan	9.952000000000001023e+01	9.951999999999999735e-02	nan	2.329673751169139030e-03	5.460622195527427628e-03	3.646061003574412821e-04
nan	1.134000000000000057e+02	1.134000000000000147e-01	nan	2.705367846947410830e-03	4.613827763268454549e-03	3.656734123613430499e-04
nan	1.251200000000000045e+02	1.251199999999999812e-01	nan	2.843497489243418299e-03	4.740572032164455316e-03	3.658246848681992068e-04
nan	1.325200000000000102e+02	1.325200000000000267e-01	nan	3.671637234133413776e-03	4.532983128116057671e-03	3.731744840568233671e-04
nan	1.487599999999999909e+02	1.487600000000000033e-01	nan	3.571708136291817937e-03	4.705491185630815421e-03	3.707179549501871314e-04
nan	1.533199999999999932e+02	1.533200000000000118e-01	nan	3.870990912259912511e-03	4.545888604204994729e-03	3.693304400565341431e-04
nan	1.688400000000000034e+02	1.688400000000000178e-01	nan	4.409796952400029182e-03	3.908480464659518094e-03	3.798690317357257735e-04
nan	1.750000000000000000e+02	1.749999999999999889e-01	nan	5.065782053497969520e-03	4.447037379415401046e-03	3.741880521231372029e-04
nan	1.864399999999999977e+02	1.864399999999999946e-01	nan	5.086270305641847275e-03	4.267565575730836343e-03	3.787543439358716712e-04
nan	2.029599999999999795e+02	2.029599999999999738e-01	nan	5.477420767938383228e-03	4.217191957674430551e-03	3.783734323306983584e-04
nan	2.134800000000000182e+02	2.134799999999999753e-01	nan	5.766713388065909836e-03	3.991692969354792425e-03	3.704370571913759205e-04
nan	2.235600000000000023e+02	2.235600000000000365e-01	nan	6.319235544606271841e-03	3.524661627197220922e-03	3.730226005934572718e-04
nan	2.262400000000000091e+02	2.262399999999999967e-01	nan	6.433603435543773334e-03	3.642147215403750051e-03	3.769692551578750282e-04
nan	2.392400000000000091e+02	2.392400000000000360e-01	nan	7.391038427531385242e-03	3.514618699965298132e-03	3.774193519032743556e-04
nan	2.507599999999999909e+02	2.507599999999999829e-01	nan	7.711971251374053274e-03	3.805346147096433373e-03	3.729120830763231476e-04
nan	2.580000000000000000e+02	2.580000000000000071e-01	nan	8.566976150832487577e-03	3.736662873380648588e-03	3.820636772532599065e-04
nan	2.607599999999999909e+02	2.607599999999999918e-01	nan	8.413674959401758885e-03	3.488239268670082025e-03	3.785075374746405723e-04
nan	2.729199999999999591e+02	2.729199999999999959e-01	nan	8.978280752507998563e-03	3.668922675529390047e-03	3.784692099231417336e-04
nan	2.822800000000000296e+02	2.822799999999999754e-01	nan	8.777732217440643511e-03	3.579261646656443051e-03	3.763794581632028341e-04
nan	2.928799999999999955e+02	2.928799999999999737e-01	nan	1.000477597042845508e-02	3.517001873975944635e-03	3.690084889203886463e-04
nan	2.933199999999999932e+02	2.933200000000000252e-01	nan	1.004532338912213218e-02	3.619424470661010591e-03	3.770940627538828379e-04
nan	3.057199999999999704e+02	3.057199999999999918e-01	nan	1.060141150710478507e-02	3.629934762092438226e-03	3.883736612503489814e-04
nan	3.070400000000000205e+02	3.070400000000000351e-01	nan	1.087101430181974110e-02	3.443316219016286962e-03	3.783170441348655518e-04
nan	3.100800000000000409e+02	3.100800000000000223e-01	nan	1.022371994219611196e-02	3.460363503731992470e-03	3.781331398147834552e-04
nan	3.217599999999999909e+02	3.217599999999999905e-01	nan	1.084413935092016015e-02	3.469606593730115932e-03	3.750036066004858800e-04
nan	3.259199999999999591e+02	3.259199999999999875e-01	nan	1.257206528568531254e-02	3.084001318619911114e-03	3.741829394318846899e-04
nan	3.313199999999999932e+02	3.313200000000000589e-01	nan	1.239853773281538417e-02	3.256065034331726525e-03	3.796426779355899033e-04
nan	3.320400000000000205e+02	3.320400000000000018e-01	nan	1.337171661691172707e-02	3.437617537377551328e-03	3.787238684155987351e-04
nan	3.347599999999999909e+02	3.347599999999998910e-01	nan	1.340414653123843912e-02	3.213581206722647323e-03	3.765870482419767700e-04
nan	3.343600000000000136e+02	3.343599999999999905e-01	nan	1.330521351716925163e-02	3.168070223498654740e-03	3.806501038882531530e-04
nan	3.391200000000000045e+02	3.391199999999999770e-01	nan	1.424331307625834563e-02	3.156011202515231380e-03	3.797131312378237240e-04
nan	3.303999999999999773e+02	3.304000000000000825e-01	nan	1.442099122125000722e-02	3.224438690288429325e-03	3.783581853999404341e-04
nan	3.238400000000000318e+02	3.238400000000000167e-01	nan	1.459414787518653611e-02	3.277817067487641487e-03	3.820781161985963687e-04
nan	5.392000000000000171e+01	5.391999999999998877e-02	nan	3.385655077931914829e-04	8.819788971612136513e-03	3.179977016686249885e-04
nan	6.247999999999999687e+01	6.247999999999999388e-02	nan	5.966514404565259784e-04	8.307876912868236360e-03	3.229906987043212841e-04
nan	2.500000000000000000e+01	2.500000000000000139e-02	nan	7.581079144824798104e-04	6.374105054527496803e-03	3.301544526446298779e-04
nan	3.492000000000000171e+01	3.492000000000000659e-02	nan	8.941571638752066151e-04	6.397120686859672500e-03	3.326697610515089859e-04
nan	3.796000000000000085e+01	3.796000000000000763e-02	nan	1.365955640349056843e-03	5.639480642891167919e-03	3.364686571510751788e-04
nan	4.560000000000000142e+01	4.560000000000000858e-02	nan	1.519923206237763259e-03	5.233307462742222554e-03	3.585946971166440898e-04
nan	5.200000000000000000e+01	5.199999999999999067e-02	nan	1.634422415274912072e-03	4.671047108720008910e-03	3.488104890618207339e-04
nan	6.407999999999999829e+01	6.407999999999999807e-02	nan	1.749693135698180638e-03	4.590461906139957013e-03	3.561045531099566981e-04
nan	6.723999999999999488e+01	6.723999999999999422e-02	nan	1.968209241656495440e-03	4.258071255159682870e-03	3.595360601669951193e-04
nan	6.992000000000000171e+01	6.992000000000000992e-02	nan	2.132365787351773404e-03	4.522805144623782969e-03	3.480919321627776565e-04
nan	7.843999999999999773e+01	7.843999999999999584e-02	nan	2.542850906143030547e-03	4.000461360624668443e-03	3.581124328072723918e-04
nan	8.520000000000000284e+01	8.519999999999999796e-02	nan	2.911415081134691944e-03	3.462179890594481967e-03	3.626022572577354140e-04
nan	9.459999999999999432e+01	9.459999999999998965e-02	nan	2.836766739246741192e-03	4.980790919590231784e-03	3.487620731649116487e-04
nan	9.771999999999999886e+01	9.772000000000000131e-02	nan	3.215941374419343992e-03	4.020819007189603209e-03	3.588293216173688753e-04
nan	1.050000000000000000e+02	1.050000000000000100e-01	nan	4.174972597952545869e-03	3.656284363994542069e-03	3.712565028556120061e-04
nan	1.153599999999999852e+02	1.153600000000000181e-01	nan	3.936914035225527048e-03	4.177561115986246423e-03	3.755205322409061429e-04
nan	1.191599999999999966e+02	1.191600000000000020e-01	nan	4.560972617982770802e-03	4.031433065125667944e-03	3.548529039779817272e-04
nan	1.244000000000000057e+02	1.243999999999999967e-01	nan	5.010742101326286224e-03	3.702911954031396554e-03	3.740705606870604752e-04
nan	1.331200000000000045e+02	1.331199999999999883e-01	nan	4.480592306504149573e-03	3.219958898152369513e-03	3.742209274540787920e-04
nan	1.373199999999999932e+02	1.373199999999999976e-01	nan	5.040693998735150741e-03	3.575437528890255262e-03	3.775658641194963973e-04
nan	1.425600000000000023e+02	1.425599999999999923e-01	nan	5.105191817719969237e-03	3.646410913961673807e-03	3.659142740745946780e-04
nan	1.471999999999999886e+02	1.471999999999999975e-01	nan	5.753017580991582128e-03	3.879526950920387900e-03	3.756789711351376962e-04
nan	1.508000000000000114e+02	1.507999999999999896e-01	nan	5.543011761965317696e-03	3.704242577679835776e-03	3.703756007326770806e-04
nan	1.595999999999999943e+02	1.596000000000000196e-01	nan	5.418983339004626067e-03	3.231969392629950588e-03	3.796789065335961751e-04
nan	1.586800000000000068e+02	1.586799999999999877e-01	nan	6.254850154937230747e-03	3.991970422903171750e-03	3.711184776105516735e-04
nan	1.624799999999999898e+02	1.624799999999999855e-01	nan	6.688027851414517048e-03	3.668190531385271715e-03	3.722446655672796028e-04
nan	1.636800000000000068e+02	1.636799999999999922e-01	nan	7.209291645203848298e-03	3.357932462627054825e-03	3.787797648483324955e-04
nan	1.712400000000000091e+02	1.712400000000000033e-01	nan	7.336034886093330612e-03	3.267711128184149025e-03	3.836982503696931561e-04
nan	1.738400000000000034e+02	1.738399999999999945e-01	nan	7.345133398066536548e-03	3.538211498396719168e-03	3.823902693251240276e-04
nan	1.693599999999999852e+02	1.693600000000000105e-01	nan	7.222182172363318664e-03	3.476947447166811589e-03	3.755317601635118556e-04
nan	1.723599999999999852e+02	1.723600000000000132e-01	nan	8.010610869705487788e-03	3.621207726451271085e-03	3.735550048909623338e-04
nan	1.701999999999999886e+02	1.701999999999999902e-01	nan	7.242268573172623569e-03	3.283231919159685600e-03	3.633410163155928550e-04
nan	1.796400000000000148e+02	1.796399999999999664e-01	nan	8.464550493390562286e-03	3.127955946906257802e-03	3.558339203712017297e-04
nan	1.756400000000000148e+02	1.756399999999999906e-01	nan	8.926786835418169461e-03	3.445405704057121106e-03	3.827720812875447026e-04
nan	1.719599999999999795e+02	1.719600000000000295e-01	nan	9.533495418290840670e-03	3.053935638799749018e-03	3.842742161946444764e-04
nan	1.671999999999999886e+02	1.671999999999999875e-01	nan	9.285036733599554351e-03	2.900757289657199169e-03	3.623427900106922618e-04
nan	1.527599999999999909e+02	1.527599999999999791e-01	nan	9.949814388164668344e-03	3.157641598274520296e-03	3.685988306477895214e-04
nan	1.445200000000000102e+02	1.445200000000000096e-01	nan	1.027714111433851961e-02	3.121482459831450337e-03	3.710801236836753668e-04
nan	1.260000000000000000e+02	1.260000000000000286e-01	nan	1.110896612265605682e-02	2.906384489206195222e-03	3.735819457842586900e-04
nan	3.300000000000000000e+01	3.300000000000000155e-02	nan	2.548521514995627513e-04	9.560976813158558393e-03	3.190980636786427353e-04
nan	3.476000000000000512e+01	3.475999999999999923e-02	nan	3.787637424420609066e-04	7.019830154727998983e-03	3.178721065254583441e-04
nan	1.059999999999999964e+01	1.059999999999999831e-02	nan	6.614707313675348335e-04	7.315741733906126580e-03	2.779072118197572984e-04
nan	1.468000000000000149e+01	1.468000000000000208e-02	nan	8.998085390465561861e-04	7.195067922647549810e-03	2.669923660726022658e-04
nan	1.744000000000000128e+01	1.744000000000000064e-02	nan	1.085207792915565163e-03	6.964322768108807682e-03	2.736141769415066259e-04
nan	2.064000000000000057e+01	2.063999999999999863e-02	nan	1.187316016898595913e-03	5.398643433306865927e-03	2.920129958971851621e-04
nan	2.396000000000000085e+01	2.395999999999999866e-02	nan	1.193677109290547291e-03	4.146871157216399512e-03	3.552923764120322937e-04
nan	2.791999999999999815e+01	2.792000000000000037e-02	nan	9.249067621431095523e-04	4.788094022183514258e-03	3.237876978740438947e-04
nan	3.091999999999999815e+01	3.092000000000000304e-02	nan	1.574911114737460437e-03	3.589645345625953020e-03	3.096886904566312345e-04
nan	3.264000000000000057e+01	3.264000000000000234e-02	nan	1.620094580694058251e-03	5.239713962539471748e-03	3.269112156770766090e-04
nan	3.576000000000000512e+01	3.576000000000000012e-02	nan	1.561456050699234653e-03	3.490289650447571390e-03	3.497847170667802590e-04
nan	3.988000000000000256e+01	3.988000000000000572e-02	nan	1.758876136132130454e-03	3.882849776568329889e-03	3.201401395581397920e-04
nan	4.271999999999999886e+01	4.272000000000000103e-02	nan	1.983871064685445267e-03	4.919170553671711396e-03	3.549471166928791434e-04
nan	4.548000000000000398e+01	4.547999999999999959e-02	nan	2.295517796760577611e-03	4.754090300617221099e-03	3.494613030895528795e-04
nan	4.843999999999999773e+01	4.843999999999999695e-02	nan	2.107094179837076982e-03	3.709316774355529180e-03	3.428017139180863232e-04
nan	5.043999999999999773e+01	5.044000000000000566e-02	nan	2.623459394599194326e-03	3.728845721579123005e-03	3.546460820910837331e-04
nan	5.432000000000000739e+01	5.432000000000000023e-02	nan	2.570220086540757863e-03	4.018560169088286789e-03	3.425783664960257600e-04
nan	5.467999999999999261e+01	5.467999999999999250e-02	nan	3.499799036312652156e-03	4.380934151610104202e-03	3.456669187317501892e-04
nan	5.479999999999999716e+01	5.480000000000000149e-02	nan	3.373301065630585158e-03	3.895871311390351841e-03	3.751352225855018071e-04
nan	5.700000000000000000e+01	5.700000000000000899e-02	nan	3.140179382471615464e-03	3.412584123408839328e-03	3.638545452053871198e-04
nan	5.716000000000000369e+01	5.716000000000000247e-02	nan	3.475330222354387072e-03	2.815027864233129399e-03	3.297502294515585212e-04
nan	5.776000000000000512e+01	5.775999999999999884e-02	nan	3.932244856478064356e-03	3.779213909588454053e-03	3.605517371529955162e-04
nan	5.360000000000000142e+01	5.360000000000000181e-02	nan	4.128448726078204345e-03	2.898145329887541304e-03	3.487654073439551286e-04
nan	5.387999999999999545e+01	5.387999999999999734e-02	nan	3.924982990492935538e-03	2.884886904020681798e-03	3.544233570394089749e-04
nan	5.200000000000000000e+01	5.200000000000001149e-02	nan	4.040240051454020362e-03	3.081317969086934047e-03	3.598041407083698955e-04
nan	5.039999999999999858e+01	5.040000000000000036e-02	nan	3.696611833829592433e-03	3.070669876960043475e-03	3.522202080627059926e-04
nan	4.783999999999999631e+01	4.784000000000000058e-02	nan	5.045602593054354483e-03	3.332706992424651522e-03	3.280361411920610553e-04
nan	4.556000000000000227e+01	4.555999999999998940e-02	nan	4.742251021780248890e-03	2.852117914619609583e-03	3.644465530850181465e-04
nan	4.067999999999999972e+01	4.068000000000000782e-02	nan	4.847566633934548286e-03	3.244764642807073003e-03	2.785368047889432959e-04
nan	3.767999999999999972e+01	3.767999999999999822e-02	nan	4.128855814078633349e-03	2.856897064666060436e-03	3.030291130157505277e-04
nan	3.383999999999999631e+01	3.383999999999999508e-02	nan	6.537166547168453412e-03	2.616989449576341119e-03	3.315431782517810184e-04
nan	3.111999999999999744e+01	3.112000000000000183e-02	nan	5.389426196215936840e-03	3.197399169732327660e-03	3.046083301910835627e-04
nan	2.667999999999999972e+01	2.668000000000000232e-02	nan	4.535842932036757667e-03	3.372417369265355656e-03	3.579170162773271649e-04
nan	2.303999999999999915e+01	2.303999999999999798e-02	nan	5.727910324012554753e-03	3.801412021354070529e-03	3.395195404522487496e-04
nan	2.032000000000000028e+01	2.031999999999999779e-02	nan	6.054129608427891510e-03	3.694642179435907690e-03	3.154473207903138042e-04
nan	1.732000000000000028e+01	1.731999999999999859e-02	nan	7.881582162842855344e-03	3.666810891542451357e-03	2.802292811798763692e-04
nan	1.531999999999999851e+01	1.532000000000000028e-02	nan	7.679312026884692159e-03	3.638966631366492930e-03	2.699714243025136233e-04
nan	1.267999999999999972e+01	1.268000000000000030e-02	nan	7.967962879367225179e-03	3.781202765825673277e-03	2.731756857881448178e-04
nan	8.720000000000000639e+00	8.720000000000002055e-03	nan	8.337558934929299032e-03	3.643432613216655239e-03	2.529791066222919602e-04
nan	6.876000000000000512e+01	6.876000000000000167e-02	nan	1.591332498071551548e-04	1.054052914121933818e-02	4.766881915156498156e-04
nan	9.787999999999999545e+01	9.787999999999999479e-02	nan	2.965953677528432352e-04	7.346026407474779037e-03	5.019230992959944262e-04
nan	5.652000000000000313e+01	5.652000000000000079e-02	nan	4.712763461077429622e-04	7.692095646610505946e-03	4.684875805213088826e-04
nan	8.028000000000000114e+01	8.028000000000000413e-02	nan	6.504384779213978054e-04	6.315916586924821656e-03	5.067882404472520480e-04
nan	8.452000000000001023e+01	8.451999999999998403e-02	nan	8.410846668903104164e-04	5.536115055630641893e-03	5.097081959515713679e-04
nan	1.020799999999999983e+02	1.020799999999999902e-01	nan	9.521390589839028983e-04	5.375834524796776689e-03	4.950687582363844704e-04
nan	1.146799999999999926e+02	1.146800000000000042e-01	nan	1.243738012055928179e-03	4.168546400278591059e-03	4.906595676877516850e-04
nan	1.316400000000000148e+02	1.316400000000000070e-01	nan	1.526475000498521807e-03	5.030458507363839982e-03	5.171501572217492579e-04
nan	1.441599999999999966e+02	1.441599999999999826e-01	nan	1.874921674611869067e-03	4.616985288092637953e-03	5.230852092076437865e-04
nan	1.542800000000000011e+02	1.542799999999999727e-01	nan	2.069032844387947746e-03	4.319940642618225538e-03	5.411807439282842556e-04
nan	1.666800000000000068e+02	1.666800000000000226e-01	nan	2.538599770678047311e-03	4.256537692081302331e-03	5.356968417119876546e-04
nan	1.762400000000000091e+02	1.762400000000000078e-01	nan	2.806489352174139796e-03	4.390206278046067737e-03	5.291217902752019591e-04
nan	1.889599999999999795e+02	1.889600000000000168e-01	nan	3.173603611330690598e-03	4.491605593397680896e-03	5.386024010215988535e-04
nan	2.000000000000000000e+02	2.000000000000000111e-01	nan	3.592769776314526549e-03	3.749391302900262953e-03	5.464008729238310378e-04
nan	2.085999999999999943e+02	2.085999999999999799e-01	nan	3.810129435782982823e-03	4.009697399000007947e-03	5.493298503288906185e-04
nan	2.219599999999999795e+02	2.219600000000000184e-01	nan	4.175427497261807903e-03	4.108848330060514524e-03	5.434024331594869157e-04
nan	2.339199999999999875e+02	2.339200000000000446e-01	nan	4.667340272330875589e-03	4.066657511643432046e-03	5.552286745338978714e-04
nan	2.440400000000000205e+02	2.440399999999999792e-01	nan	5.003914584876837865e-03	3.664605241751525515e-03	5.487360696805824566e-04
nan	2.608000000000000114e+02	2.607999999999999763e-01	nan	5.474018245449770517e-03	3.873006225089504345e-03	5.565783545510152386e-04
nan	2.678000000000000114e+02	2.677999999999999825e-01	nan	5.887572015290061522e-03	3.937958706791729394e-03	5.504174190468531921e-04
nan	2.705600000000000023e+02	2.705600000000000227e-01	nan	6.213358058794256344e-03	3.874250124057863030e-03	5.599738735407829623e-04
nan	2.884399999999999977e+02	2.884400000000000297e-01	nan	6.710144082817351419e-03	3.429206792312808425e-03	5.457968553728979226e-04
nan	2.901999999999999886e+02	2.902000000000000135e-01	nan	7.072337649497058287e-03	3.568533502971454885e-03	5.626822865001915221e-04
nan	3.075199999999999818e+02	3.075199999999999600e-01	nan	7.618120972492761593e-03	3.553326630966312065e-03	5.438105365556852302e-04
nan	3.090000000000000000e+02	3.089999999999999969e-01	nan	8.099421263113981001e-03	3.522097414248524880e-03	5.445047751744707450e-04
nan	3.205600000000000023e+02	3.205599999999999561e-01	nan	8.591173917229752779e-03	3.665185036794775617e-03	5.522534874467389509e-04
nan	3.281999999999999886e+02	3.281999999999999917e-01	nan	9.109434919100749956e-03	3.498078728598741187e-03	5.591448153209244067e-04
nan	3.308000000000000114e+02	3.307999999999999829e-01	nan	9.722039178486737571e-03	3.430857342373408968e-03	5.669195472680223875e-04
nan	3.425199999999999818e+02	3.425199999999999356e-01	nan	1.023083400097675628e-02	3.346954510049475386e-03	5.514614138624801456e-04
nan	2.998400000000000318e+02	2.998399999999999954e-01	nan	1.069324917615631365e-02	3.513144278194579948e-03	5.691396990012041138e-04
nan	2.153599999999999852e+02	2.153599999999999959e-01	nan	1.077399235213306362e-02	3.328804966494749995e-03	5.707407482244263464e-04
nan	1.304799999999999898e+02	1.304799999999999849e-01	nan	1.110550124408291560e-02	3.428384492170809348e-03	5.489437888776110006e-04
nan	4.779999999999999716e+01	4.779999999999999527e-02	nan	1.129975729397301662e-02	3.179979995705105918e-03	5.818250204956824153e-04
nan	0.000000000000000000e+00	0.000000000000000000e+00	0.000000000000000000e+00	0.000000000000000000e+00	0.000000000000000000e+00	0.000000000000000000e+00
nan	0.000000000000000000e+00	0.000000000000000000e+00	0.000000000000000000e+00	0.000000000000000000e+00	0.000000000000000000e+00	0.000000000000000000e+00
nan	0.000000000000000000e+00	0.000000000000000000e+00	0.000000000000000000e+00	0.000000000000000000e+00	0.000000000000000000e+00	0.000000000000000000e+00
nan	0.000000000000000000e+00	0.000000000000000000e+00	0.000000000000000000e+00	0.000000000000000000e+00	0.000000000000000000e+00	0.000000000000000000e+00
nan	0.000000000000000000e+00	0.000000000000000000e+00	0.000000000000000000e+00	0.000000000000000000e+00	0.000000000000000000e+00	0.000000000000000000e+00
nan	0.000000000000000000e+00	0.000000000000000000e+00	0.000000000000000000e+00	0.000000000000000000e+00	0.000000000000000000e+00	0.000000000000000000e+00
nan	4.876000000000000512e+01	4.876000000000000473e-02	nan	9.935579087027690114e-05	1.023231769762148954e-02	4.513241393549452985e-04
nan	6.415999999999999659e+01	6.416000000000000869e-02	nan	2.101491830842405816e-04	7.110723420848748429e-03	4.528301397761533113e-04
nan	3.216000000000000369e+01	3.216000000000000109e-02	nan	3.021477672587024872e-04	6.122977107364493098e-03	4.425558874919132595e-04
nan	5.120000000000000284e+01	5.120000000000000245e-02	nan	4.181495798366086157e-04	6.203849332587144452e-03	4.363502980025264722e-04
nan	5.964000000000000057e+01	5.964000000000000551e-02	nan	5.481460709802377530e-04	6.130600621622457440e-03	4.790514919935637056e-04
nan	6.620000000000000284e+01	6.620000000000000884e-02	nan	7.667592856091686891e-04	5.033253994093078373e-03	4.861159582799005441e-04
nan	8.535999999999999943e+01	8.535999999999999144e-02	nan	9.190985547161290709e-04	5.400164921429133347e-03	5.158906026779135111e-04
nan	9.647999999999998977e+01	9.647999999999999632e-02	nan	1.025504750607524485e-03	4.575113514322205061e-03	5.194488747393052322e-04
nan	1.083200000000000074e+02	1.083199999999999996e-01	nan	1.240932527741733706e-03	4.115876540671156367e-03	5.250262770341810204e-04
nan	1.100400000000000063e+02	1.100399999999999989e-01	nan	1.494996232918310896e-03	4.553079021560232573e-03	5.057583053992728518e-04
nan	1.279200000000000017e+02	1.279199999999999782e-01	nan	1.757640669006832555e-03	4.127205041088964806e-03	5.193008863354800454e-04
nan	1.368400000000000034e+02	1.368399999999999894e-01	nan	1.865394281430781277e-03	3.998961202541324519e-03	5.081132738502991322e-04
nan	1.406800000000000068e+02	1.406799999999999995e-01	nan	2.165426062929327357e-03	4.208032001705985618e-03	5.443896817717638762e-04
nan	1.498400000000000034e+02	1.498400000000000010e-01	nan	2.319158102632172709e-03	4.047161961494271862e-03	5.292279241712826397e-04
nan	1.617199999999999989e+02	1.617199999999999749e-01	nan	2.737169012193590122e-03	4.364517844519816107e-03	5.297869359981894092e-04
nan	1.651599999999999966e+02	1.651600000000000290e-01	nan	2.826820797040454324e-03	3.723739328013177165e-03	5.440820914302637364e-04
nan	1.770799999999999841e+02	1.770800000000000152e-01	nan	3.103967212568932085e-03	3.703570073170824213e-03	5.287176728503623947e-04
nan	1.851599999999999966e+02	1.851599999999999913e-01	nan	3.443529596938788191e-03	3.794070021351565562e-03	5.254827911996128465e-04
nan	2.002800000000000011e+02	2.002799999999999581e-01	nan	3.888246355736555381e-03	3.899317092817290546e-03	5.347187074026777754e-04
nan	2.013199999999999932e+02	2.013199999999999990e-01	nan	4.135204971225903484e-03	3.648776977800064717e-03	5.446958928238409972e-04
nan	2.147199999999999704e+02	2.147200000000000220e-01	nan	4.451441547316790405e-03	3.735466718002171393e-03	5.501717225611182666e-04
nan	2.195999999999999943e+02	2.196000000000000174e-01	nan	4.717136648487212092e-03	3.741759002637836014e-03	5.375284748606523264e-04
nan	2.233199999999999932e+02	2.233200000000000185e-01	nan	5.129536132053544827e-03	3.668847697431873358e-03	5.348398664918051259e-04
nan	2.309199999999999875e+02	2.309200000000000141e-01	nan	5.288104612145616383e-03	3.808458698655810097e-03	5.527737336141277805e-04
nan	2.442400000000000091e+02	2.442400000000000126e-01	nan	5.596618821464290072e-03	3.531064829984085357e-03	5.343667142077876235e-04
nan	2.466800000000000068e+02	2.466800000000000104e-01	nan	5.937082379978165028e-03	3.400949973636845959e-03	5.485486368515510346e-04
nan	2.524399999999999977e+02	2.524399999999999977e-01	nan	6.249002022959757388e-03	3.460569897976522279e-03	5.363169833403727852e-04
nan	2.558400000000000034e+02	2.558400000000000118e-01	nan	6.577859168328359200e-03	3.453371474774195003e-03	5.524684114813645762e-04
nan	2.646399999999999864e+02	2.646400000000000419e-01	nan	7.154120920795321859e-03	3.465138772779091138e-03	5.536295458124908340e-04
nan	2.659199999999999591e+02	2.659200000000000452e-01	nan	7.569324787828009098e-03	3.488721618164195796e-03	5.643716366116925415e-04
nan	2.692800000000000296e+02	2.692800000000000749e-01	nan	8.118036150845001769e-03	3.314729513111901258e-03	5.438253841269973052e-04
nan	2.778799999999999955e+02	2.778800000000000159e-01	nan	8.231771031278185477e-03	3.475887594048802758e-03	5.682680813003474505e-04
nan	2.807199999999999704e+02	2.807200000000000251e-01	nan	8.482650651758376001e-03	3.006800776097797584e-03	5.527004484647691628e-04
nan	2.870800000000000409e+02	2.870800000000000018e-01	nan	8.999862782156923396e-03	3.203428898746837721e-03	5.605611862624160831e-04
nan	2.852800000000000296e+02	2.852799999999999780e-01	nan	9.328953385429486142e-03	3.342977801695094873e-03	5.555291517317057859e-04
nan	2.916399999999999864e+02	2.916400000000000103e-01	nan	9.943278094524429789e-03	3.351986819602204189e-03	5.560589887843020570e-04
nan	2.862800000000000296e+02	2.862799999999999789e-01	nan	1.015081770575307005e-02	3.272340569571381697e-03	5.504875352007875542e-04
nan	2.756800000000000068e+02	2.756799999999999806e-01	nan	1.028280926860134122e-02	3.231941448236951790e-03	5.657904862976745894e-04
nan	2.783199999999999932e+02	2.783200000000000118e-01	nan	1.115368062642119185e-02	3.309376129941257565e-03	5.594629654178960619e-04
nan	3.111999999999999744e+01	3.112000000000000183e-02	nan	6.834788707067218150e-05	8.343489436013642666e-03	4.866556991648357360e-04
nan	4.107999999999999829e+01	4.108000000000000540e-02	nan	1.443334330349443982e-04	5.076110995941572265e-03	4.634858739293869451e-04
nan	1.728000000000000114e+01	1.728000000000000022e-02	nan	2.772176207907815857e-04	7.300990981273717054e-03	4.023350129779436736e-04
nan	2.776000000000000156e+01	2.775999999999999995e-02	nan	2.706154528834758756e-04	5.418241406703498859e-03	4.119697458407664656e-04
nan	3.203999999999999915e+01	3.203999999999999904e-02	nan	4.177572362664250358e-04	5.772888074659583528e-03	4.814968463666578422e-04
nan	3.800000000000000000e+01	3.799999999999999906e-02	nan	4.817624374277329241e-04	4.586676898788591764e-03	4.811887961155380915e-04
nan	4.728000000000000114e+01	4.728000000000000258e-02	nan	6.689779061821354757e-04	4.608871660177070624e-03	4.919363870361917251e-04
nan	5.656000000000000227e+01	5.655999999999999917e-02	nan	7.554809997418487650e-04	4.242118981856145450e-03	4.962113410177354089e-04
nan	6.440000000000000568e+01	6.439999999999999891e-02	nan	9.264583917229174620e-04	3.965832902582599670e-03	5.041610347112752358e-04
nan	6.412000000000000455e+01	6.411999999999999644e-02	nan	9.691947490364328588e-04	3.562503941756639536e-03	4.810083644742115536e-04
nan	7.479999999999999716e+01	7.480000000000000537e-02	nan	1.195558866320425330e-03	4.345735338616969409e-03	5.186462225489138619e-04
nan	8.323999999999999488e+01	8.324000000000000843e-02	nan	1.336182279806052888e-03	4.251225578663309079e-03	5.086724657041728683e-04
nan	8.512000000000000455e+01	8.512000000000000122e-02	nan	1.409091236114363641e-03	4.447852798447869856e-03	4.774993243499567677e-04
nan	9.587999999999999545e+01	9.587999999999999301e-02	nan	1.612074878394196371e-03	4.110653282081513232e-03	4.833405803676300567e-04
nan	1.011200000000000045e+02	1.011200000000000154e-01	nan	1.898855973686295511e-03	4.000943950809914169e-03	5.289973975850945304e-04
nan	1.085200000000000102e+02	1.085199999999999915e-01	nan	2.008046909618315008e-03	3.787360169230721916e-03	5.205600897736870633e-04
nan	1.153599999999999852e+02	1.153599999999999903e-01	nan	2.225948106838586751e-03	3.760921228357434927e-03	5.090327569120420238e-04
nan	1.211200000000000045e+02	1.211200000000000054e-01	nan	2.506309119562501794e-03	3.659357181055367982e-03	5.122593735369612798e-04
nan	1.239200000000000017e+02	1.239199999999999885e-01	nan	2.498672713586529669e-03	3.943487733643563295e-03	5.221189087846466207e-04
nan	1.291999999999999886e+02	1.292000000000000370e-01	nan	2.964673985698027675e-03	3.546687727121021570e-03	5.194917222991728015e-04
nan	1.376400000000000148e+02	1.376399999999999846e-01	nan	3.106295293400762689e-03	3.727945700740699277e-03	5.099393188011983827e-04
nan	1.400799999999999841e+02	1.400799999999999823e-01	nan	3.160041428245676486e-03	3.465184228032677002e-03	5.178753812294711661e-04
nan	1.504000000000000057e+02	1.504000000000000059e-01	nan	3.619136959732714102e-03	3.817442142046621745e-03	5.416347110366739144e-04
nan	1.493599999999999852e+02	1.493600000000000205e-01	nan	3.625572811570236444e-03	3.104800785512853122e-03	5.257777016987659913e-04
nan	1.520000000000000000e+02	1.519999999999999962e-01	nan	3.879370424683657205e-03	3.356383052624646503e-03	5.230817872083539516e-04
nan	1.565200000000000102e+02	1.565200000000000202e-01	nan	4.021144287180504137e-03	3.354108730098162659e-03	5.419665280578726645e-04
nan	1.635600000000000023e+02	1.635600000000000109e-01	nan	4.359908489495864861e-03	3.428814155858928708e-03	5.215559785293836506e-04
nan	1.642400000000000091e+02	1.642400000000000249e-01	nan	4.702507512984084766e-03	3.625439782088200891e-03	5.459575954020656676e-04
nan	1.670000000000000000e+02	1.669999999999999818e-01	nan	5.020609655248335287e-03	3.378148576400104384e-03	5.400716315747548834e-04
nan	1.689200000000000159e+02	1.689200000000000146e-01	nan	5.071099720762504287e-03	3.284823318002622148e-03	5.217964770084092697e-04
nan	1.675999999999999943e+02	1.675999999999999712e-01	nan	5.442609737601742867e-03	3.120429658293121487e-03	5.352653300520398899e-04
nan	1.689599999999999795e+02	1.689599999999999991e-01	nan	5.595161168130289610e-03	3.420037953998582292e-03	5.450301004705259463e-04
nan	1.731599999999999966e+02	1.731599999999999806e-01	nan	5.893768959904264332e-03	3.350612608500802472e-03	5.189038863480854510e-04
nan	1.717199999999999989e+02	1.717199999999999560e-01	nan	6.255514162558028883e-03	3.338008733216962787e-03	5.482946860774000298e-04
nan	1.651599999999999966e+02	1.651600000000000290e-01	nan	6.647260579329667893e-03	3.522695203203727449e-03	5.508761460019986336e-04
nan	1.685200000000000102e+02	1.685200000000000031e-01	nan	6.533640465522694459e-03	3.164830944545492155e-03	5.305540986681474671e-04
nan	1.606400000000000148e+02	1.606400000000000050e-01	nan	7.009445536477869505e-03	3.131347103192997586e-03	5.219947312233518509e-04
nan	1.513599999999999852e+02	1.513599999999999945e-01	nan	7.182414719600275013e-03	3.410818460551519153e-03	5.362620191209289304e-04
nan	1.349200000000000159e+02	1.349200000000000121e-01	nan	7.726421625975490870e-03	3.099982094018960410e-03	5.604051756353129734e-04
nan	5.632000000000000739e+01	5.631999999999999507e-02	nan	1.175045382711914456e-04	7.036826635321661097e-03	4.163993422509941695e-04
nan	8.267999999999999261e+01	8.268000000000000349e-02	nan	2.539297081591485234e-04	7.272902644793419538e-03	4.187776471698727646e-04
nan	4.235999999999999943e+01	4.235999999999999488e-02	nan	3.755365537097077409e-04	7.354723189891996735e-03	4.018176339806944991e-04
nan	6.735999999999999943e+01	6.736000000000000321e-02	nan	5.543708487471121901e-04	6.409134346016027821e-03	4.161772175315961398e-04
nan	6.992000000000000171e+01	6.991999999999999604e-02	nan	6.373139311699560581e-04	5.005849072188808466e-03	3.807736480732014893e-04
nan	8.220000000000000284e+01	8.220000000000000917e-02	nan	8.824444536094233757e-04	5.446201549014421071e-03	4.040842203941682228e-04
nan	9.712000000000000455e+01	9.711999999999999800e-02	nan	1.072772499808252126e-03	4.541413200764100877e-03	4.100386996420844407e-04
nan	1.088400000000000034e+02	1.088399999999999784e-01	nan	1.304844329442858076e-03	5.029169670463297728e-03	4.300511850909310052e-04
nan	1.176400000000000148e+02	1.176399999999999946e-01	nan	1.536705671360323209e-03	4.864032601287654120e-03	4.232795459400423435e-04
nan	1.261599999999999966e+02	1.261599999999999944e-01	nan	1.614449674461866354e-03	4.504765110746641876e-03	4.416715381909264290e-04
nan	1.387199999999999989e+02	1.387200000000000100e-01	nan	2.050359407330688572e-03	4.550282168083730205e-03	4.548177535481945930e-04
nan	1.520000000000000000e+02	1.519999999999999962e-01	nan	2.206448626452583994e-03	3.936007346603348500e-03	4.372979913879073799e-04
nan	1.616800000000000068e+02	1.616800000000000181e-01	nan	2.414251160607818782e-03	4.144343140740517316e-03	4.475933039816159566e-04
nan	1.617199999999999989e+02	1.617200000000000026e-01	nan	2.868667235611610609e-03	4.182131471014873328e-03	4.456718982196090115e-04
nan	1.743199999999999932e+02	1.743200000000000305e-01	nan	2.985153574509240466e-03	3.977538516329279759e-03	4.479229820838508862e-04
nan	1.814799999999999898e+02	1.814800000000000024e-01	nan	3.317395302510703879e-03	3.982230200056169345e-03	4.368708520575568448e-04
nan	1.945999999999999943e+02	1.946000000000000230e-01	nan	3.696760222414922741e-03	3.942592554073554370e-03	4.498810325354490641e-04
nan	2.012400000000000091e+02	2.012400000000000022e-01	nan	4.047639247282859565e-03	3.582630996108850194e-03	4.514375834678375837e-04
nan	2.124800000000000182e+02	2.124799999999999467e-01	nan	4.504062527394126283e-03	3.967110635216384087e-03	4.667455776796973900e-04
nan	2.231999999999999886e+02	2.232000000000000095e-01	nan	4.923330081219319532e-03	4.003589602447928456e-03	4.584868328523299358e-04
nan	2.339199999999999875e+02	2.339199999999999890e-01	nan	5.071002747263264956e-03	3.617332903476070446e-03	4.531497981517617723e-04
nan	2.405199999999999818e+02	2.405200000000000116e-01	nan	5.612833828263319273e-03	3.671308614488217985e-03	4.602286670013994510e-04
nan	2.428000000000000114e+02	2.427999999999999881e-01	nan	5.954450094332060413e-03	3.540167062883198094e-03	4.699660297134926725e-04
nan	2.518400000000000034e+02	2.518399999999999528e-01	nan	6.464557732724643228e-03	3.681706798788907282e-03	4.636158155508423662e-04
nan	2.558400000000000034e+02	2.558399999999999563e-01	nan	6.772573436755920107e-03	3.261108749786870153e-03	4.552591308033026099e-04
nan	2.672400000000000091e+02	2.672400000000000331e-01	nan	7.082575891818124365e-03	3.707079377006065966e-03	4.679488245764635190e-04
nan	2.691599999999999682e+02	2.691600000000000104e-01	nan	7.484196115619852485e-03	3.420351335723632782e-03	4.649093256612969781e-04
nan	2.744399999999999977e+02	2.744400000000000173e-01	nan	7.910156504631230684e-03	3.718279530256505486e-03	4.738597355120516860e-04
nan	2.807199999999999704e+02	2.807199999999999696e-01	nan	8.571912969891855305e-03	3.613939694529849037e-03	4.753855997838385243e-04
nan	2.469599999999999795e+02	2.469599999999999851e-01	nan	8.532524296460905835e-03	3.373990617137347624e-03	4.739887687885490459e-04
nan	1.892800000000000011e+02	1.892799999999999760e-01	nan	9.072335085575105110e-03	3.560477135589416257e-03	4.853284868651740300e-04
nan	1.088400000000000034e+02	1.088400000000000062e-01	nan	9.279249538594739818e-03	3.169531936232905609e-03	4.660868669068276779e-04
nan	3.876000000000000512e+01	3.876000000000000278e-02	nan	9.418310011942595400e-03	3.568860728552430278e-03	4.200689522252763351e-04
nan	0.000000000000000000e+00	0.000000000000000000e+00	0.000000000000000000e+00	0.000000000000000000e+00	0.000000000000000000e+00	0.000000000000000000e+00
nan	0.000000000000000000e+00	0.000000000000000000e+00	0.000000000000000000e+00	0.000000000000000000e+00	0.000000000000000000e+00	0.000000000000000000e+00
nan	0.000000000000000000e+00	0.000000000000000000e+00	0.000000000000000000e+00	0.000000000000000000e+00	0.000000000000000000e+00	0.000000000000000000e+00
nan	0.000000000000000000e+00	0.000000000000000000e+00	0.000000000000000000e+00	0.000000000000000000e+00	0.000000000000000000e+00	0.000000000000000000e+00
nan	0.000000000000000000e+00	0.000000000000000000e+00	0.000000000000000000e+00	0.000000000000000000e+00	0.000000000000000000e+00	0.000000000000000000e+00
nan	0.000000000000000000e+00	0.000000000000000000e+00	0.000000000000000000e+00	0.000000000000000000e+00	0.000000000000000000e+00	0.000000000000000000e+00
nan	3.611999999999999744e+01	3.611999999999999933e-02	nan	6.867885270025908431e-05	8.916179799435007547e-03	3.860784572193377883e-04
nan	5.439999999999999858e+01	5.439999999999999003e-02	nan	1.888330441533980731e-04	6.709788405149338941e-03	3.533466854977004206e-04
nan	2.696000000000000085e+01	2.696000000000000132e-02	nan	2.816683679498055534e-04	6.231364649741375807e-03	3.817672430164572510e-04
nan	4.107999999999999829e+01	4.107999999999999152e-02	nan	3.687323385054241910e-04	5.559797435528304396e-03	3.738477273713618318e-04
nan	4.551999999999999602e+01	4.551999999999999102e-02	nan	4.648772247628584864e-04	5.361506530410375601e-03	3.813173387390765513e-04
nan	5.960000000000000142e+01	5.960000000000000020e-02	nan	6.318511241715895742e-04	4.276827562065857805e-03	4.254883643846513750e-04
nan	6.628000000000000114e+01	6.628000000000000558e-02	nan	7.882456631682543870e-04	4.748593746950417055e-03	3.556143701960438235e-04
nan	7.879999999999999716e+01	7.879999999999999505e-02	nan	9.639791948075071559e-04	4.523710276402669213e-03	4.068400701802412853e-04
nan	8.747999999999998977e+01	8.747999999999998832e-02	nan	1.058105671702378337e-03	4.647727086049192879e-03	4.181312020582092742e-04
nan	9.359999999999999432e+01	9.359999999999998876e-02	nan	1.184680263399968524e-03	3.996544146587911392e-03	4.118926526751048997e-04
nan	1.000000000000000000e+02	1.000000000000000056e-01	nan	1.287736004906037211e-03	4.711824185222899392e-03	4.350068506756858060e-04
nan	1.129599999999999937e+02	1.129599999999999910e-01	nan	1.636904030901860070e-03	4.616112516449721870e-03	4.443305941747375111e-04
nan	1.208400000000000034e+02	1.208399999999999891e-01	nan	1.685430883821936775e-03	4.381603527450898469e-03	4.377891659225944631e-04
nan	1.235599999999999881e+02	1.235600000000000309e-01	nan	1.926591205801742035e-03	4.473694813714691396e-03	4.509534734715789231e-04
nan	1.324399999999999977e+02	1.324400000000000022e-01	nan	2.273817460072677897e-03	3.998407317878073519e-03	4.543121870977014911e-04
nan	1.388799999999999955e+02	1.388800000000000312e-01	nan	2.430221815779987169e-03	3.532734273825883890e-03	4.387499953504461585e-04
nan	1.475200000000000102e+02	1.475199999999999845e-01	nan	2.667735429936328798e-03	3.332814514118603941e-03	4.482569361447990078e-04
nan	1.561999999999999886e+02	1.562000000000000055e-01	nan	2.919758237458154430e-03	3.675551065388510570e-03	4.328118199451688503e-04
nan	1.631599999999999966e+02	1.631600000000000272e-01	nan	3.115315827189988392e-03	3.696645997235270629e-03	4.428774367139508045e-04
nan	1.650400000000000205e+02	1.650400000000000200e-01	nan	3.351665582749774417e-03	4.206977884989483371e-03	4.410401623539762024e-04
nan	1.723599999999999852e+02	1.723600000000000132e-01	nan	3.519375619816855760e-03	3.672155041551696843e-03	4.435376836936237750e-04
nan	1.841599999999999966e+02	1.841600000000000181e-01	nan	3.854514105778435347e-03	3.710980888676111873e-03	4.385212483398159269e-04
nan	1.895999999999999943e+02	1.896000000000000185e-01	nan	4.320657971029504517e-03	3.810812279008983679e-03	4.511931872582432691e-04
nan	1.948000000000000114e+02	1.948000000000000009e-01	nan	4.373251734277801631e-03	3.868869190336400761e-03	4.521682695664083372e-04
nan	2.017599999999999909e+02	2.017599999999999949e-01	nan	4.583590289121275765e-03	3.314962334410331748e-03	4.432900281395280267e-04
nan	2.044000000000000057e+02	2.043999999999999984e-01	nan	4.942867005229345696e-03	3.644411563167702321e-03	4.511961808100671762e-04
nan	2.055199999999999818e+02	2.055200000000000082e-01	nan	5.177745144455911733e-03	3.375855308043706950e-03	4.550688675295085040e-04
nan	2.097199999999999704e+02	2.097199999999999898e-01	nan	5.521744273146396431e-03	3.529297468164996170e-03	4.461888259387251053e-04
nan	2.233199999999999932e+02	2.233200000000000185e-01	nan	5.871637756281415828e-03	3.159570119138292114e-03	4.557366055018915074e-04
nan	2.213199999999999932e+02	2.213200000000000167e-01	nan	6.039281616913285723e-03	3.411431044017380811e-03	4.545912459503603504e-04
nan	2.259199999999999875e+02	2.259200000000000375e-01	nan	6.573039458562561325e-03	3.497232310226795066e-03	4.571414918241867298e-04
nan	2.263599999999999852e+02	2.263599999999999779e-01	nan	6.763653973384861975e-03	3.340866097439452835e-03	4.607374446528820773e-04
nan	2.312800000000000296e+02	2.312800000000000133e-01	nan	6.921122552048472945e-03	3.109824399469853645e-03	4.657511166902670750e-04
nan	2.358800000000000239e+02	2.358800000000000063e-01	nan	7.542818792753677552e-03	3.214725614211196535e-03	4.615046918669507797e-04
nan	2.411999999999999886e+02	2.412000000000000255e-01	nan	7.734231097765586690e-03	3.252732054071598260e-03	4.617374291648487740e-04
nan	2.407599999999999909e+02	2.407600000000000018e-01	nan	8.157434262620881504e-03	3.086721098668079085e-03	4.742359091552628353e-04
nan	2.413199999999999932e+02	2.413200000000000345e-01	nan	8.450978179671438800e-03	3.277742046222360730e-03	4.556589418304206264e-04
nan	2.420800000000000125e+02	2.420799999999999896e-01	nan	8.719097946341207092e-03	3.180664089651520730e-03	4.581935316076650834e-04
nan	2.325999999999999943e+02	2.326000000000000012e-01	nan	9.089987742427182993e-03	3.091156055421044341e-03	4.674592567336837215e-04
nan	2.308000000000000185e+01	2.307999999999999635e-02	nan	5.186864571157911427e-05	8.429596625076904437e-03	3.904777984774800126e-04
nan	3.191999999999999815e+01	3.192000000000000393e-02	nan	1.358033520591561748e-04	8.463303045417883141e-03	4.015772824362528462e-04
nan	1.504000000000000092e+01	1.504000000000000128e-02	nan	2.417243383299243437e-04	8.917695141798916147e-03	3.165483313701749441e-04
nan	2.183999999999999986e+01	2.183999999999999830e-02	nan	2.535386289844154795e-04	5.100006866542083558e-03	4.174116439543261339e-04
nan	2.428000000000000114e+01	2.427999999999999950e-02	nan	2.624470690875568726e-04	5.900084709011712072e-03	3.822309811607803938e-04
nan	3.351999999999999602e+01	3.352000000000000812e-02	nan	3.649116756650982963e-04	4.763292467771003055e-03	3.781836777106602492e-04
nan	3.635999999999999943e+01	3.636000000000000343e-02	nan	4.612154329151962667e-04	5.089828784935281070e-03	4.019651971331292153e-04
nan	4.456000000000000227e+01	4.455999999999999545e-02	nan	7.015740019460281387e-04	4.920362439946905468e-03	3.428356457400237286e-04
nan	5.347999999999999687e+01	5.348000000000000670e-02	nan	6.877290029092364247e-04	5.071108000816539930e-03	4.045625468159619429e-04
nan	5.596000000000000085e+01	5.595999999999999586e-02	nan	8.351846954337816247e-04	3.970869318381161847e-03	4.112828882112634470e-04
nan	6.392000000000000171e+01	6.392000000000000459e-02	nan	9.605586211182525619e-04	3.623445622341631232e-03	4.164580647531619553e-04
nan	6.812000000000000455e+01	6.812000000000000000e-02	nan	1.089796157625642003e-03	4.310911001612470310e-03	4.148741573200767510e-04
nan	7.420000000000000284e+01	7.420000000000000207e-02	nan	1.179997635085783345e-03	4.008369431350906724e-03	4.100934834625695577e-04
nan	7.435999999999999943e+01	7.436000000000000942e-02	nan	1.406770379717272711e-03	4.026581047893161222e-03	4.466484594470818440e-04
nan	8.856000000000000227e+01	8.855999999999999983e-02	nan	1.514343714366077603e-03	3.603161225800597528e-03	4.183347610414734621e-04
nan	8.803999999999999204e+01	8.804000000000000714e-02	nan	1.629141318662732235e-03	3.733723707050913467e-03	4.319885341460503732e-04
nan	9.735999999999999943e+01	9.736000000000000210e-02	nan	1.796142504226736674e-03	4.196736307091877491e-03	4.209302381219230281e-04
nan	1.019600000000000080e+02	1.019600000000000090e-01	nan	2.013243149963273200e-03	3.592666220234756215e-03	4.351725319319310658e-04
nan	1.062400000000000091e+02	1.062399999999999733e-01	nan	2.144402689355047117e-03	3.447821952877685829e-03	4.444988578184974268e-04
nan	1.082000000000000028e+02	1.082000000000000045e-01	nan	2.158627204471485952e-03	3.657361562527611330e-03	4.195153134683466821e-04
nan	1.115200000000000102e+02	1.115199999999999941e-01	nan	2.530283871001302257e-03	4.196109097039657509e-03	4.565056193406802571e-04
nan	1.199599999999999937e+02	1.199599999999999972e-01	nan	2.626346122724498855e-03	3.656088334777272356e-03	4.475354019025050813e-04
nan	1.217999999999999972e+02	1.217999999999999916e-01	nan	2.904344626613237536e-03	3.871523443768819846e-03	4.527257558640888349e-04
nan	1.295999999999999943e+02	1.295999999999999930e-01	nan	2.979907728440593824e-03	3.432769391837350772e-03	4.445514486663184055e-04
nan	1.257999999999999972e+02	1.257999999999999952e-01	nan	3.141033850424719467e-03	3.166246207854799075e-03	4.431837595340297345e-04
nan	1.328000000000000114e+02	1.327999999999999736e-01	nan	3.392261942481127144e-03	3.275541319677778476e-03	4.387867202579635514e-04
nan	1.333599999999999852e+02	1.333599999999999786e-01	nan	3.613174957044975634e-03	3.156525764500496632e-03	4.359645066068031137e-04
nan	1.367599999999999909e+02	1.367599999999999927e-01	nan	3.765161385763349158e-03	3.024032191037238394e-03	4.325178510421873982e-04
nan	1.411599999999999966e+02	1.411600000000000077e-01	nan	3.974835709750550346e-03	3.709748048662618765e-03	4.387581888439862142e-04
nan	1.415600000000000023e+02	1.415600000000000191e-01	nan	4.235768499520418083e-03	3.481786279713287857e-03	4.525238054047994165e-04
nan	1.423199999999999932e+02	1.423200000000000298e-01	nan	4.382945305515022205e-03	3.349221492434896561e-03	4.361506222050215041e-04
nan	1.442400000000000091e+02	1.442399999999999793e-01	nan	4.377073815139738248e-03	3.569471377043466169e-03	4.370819075600527971e-04
nan	1.469599999999999795e+02	1.469600000000000073e-01	nan	4.876763387119354039e-03	3.138699698697690419e-03	4.586248226327568683e-04
nan	1.460799999999999841e+02	1.460800000000000154e-01	nan	5.064541270112386112e-03	3.294831277127113593e-03	4.557255811475211969e-04
nan	1.448799999999999955e+02	1.448799999999999810e-01	nan	5.087129728053696454e-03	3.109269112428200005e-03	4.202991784899282502e-04
nan	1.405999999999999943e+02	1.406000000000000028e-01	nan	5.394756505202167110e-03	3.041887026846908874e-03	4.476447521896929904e-04
nan	1.341999999999999886e+02	1.342000000000000137e-01	nan	5.720960020717029415e-03	3.110395038349206363e-03	4.409488628106919593e-04
nan	1.260000000000000000e+02	1.260000000000000286e-01	nan	6.083768029175188989e-03	3.327952563724179656e-03	4.501136650637242850e-04
nan	1.116799999999999926e+02	1.116800000000000015e-01	nan	5.872079482105618982e-03	3.731424312692938061e-03	4.463075803458606229e-04
nan	4.407999999999999829e+01	4.408000000000000113e-02	nan	1.149636766001549350e-04	9.331730610246804364e-03	2.911535120398043783e-04
nan	6.227999999999999403e+01	6.228000000000000203e-02	nan	1.952045205484864601e-04	7.980520598023213910e-03	3.147237519049541406e-04
nan	3.420000000000000284e+01	3.419999999999999429e-02	nan	2.377162555933409922e-04	7.282075603041264326e-03	2.878819652450451106e-04
nan	5.183999999999999631e+01	5.183999999999999719e-02	nan	4.091424481680405278e-04	5.997905954886124588e-03	2.719765832650716027e-04
nan	5.532000000000000739e+01	5.532000000000000112e-02	nan	5.522786268579693006e-04	6.360488385914174828e-03	3.358628483748336857e-04
nan	6.820000000000000284e+01	6.820000000000001061e-02	nan	6.673154964346395207e-04	4.932705512277017583e-03	3.441579735641196128e-04
nan	7.447999999999998977e+01	7.447999999999999066e-02	nan	7.457299143834461184e-04	5.441905279390125971e-03	3.203306015421709648e-04
nan	8.847999999999998977e+01	8.848000000000000309e-02	nan	1.000322705813232616e-03	5.292651965539958529e-03	3.469581219993490666e-04
nan	9.676000000000000512e+01	9.675999999999999879e-02	nan	1.295710365841387180e-03	4.482653291705903861e-03	3.554440587522369153e-04
nan	1.037999999999999972e+02	1.038000000000000034e-01	nan	1.329205292781807666e-03	4.975090536644406584e-03	3.448217326079267811e-04
nan	1.084400000000000119e+02	1.084400000000000086e-01	nan	1.506148531789222155e-03	4.617467882362153928e-03	3.554021571805790415e-04
nan	1.182000000000000028e+02	1.181999999999999995e-01	nan	1.787725061935816710e-03	4.449136415609165375e-03	3.542172354803532481e-04
nan	1.204400000000000119e+02	1.204400000000000193e-01	nan	2.244113091369399730e-03	3.971239172713960860e-03	3.633777873777560541e-04
nan	1.325200000000000102e+02	1.325199999999999989e-01	nan	2.222676379874428607e-03	4.404543058501573724e-03	3.607381015904707238e-04
nan	1.415200000000000102e+02	1.415200000000000069e-01	nan	2.359650654561846594e-03	3.626617855219016646e-03	3.566767482713360587e-04
nan	1.477199999999999989e+02	1.477199999999999902e-01	nan	2.682699714855516556e-03	3.966931257436924138e-03	3.649956741325401663e-04
nan	1.564000000000000057e+02	1.563999999999999835e-01	nan	2.969036924132524395e-03	3.907522430324127105e-03	3.536341763963591310e-04
nan	1.604000000000000057e+02	1.603999999999999870e-01	nan	3.240086118439648808e-03	3.747410056237358150e-03	3.663526112270450164e-04
nan	1.700400000000000205e+02	1.700399999999999689e-01	nan	3.495176640440149276e-03	3.648309495696173965e-03	3.715516187133524910e-04
nan	1.779599999999999795e+02	1.779599999999999793e-01	nan	3.940848839174578185e-03	3.603478658546564739e-03	3.589539004962943565e-04
nan	1.815999999999999943e+02	1.816000000000000114e-01	nan	4.035462194315187281e-03	3.681701531290168007e-03	3.619321867406124246e-04
nan	1.871599999999999966e+02	1.871599999999999653e-01	nan	4.363465855813046697e-03	3.563984476029762559e-03	3.691396425963903690e-04
nan	1.960400000000000205e+02	1.960400000000000476e-01	nan	4.629656887009332526e-03	3.517248420914510874e-03	3.656967934388704764e-04
nan	1.994399999999999977e+02	1.994400000000000062e-01	nan	4.969595974753247131e-03	3.683971839384021785e-03	3.701945529525939370e-04
nan	2.076800000000000068e+02	2.076800000000000035e-01	nan	5.164834594615967667e-03	3.557288514048033336e-03	3.602104315348108373e-04
nan	2.165999999999999943e+02	2.165999999999999870e-01	nan	5.885458647480845511e-03	3.152141484603611377e-03	3.681468915250862535e-04
nan	2.159199999999999875e+02	2.159199999999999731e-01	nan	5.862805902988839531e-03	3.451388565514259231e-03	3.748061704128421382e-04
nan	2.192800000000000296e+02	2.192800000000000027e-01	nan	6.242407105673919432e-03	3.566048603100543946e-03	3.649498256535975123e-04
nan	2.256400000000000148e+02	2.256400000000000072e-01	nan	6.619553462614930980e-03	3.358751556773115123e-03	3.759018441039936706e-04
nan	1.971200000000000045e+02	1.971200000000000174e-01	nan	6.861866893532350860e-03	3.627597848625688150e-03	3.740558814993456133e-04
nan	1.482400000000000091e+02	1.482399999999999829e-01	nan	6.960051546720932500e-03	3.458062915369801253e-03	3.813798512803333839e-04
nan	8.732000000000000739e+01	8.731999999999999484e-02	nan	7.437604447213743905e-03	2.974817570407695729e-03	3.817694061720924978e-04
nan	3.119999999999999929e+01	3.119999999999999857e-02	nan	7.083701636765908638e-03	3.089734096365415010e-03	3.414058771062274122e-04
nan	0.000000000000000000e+00	0.000000000000000000e+00	0.000000000000000000e+00	0.000000000000000000e+00	0.000000000000000000e+00	0.000000000000000000e+00
nan	0.000000000000000000e+00	0.000000000000000000e+00	0.000000000000000000e+00	0.000000000000000000e+00	0.000000000000000000e+00	0.000000000000000000e+00
nan	0.000000000000000000e+00	0.000000000000000000e+00	0.000000000000000000e+00	0.000000000000000000e+00	0.000000000000000000e+00	0.000000000000000000e+00
nan	0.000000000000000000e+00	0.000000000000000000e+00	0.000000000000000000e+00	0.000000000000000000e+00	0.000000000000000000e+00	0.000000000000000000e+00
nan	0.000000000000000000e+00	0.000000000000000000e+00	0.000000000000000000e+00	0.000000000000000000e+00	0.000000000000000000e+00	0.000000000000000000e+00
nan	0.000000000000000000e+00	0.000000000000000000e+00	0.000000000000000000e+00	0.000000000000000000e+00	0.000000000000000000e+00	0.000000000000000000e+00
nan	3.039999999999999858e+01	3.039999999999999300e-02	nan	7.810710304852364224e-05	6.691643631676233613e-03	3.180843293866629094e-04
nan	4.071999999999999886e+01	4.071999999999999925e-02	nan	1.063168986729579117e-04	9.086786218659924710e-03	3.152771684571851422e-04
nan	1.991999999999999815e+01	1.992000000000000021e-02	nan	2.493281132337643743e-04	6.939420540224112803e-03	3.025278944584845189e-04
nan	3.063999999999999702e+01	3.064000000000000057e-02	nan	2.922137253096934793e-04	5.741091289605002555e-03	3.215376295843167496e-04
nan	3.603999999999999915e+01	3.604000000000000259e-02	nan	3.493496134365159313e-04	5.906443587654517866e-03	3.148247993525903109e-04
nan	4.264000000000000057e+01	4.263999999999999735e-02	nan	5.306122717024663741e-04	5.284992841255346276e-03	3.205353658127465697e-04
nan	5.403999999999999915e+01	5.403999999999999776e-02	nan	5.662143091058168941e-04	3.921978491352976978e-03	3.063079097663496233e-04
nan	6.392000000000000171e+01	6.392000000000000459e-02	nan	6.748013481387715468e-04	4.950613831304503942e-03	3.149552818200571005e-04
nan	7.147999999999998977e+01	7.148000000000000187e-02	nan	9.194756664487613047e-04	5.115344045227789363e-03	3.221383266523537370e-04
nan	7.479999999999999716e+01	7.480000000000000537e-02	nan	9.837072755453845838e-04	4.180234833238758926e-03	3.420210136657916671e-04
nan	8.084000000000000341e+01	8.083999999999999519e-02	nan	1.179782216163403029e-03	4.357636096140711512e-03	3.300341959615137174e-04
nan	8.892000000000000171e+01	8.891999999999999904e-02	nan	1.103945152954111022e-03	4.498079725208598348e-03	3.423008138907875282e-04
nan	9.384000000000000341e+01	9.384000000000000674e-02	nan	1.388412650703685271e-03	4.109593043986405590e-03	3.434659196613720051e-04
nan	1.055599999999999881e+02	1.055600000000000288e-01	nan	1.579458621904450411e-03	4.303608735214651745e-03	3.513482584102817501e-04
nan	1.059200000000000017e+02	1.059200000000000141e-01	nan	1.705167024310867393e-03	3.705469331523208922e-03	3.433519253073539449e-04
nan	1.135999999999999943e+02	1.135999999999999927e-01	nan	1.887639297997339028e-03	4.295494614448658148e-03	3.534890008957503960e-04
nan	1.157999999999999972e+02	1.157999999999999863e-01	nan	1.939383084682049386e-03	3.985806460688257231e-03	3.433244236119975252e-04
nan	1.265200000000000102e+02	1.265199999999999936e-01	nan	2.318986751538432058e-03	3.659463436081088292e-03	3.490970557395862680e-04
nan	1.291999999999999886e+02	1.291999999999999815e-01	nan	2.396224703761618176e-03	3.787733643239527773e-03	3.599751942124820967e-04
nan	1.366800000000000068e+02	1.366799999999999959e-01	nan	2.679558275012823131e-03	4.051668414787155600e-03	3.427424342309350015e-04
nan	1.415999999999999943e+02	1.416000000000000036e-01	nan	2.700686599773689366e-03	3.568014239276263294e-03	3.472374217258382477e-04
nan	1.464399999999999977e+02	1.464399999999999868e-01	nan	3.049612114164119720e-03	3.527937966385592729e-03	3.556978091268995753e-04
nan	1.517199999999999989e+02	1.517199999999999660e-01	nan	3.230770571663015098e-03	3.913205881689881156e-03	3.568779409801541122e-04
nan	1.535200000000000102e+02	1.535200000000000176e-01	nan	3.429761777479143486e-03	4.012470385898457906e-03	3.445032317489089813e-04
nan	1.600400000000000205e+02	1.600399999999999878e-01	nan	3.668186368458918687e-03	3.424095552763469809e-03	3.695920338053050396e-04
nan	1.661999999999999886e+02	1.662000000000000144e-01	nan	4.098652766033409819e-03	3.340555003366449307e-03	3.622744797672222553e-04
nan	1.661999999999999886e+02	1.661999999999999589e-01	nan	4.237035170544913368e-03	3.638077709997916773e-03	3.591692237787634805e-04
nan	1.739599999999999795e+02	1.739600000000000035e-01	nan	4.383529152510163944e-03	3.411756630754909404e-03	3.572909693965372886e-04
nan	1.772800000000000011e+02	1.772800000000000209e-01	nan	4.601298072602731312e-03	3.438356740337757730e-03	3.677036818851700051e-04
nan	1.808000000000000114e+02	1.807999999999999885e-01	nan	4.670371314014118945e-03	3.669478632016033581e-03	3.569605437603425501e-04
nan	1.802800000000000011e+02	1.802800000000000236e-01	nan	4.847194754547671722e-03	3.338128924947382677e-03	3.675787841624741817e-04
nan	1.821999999999999886e+02	1.821999999999999731e-01	nan	5.500877410686370698e-03	3.302073196098692827e-03	3.717144566497925635e-04
nan	1.914799999999999898e+02	1.914800000000000113e-01	nan	5.457749921633876442e-03	3.327503901343674495e-03	3.732324124267488740e-04
nan	1.883599999999999852e+02	1.883599999999999997e-01	nan	5.670855228199798287e-03	3.245972026316450067e-03	3.609222030209697845e-04
nan	1.896400000000000148e+02	1.896400000000000308e-01	nan	5.905286806646472750e-03	3.233621646288572897e-03	3.744598064080525849e-04
nan	1.898799999999999955e+02	1.898799999999999932e-01	nan	6.129800421031177289e-03	3.143030374651951172e-03	3.619537800256718567e-04
nan	1.916400000000000148e+02	1.916400000000000048e-01	nan	6.506471224902270201e-03	3.526058636015301506e-03	3.682899777805230491e-04
nan	1.899599999999999795e+02	1.899599999999999900e-01	nan	6.713968451931577944e-03	3.223522447376982181e-03	3.641491026014981249e-04
nan	1.882400000000000091e+02	1.882399999999999907e-01	nan	7.219764390265481432e-03	3.521595891210999724e-03	3.757232336339468319e-04
nan	1.767999999999999972e+01	1.767999999999999780e-02	nan	9.503491432307585433e-05	1.128487423419929046e-02	2.811244720375768330e-04
nan	2.419999999999999929e+01	2.419999999999999929e-02	nan	7.475220769606494178e-05	6.072156050858539163e-03	2.949910201305095455e-04
nan	1.075999999999999979e+01	1.076000000000000047e-02	nan	2.337499123903776877e-04	8.655699801728347978e-03	2.627627355531163972e-04
nan	1.744000000000000128e+01	1.743999999999999717e-02	nan	3.213377678557576998e-04	8.084647705550838601e-03	2.760029263920205675e-04
nan	1.939999999999999858e+01	1.940000000000000058e-02	nan	3.659775465963928452e-04	6.870860959431943082e-03	2.753550593242126655e-04
nan	2.435999999999999943e+01	2.435999999999999971e-02	nan	2.584776615549344353e-04	4.294565305482110282e-03	3.120023782740235672e-04
nan	3.091999999999999815e+01	3.092000000000000304e-02	nan	4.163679643215801142e-04	4.545557362076056186e-03	2.726444260266048364e-04
nan	3.776000000000000512e+01	3.776000000000000190e-02	nan	5.222028887556007292e-04	4.174114086045027476e-03	3.077139805050165206e-04
nan	4.192000000000000171e+01	4.191999999999999893e-02	nan	6.013377317617596592e-04	4.441423610213072679e-03	3.337314465774349507e-04
nan	4.311999999999999744e+01	4.312000000000000555e-02	nan	6.096551690916385486e-04	4.512918092902726622e-03	3.379516928303893226e-04
nan	4.707999999999999829e+01	4.707999999999999685e-02	nan	7.291922664035154931e-04	4.184884946440583717e-03	3.127546918765495361e-04
nan	5.235999999999999943e+01	5.235999999999999682e-02	nan	8.416086843863014111e-04	4.273169441197570070e-03	3.265410067355293600e-04
nan	5.507999999999999829e+01	5.507999999999999702e-02	nan	9.437741547299084450e-04	3.510090323101321304e-03	3.115492885775177252e-04
nan	6.112000000000000455e+01	6.111999999999999378e-02	nan	9.836039506762972277e-04	3.803947246704960511e-03	3.377933267874933020e-04
nan	6.471999999999999886e+01	6.471999999999999975e-02	nan	1.164698913494248813e-03	4.011244577013158355e-03	3.432160098165701117e-04
nan	7.267999999999999261e+01	7.267999999999999461e-02	nan	1.312279271014631489e-03	4.111977495658692208e-03	3.630917118243176533e-04
nan	7.396000000000000796e+01	7.395999999999999797e-02	nan	1.410210799126616508e-03	3.504195980494691394e-03	3.426077935996381342e-04
nan	7.823999999999999488e+01	7.824000000000000399e-02	nan	1.512283412266697243e-03	3.803491498419199566e-03	3.374987163278845822e-04
nan	8.543999999999999773e+01	8.543999999999998818e-02	nan	1.639828544107331098e-03	3.610533560219678778e-03	3.491354045877932645e-04
nan	8.692000000000000171e+01	8.691999999999999726e-02	nan	1.786791605209146067e-03	3.468700118206038182e-03	3.474602870613901855e-04
nan	8.764000000000000057e+01	8.763999999999999568e-02	nan	1.976837321135462792e-03	3.416615306827556434e-03	3.478135624728982125e-04
nan	9.184000000000000341e+01	9.184000000000000496e-02	nan	2.172879597746941744e-03	3.546515599685943348e-03	3.276890629860381376e-04
nan	9.379999999999999716e+01	9.380000000000000837e-02	nan	2.085680217942353747e-03	3.379063561142983067e-03	3.455375764213861360e-04
nan	9.840000000000000568e+01	9.840000000000000135e-02	nan	2.327251960841749713e-03	3.383590262643278342e-03	3.578678333986348194e-04
nan	1.060400000000000063e+02	1.060399999999999954e-01	nan	2.617314577819342646e-03	3.444306852173935427e-03	3.450861543427216909e-04
nan	1.082400000000000091e+02	1.082400000000000306e-01	nan	2.569007941501695071e-03	3.494921753127783887e-03	3.339946202534607896e-04
nan	1.075999999999999943e+02	1.076000000000000012e-01	nan	2.820184938409511007e-03	3.652107416111788178e-03	3.502428473374075537e-04
nan	1.115999999999999943e+02	1.115999999999999909e-01	nan	3.081825827239299473e-03	3.144782601531107523e-03	3.529987477557684750e-04
nan	1.150400000000000063e+02	1.150399999999999895e-01	nan	3.183172142216790599e-03	3.244755708679615634e-03	3.536962294878944228e-04
nan	1.130000000000000000e+02	1.130000000000000171e-01	nan	3.150522281839584875e-03	3.800783727185859991e-03	3.532454625142157525e-04
nan	1.166799999999999926e+02	1.166799999999999782e-01	nan	3.484043285343432078e-03	3.414445102195730504e-03	3.555298679736820138e-04
nan	1.138799999999999955e+02	1.138800000000000090e-01	nan	3.657307235007465577e-03	3.670539184035261863e-03	3.596852374001107419e-04
nan	1.157999999999999972e+02	1.157999999999999863e-01	nan	3.776013641327154082e-03	3.385435046214361338e-03	3.460373611169118122e-04
nan	1.124799999999999898e+02	1.124799999999999967e-01	nan	4.025011393378008333e-03	2.910673549806740406e-03	3.676624533523862757e-04
nan	1.130799999999999983e+02	1.130800000000000000e-01	nan	4.299648530077320244e-03	3.144899971731195121e-03	3.581478172844705264e-04
nan	1.087199999999999989e+02	1.087199999999999972e-01	nan	4.396306349308360881e-03	3.352346196700265422e-03	3.604598946471506728e-04
nan	1.057599999999999909e+02	1.057600000000000068e-01	nan	4.476870701601001236e-03	3.069650941231251949e-03	3.570105594689919120e-04
nan	9.992000000000000171e+01	9.992000000000000881e-02	nan	4.883553886547815741e-03	3.296981899644254969e-03	3.540189500620092048e-04
nan	8.859999999999999432e+01	8.859999999999998432e-02	nan	4.900729646533363675e-03	3.473534090876860634e-03	3.602241912005291766e-04
