# SourcePhotonFlux	NumberRaysSurvived	PercentageRaysSurvived	PhotonFlux	Bandwidth	HorizontalFocusFWHM	VerticalFocusFWHM
nan	1.000000000000000000e+05	1.000000000000000000e+02	nan	9.989535982577706086e-02	1.085501805514520884e-01	1.003808013183006692e-01
nan	1.000000000000000000e+05	1.000000000000000000e+02	nan	1.496819452809063367e-01	9.600380886059793617e-02	8.608418054210781323e-02
nan	1.000000000000000000e+05	1.000000000000000000e+02	nan	1.996279261943243455e-01	8.189825616628880478e-02	7.151489988146442212e-02
nan	1.000000000000000000e+05	1.000000000000000000e+02	nan	2.495719779689068163e-01	7.842909841974073093e-02	6.592436138911877963e-02
nan	1.000000000000000000e+05	1.000000000000000000e+02	nan	2.995073946791535491e-01	6.930385666353978957e-02	5.903926257324008942e-02
nan	1.000000000000000000e+05	1.000000000000000000e+02	nan	3.494782127919165982e-01	6.493093704365004992e-02	5.486866912825207054e-02
nan	1.000000000000000000e+05	1.000000000000000000e+02	nan	3.992173742984960194e-01	6.312945322086693789e-02	5.387136357908661743e-02
nan	1.000000000000000000e+05	1.000000000000000000e+02	nan	4.497873927481691458e-01	6.299879068977003171e-02	4.872047606376198742e-02
nan	1.000000000000000000e+05	1.000000000000000000e+02	nan	4.996648150541090905e-01	6.187113499679982448e-02	4.567851548625213171e-02
nan	1.000000000000000000e+05	1.000000000000000000e+02	nan	5.488532240681252006e-01	5.959692485644394605e-02	4.450198643815139743e-02
nan	1.000000000000000000e+05	1.000000000000000000e+02	nan	5.988940095216094273e-01	5.875128381033557778e-02	4.294932962901765877e-02
nan	1.000000000000000000e+05	1.000000000000000000e+02	nan	6.489143738120219940e-01	5.534448939832598002e-02	3.985181101447887037e-02
nan	1.000000000000000000e+05	1.000000000000000000e+02	nan	6.984012332763768205e-01	5.415578190124428065e-02	4.187788069004214075e-02
nan	1.000000000000000000e+05	1.000000000000000000e+02	nan	7.484115192702119890e-01	5.109152330983533774e-02	3.685500331576319066e-02
nan	1.000000000000000000e+05	1.000000000000000000e+02	nan	7.988871876760412771e-01	5.104339358827436612e-02	3.961315018784856978e-02
nan	1.000000000000000000e+05	1.000000000000000000e+02	nan	8.487435160835048453e-01	5.163268278779258036e-02	3.609551072949422623e-02
nan	1.000000000000000000e+05	1.000000000000000000e+02	nan	8.983338841889463300e-01	5.317733993064941572e-02	3.389300520061433453e-02
nan	1.000000000000000000e+05	1.000000000000000000e+02	nan	9.488921906117411265e-01	5.303940738524033638e-02	3.520553092878101614e-02
nan	1.000000000000000000e+05	1.000000000000000000e+02	nan	9.990833735379510694e-01	5.052216142670547250e-02	3.333743004184235026e-02
nan	1.000000000000000000e+05	1.000000000000000000e+02	nan	9.819356847308753355e-01	4.929604438908095909e-02	3.237375591823514476e-02
nan	1.000000000000000000e+05	1.000000000000000000e+02	nan	1.097854678803150907e+00	4.811865597460954908e-02	3.193858875401559688e-02
nan	1.000000000000000000e+05	1.000000000000000000e+02	nan	1.148449152893772363e+00	5.120763119028768490e-02	3.099826047161833437e-02
nan	1.000000000000000000e+05	1.000000000000000000e+02	nan	1.198789895263598693e+00	4.733417593557022462e-02	3.182234547891437532e-02
nan	1.000000000000000000e+05	1.000000000000000000e+02	nan	1.248599724873793004e+00	4.534159368089038522e-02	2.973290935859535661e-02
nan	1.000000000000000000e+05	1.000000000000000000e+02	nan	1.293468637431442358e+00	4.721583300921996379e-02	3.003479780656344994e-02
nan	1.000000000000000000e+05	1.000000000000000000e+02	nan	1.345614741229337552e+00	4.541137129008382400e-02	2.737085269418595979e-02
nan	1.000000000000000000e+05	1.000000000000000000e+02	nan	1.398881114902087663e+00	4.710921430847474223e-02	2.847117125734923218e-02
nan	1.000000000000000000e+05	1.000000000000000000e+02	nan	1.448969553378674391e+00	4.405566204611473941e-02	2.792864242221556464e-02
nan	1.000000000000000000e+05	1.000000000000000000e+02	nan	1.496904275832912301e+00	4.528779956933019768e-02	2.710084288568540695e-02
nan	1.000000000000000000e+05	1.000000000000000000e+02	nan	1.545096935831270502e+00	4.708902848518846385e-02	2.697233778813112187e-02
nan	1.000000000000000000e+05	1.000000000000000000e+02	nan	1.597783789978848290e+00	4.440081915957690833e-02	2.685177397668648755e-02
nan	1.000000000000000000e+05	1.000000000000000000e+02	nan	1.648405399792773007e+00	4.546278757563422535e-02	2.647444388343224084e-02
nan	1.000000000000000000e+05	1.000000000000000000e+02	nan	1.697410446288540653e+00	4.590683058679127099e-02	2.597563375168306446e-02
nan	1.000000000000000000e+05	1.000000000000000000e+02	nan	1.748415893146284317e+00	4.384055464314939865e-02	2.633320673039234866e-02
nan	1.000000000000000000e+05	1.000000000000000000e+02	nan	1.797605778526622178e+00	4.506642464138046339e-02	2.449607214453853807e-02
nan	1.000000000000000000e+05	1.000000000000000000e+02	nan	1.847089251511351948e+00	4.667703101682547928e-02	2.471145673583328636e-02
nan	1.000000000000000000e+05	1.000000000000000000e+02	nan	1.897486784548664263e+00	4.530578840495094045e-02	2.584946672580077862e-02
nan	1.000000000000000000e+05	1.000000000000000000e+02	nan	1.946330245102262824e+00	4.407575331995518958e-02	2.467572733419159253e-02
nan	1.000000000000000000e+05	1.000000000000000000e+02	nan	1.996941585240165296e+00	4.242722991047338799e-02	2.492796619393559260e-02
nan	1.000000000000000000e+05	1.000000000000000000e+02	nan	9.351885068499529718e-02	1.142555871654231253e-01	1.065187140506819452e-01
nan	1.000000000000000000e+05	1.000000000000000000e+02	nan	1.498970670329811128e-01	8.890488969388346541e-02	8.218759737516194430e-02
nan	1.000000000000000000e+05	1.000000000000000000e+02	nan	1.996949948190035740e-01	8.680115608496101476e-02	7.218325044443178740e-02
nan	1.000000000000000000e+05	1.000000000000000000e+02	nan	2.497256967160524366e-01	7.512473367288746706e-02	6.728896787373754573e-02
nan	1.000000000000000000e+05	1.000000000000000000e+02	nan	2.995838552554005441e-01	7.374041211094392589e-02	6.124974972766421277e-02
nan	1.000000000000000000e+05	1.000000000000000000e+02	nan	3.475628769545210384e-01	6.547112700189804124e-02	5.442792388720579799e-02
nan	1.000000000000000000e+05	1.000000000000000000e+02	nan	3.981532533061340473e-01	6.278859815777992903e-02	5.286802939650625532e-02
nan	1.000000000000000000e+05	1.000000000000000000e+02	nan	4.491314318495142066e-01	6.291247939514844900e-02	4.829132360433062432e-02
nan	1.000000000000000000e+05	1.000000000000000000e+02	nan	4.994781104630874324e-01	5.917359173777133469e-02	4.918857150535332901e-02
nan	1.000000000000000000e+05	1.000000000000000000e+02	nan	5.488016579329724198e-01	5.650801633257684919e-02	4.466248828702056028e-02
nan	1.000000000000000000e+05	1.000000000000000000e+02	nan	5.988608535880984851e-01	5.511705679652913886e-02	4.184668485721714654e-02
nan	1.000000000000000000e+05	1.000000000000000000e+02	nan	6.491306189122496573e-01	5.698091058595240732e-02	4.194588441589858913e-02
nan	1.000000000000000000e+05	1.000000000000000000e+02	nan	6.994583264197217209e-01	5.537647851742283356e-02	4.135405223108539613e-02
nan	1.000000000000000000e+05	1.000000000000000000e+02	nan	7.491496208902844733e-01	5.448695896676817446e-02	3.963135356807125087e-02
nan	1.000000000000000000e+05	1.000000000000000000e+02	nan	7.994812836055416039e-01	5.576738398111973083e-02	3.712566270253861433e-02
nan	1.000000000000000000e+05	1.000000000000000000e+02	nan	8.475290101382142449e-01	5.225337612022462608e-02	3.596319564782170242e-02
nan	1.000000000000000000e+05	1.000000000000000000e+02	nan	8.992305048385560440e-01	5.089212539349385889e-02	3.453042075063748190e-02
nan	1.000000000000000000e+05	1.000000000000000000e+02	nan	9.487860122610527469e-01	5.405384151515148228e-02	3.476817399888937343e-02
nan	1.000000000000000000e+05	1.000000000000000000e+02	nan	9.973517413634909179e-01	5.124864617543082451e-02	3.362856171640246639e-02
nan	1.000000000000000000e+05	1.000000000000000000e+02	nan	1.046894776731869481e+00	4.957757371390628803e-02	3.216957758912149246e-02
nan	1.000000000000000000e+05	1.000000000000000000e+02	nan	1.098700816522068635e+00	4.782231159400920223e-02	3.269883033289117807e-02
nan	1.000000000000000000e+05	1.000000000000000000e+02	nan	1.145161088024269747e+00	4.626287956611085939e-02	2.981008190683383588e-02
nan	1.000000000000000000e+05	1.000000000000000000e+02	nan	1.198411438275115870e+00	4.668396105720601375e-02	2.938178116677640089e-02
nan	1.000000000000000000e+05	1.000000000000000000e+02	nan	1.243167226363266264e+00	4.685615327460442708e-02	3.117222352154177395e-02
nan	1.000000000000000000e+05	1.000000000000000000e+02	nan	1.296288878619907381e+00	4.706082846119367946e-02	2.939831931448973548e-02
nan	1.000000000000000000e+05	1.000000000000000000e+02	nan	1.344246890913836978e+00	4.707117479038054608e-02	2.741811634779096549e-02
nan	1.000000000000000000e+05	1.000000000000000000e+02	nan	1.396750474451710078e+00	4.819191570642546857e-02	2.965370002458072446e-02
nan	1.000000000000000000e+05	1.000000000000000000e+02	nan	1.446819873135018586e+00	4.546495982503218070e-02	2.793228726633336517e-02
nan	1.000000000000000000e+05	1.000000000000000000e+02	nan	1.498824778794460189e+00	4.824215337861305353e-02	2.615750706373927773e-02
nan	1.000000000000000000e+05	1.000000000000000000e+02	nan	1.540102921324478347e+00	4.603767829679942386e-02	2.741766527463542283e-02
nan	1.000000000000000000e+05	1.000000000000000000e+02	nan	1.598419982592258703e+00	4.661246379863599743e-02	2.663107471271890930e-02
nan	1.000000000000000000e+05	1.000000000000000000e+02	nan	1.647929705949400248e+00	4.360411807935851008e-02	2.748279983464514339e-02
nan	1.000000000000000000e+05	1.000000000000000000e+02	nan	1.588376601747627737e+00	4.559680512191009727e-02	2.661602141255613521e-02
nan	1.000000000000000000e+05	1.000000000000000000e+02	nan	1.746371353345648414e+00	4.657722034161383695e-02	2.428540002705949913e-02
nan	1.000000000000000000e+05	1.000000000000000000e+02	nan	1.798184705795665694e+00	4.321052731076173437e-02	2.620092072046101978e-02
nan	1.000000000000000000e+05	1.000000000000000000e+02	nan	1.847820674737522539e+00	4.421524532329819401e-02	2.490432812513396210e-02
nan	1.000000000000000000e+05	1.000000000000000000e+02	nan	1.895198510782756696e+00	4.599731493281357386e-02	2.378272509143648794e-02
nan	1.000000000000000000e+05	1.000000000000000000e+02	nan	1.947919978908066785e+00	4.630258737200514813e-02	2.355873265332400490e-02
nan	1.000000000000000000e+05	1.000000000000000000e+02	nan	1.993730290703979335e+00	4.399967352221465650e-02	2.395058246141633373e-02
nan	1.000000000000000000e+05	1.000000000000000000e+02	nan	9.348159626761423646e-02	1.135691928658682237e-01	1.048371643033743361e-01
nan	1.000000000000000000e+05	1.000000000000000000e+02	nan	1.497942218104696965e-01	9.021926350276790463e-02	8.886586647271459138e-02
nan	1.000000000000000000e+05	1.000000000000000000e+02	nan	1.998045159350340383e-01	8.188455400668366579e-02	7.501599581139728468e-02
nan	1.000000000000000000e+05	1.000000000000000000e+02	nan	2.337651666753250146e-01	7.399449185853357314e-02	7.155892164353989948e-02
nan	1.000000000000000000e+05	1.000000000000000000e+02	nan	2.996966928038091171e-01	6.880021538707910278e-02	6.044843201509648989e-02
nan	1.000000000000000000e+05	1.000000000000000000e+02	nan	3.495632027247665974e-01	6.443839240922005773e-02	5.664545596622583279e-02
nan	1.000000000000000000e+05	1.000000000000000000e+02	nan	3.992519542593299664e-01	6.364616013453407162e-02	5.027627363418381290e-02
nan	1.000000000000000000e+05	1.000000000000000000e+02	nan	4.204744034440052181e-01	5.926392906138990696e-02	5.013041765004520867e-02
nan	1.000000000000000000e+05	1.000000000000000000e+02	nan	4.974691470348148181e-01	5.973905769412328481e-02	4.977496946060534777e-02
nan	1.000000000000000000e+05	1.000000000000000000e+02	nan	5.491556240160206936e-01	5.844875701547029567e-02	4.625896017017426531e-02
nan	1.000000000000000000e+05	1.000000000000000000e+02	nan	5.993845721363186829e-01	5.634165419657464341e-02	4.140978762590372120e-02
nan	1.000000000000000000e+05	1.000000000000000000e+02	nan	6.492137525561929579e-01	5.558862351222123438e-02	4.155959373231254972e-02
nan	1.000000000000000000e+05	1.000000000000000000e+02	nan	6.991378872323593674e-01	5.438714521456437800e-02	4.186798300685965618e-02
nan	1.000000000000000000e+05	1.000000000000000000e+02	nan	7.483484327458654883e-01	5.560490144070064783e-02	3.841188582099064330e-02
nan	1.000000000000000000e+05	1.000000000000000000e+02	nan	7.992174466077586192e-01	5.212311939425434693e-02	3.982134826624639246e-02
nan	1.000000000000000000e+05	1.000000000000000000e+02	nan	8.437206642071259921e-01	5.374611881550337561e-02	3.663187416929786916e-02
nan	1.000000000000000000e+05	1.000000000000000000e+02	nan	8.988982732195609504e-01	5.110985727571300263e-02	3.708356748010981085e-02
nan	1.000000000000000000e+05	1.000000000000000000e+02	nan	9.488667771723612310e-01	5.200612508095003861e-02	3.517845403648799107e-02
nan	1.000000000000000000e+05	1.000000000000000000e+02	nan	9.989877709926304750e-01	4.966430811770600195e-02	3.212031890951253660e-02
nan	1.000000000000000000e+05	1.000000000000000000e+02	nan	1.047624430737550849e+00	5.068477824491816885e-02	3.278170726587446848e-02
nan	1.000000000000000000e+05	1.000000000000000000e+02	nan	1.098205564981117321e+00	4.746867128345010067e-02	3.155068536708032639e-02
nan	1.000000000000000000e+05	1.000000000000000000e+02	nan	1.148574675451300209e+00	4.902654421677661578e-02	3.064254836129740728e-02
nan	1.000000000000000000e+05	1.000000000000000000e+02	nan	1.198239411251506681e+00	4.814008860437555409e-02	3.136206147143132811e-02
nan	1.000000000000000000e+05	1.000000000000000000e+02	nan	1.248786493040916046e+00	4.669904723345341679e-02	3.053268142533581767e-02
nan	1.000000000000000000e+05	1.000000000000000000e+02	nan	1.297897781230722192e+00	4.647435253946816808e-02	2.791037828037403259e-02
nan	1.000000000000000000e+05	1.000000000000000000e+02	nan	1.348323345100834514e+00	4.738122406957366584e-02	2.833072943629887791e-02
nan	1.000000000000000000e+05	1.000000000000000000e+02	nan	1.393597537014693355e+00	4.640536231048752319e-02	2.816106217898350222e-02
nan	1.000000000000000000e+05	1.000000000000000000e+02	nan	1.447477071687944816e+00	4.739556341061565425e-02	2.716622286279868348e-02
nan	1.000000000000000000e+05	1.000000000000000000e+02	nan	1.495225988773700054e+00	4.636062574741465353e-02	2.877086637891464876e-02
nan	1.000000000000000000e+05	1.000000000000000000e+02	nan	1.546771636582980225e+00	4.682928053016941622e-02	2.705511911789527588e-02
nan	1.000000000000000000e+05	1.000000000000000000e+02	nan	1.598030761890686380e+00	4.679579327770323760e-02	2.631630924747208056e-02
nan	1.000000000000000000e+05	1.000000000000000000e+02	nan	1.647593584651894982e+00	4.457933934653406094e-02	2.550790404607635245e-02
nan	1.000000000000000000e+05	1.000000000000000000e+02	nan	1.698150768167624891e+00	4.618104582811972947e-02	2.517104691098835320e-02
nan	1.000000000000000000e+05	1.000000000000000000e+02	nan	1.742686129997946365e+00	4.426227431975320037e-02	2.659513239106435847e-02
nan	1.000000000000000000e+05	1.000000000000000000e+02	nan	1.675835615714396543e+00	4.407698216722423512e-02	2.539519350680130572e-02
nan	1.000000000000000000e+05	1.000000000000000000e+02	nan	1.845462585254199483e+00	4.665395614101331551e-02	2.373070136998152793e-02
nan	1.000000000000000000e+05	1.000000000000000000e+02	nan	1.892518866592536098e+00	4.322124469884121301e-02	2.369458024872235502e-02
nan	1.000000000000000000e+05	1.000000000000000000e+02	nan	1.947421084547977355e+00	4.143875041862939146e-02	2.430805179460474377e-02
nan	1.000000000000000000e+05	1.000000000000000000e+02	nan	1.998511010769880247e+00	4.388190482148156268e-02	2.414184264412892050e-02
nan	1.000000000000000000e+05	1.000000000000000000e+02	nan	9.340614319691747935e-02	1.130132441184907577e-01	1.080956838811178156e-01
nan	1.000000000000000000e+05	1.000000000000000000e+02	nan	1.498864396159660939e-01	9.654272191509713497e-02	8.228156386723972648e-02
nan	1.000000000000000000e+05	1.000000000000000000e+02	nan	1.997788562354799180e-01	8.099176662977401742e-02	7.288232350777194835e-02
nan	1.000000000000000000e+05	1.000000000000000000e+02	nan	2.496179052707759582e-01	7.837238494678022693e-02	6.633122266034396919e-02
nan	1.000000000000000000e+05	1.000000000000000000e+02	nan	2.997067374273910678e-01	7.482760737007525254e-02	6.161486626669826494e-02
nan	1.000000000000000000e+05	1.000000000000000000e+02	nan	3.470863134256433336e-01	6.699313507231410836e-02	5.519598995749498693e-02
nan	1.000000000000000000e+05	1.000000000000000000e+02	nan	3.996219662262092132e-01	6.851151071107169921e-02	5.552573672666692023e-02
nan	1.000000000000000000e+05	1.000000000000000000e+02	nan	4.487111790383778720e-01	6.205602418501889733e-02	4.683703697864103482e-02
nan	1.000000000000000000e+05	1.000000000000000000e+02	nan	4.975116290227674654e-01	6.218162424957728029e-02	4.781417018362824067e-02
nan	1.000000000000000000e+05	1.000000000000000000e+02	nan	5.474972918828825419e-01	5.775503576265707956e-02	4.596230268555599047e-02
nan	1.000000000000000000e+05	1.000000000000000000e+02	nan	5.994790077102607473e-01	5.624987961982208517e-02	4.159570105496726566e-02
nan	1.000000000000000000e+05	1.000000000000000000e+02	nan	6.078369857603134196e-01	5.514449773705417529e-02	4.256553925370907404e-02
nan	1.000000000000000000e+05	1.000000000000000000e+02	nan	6.987456446425767131e-01	5.597375367037375066e-02	3.924644682905729237e-02
nan	1.000000000000000000e+05	1.000000000000000000e+02	nan	7.489661772492126612e-01	5.368022547450099907e-02	3.829711988568031827e-02
nan	1.000000000000000000e+05	1.000000000000000000e+02	nan	7.990593334177674700e-01	5.270395984941187578e-02	3.674047899055458977e-02
nan	1.000000000000000000e+05	1.000000000000000000e+02	nan	8.493582488549236142e-01	5.113270545759548286e-02	3.745680484290318801e-02
nan	1.000000000000000000e+05	1.000000000000000000e+02	nan	8.973350313288165347e-01	5.045339267359074537e-02	3.621395444334066932e-02
nan	1.000000000000000000e+05	1.000000000000000000e+02	nan	9.474808442791754493e-01	5.056993850502083943e-02	3.458820600970223536e-02
nan	1.000000000000000000e+05	1.000000000000000000e+02	nan	9.981306433878899265e-01	4.914028088115299925e-02	3.332528115045305800e-02
nan	1.000000000000000000e+05	1.000000000000000000e+02	nan	1.048010633521835100e+00	4.937779301397707266e-02	3.383432195184628288e-02
nan	1.000000000000000000e+05	1.000000000000000000e+02	nan	1.098542260592239472e+00	5.266117825684431264e-02	3.075573640594614355e-02
nan	1.000000000000000000e+05	1.000000000000000000e+02	nan	1.148009696977169369e+00	4.921369700380620604e-02	2.999665346247386982e-02
nan	1.000000000000000000e+05	1.000000000000000000e+02	nan	1.196652697268927978e+00	5.017230494868928081e-02	3.011112015701866707e-02
nan	1.000000000000000000e+05	1.000000000000000000e+02	nan	1.248188549913766154e+00	4.679955530009447667e-02	2.949343396784718380e-02
nan	1.000000000000000000e+05	1.000000000000000000e+02	nan	1.298848225360961894e+00	4.519454173613195874e-02	2.869648596872962504e-02
nan	1.000000000000000000e+05	1.000000000000000000e+02	nan	1.346561956892128320e+00	4.812911404418089567e-02	2.894919990958647743e-02
nan	1.000000000000000000e+05	1.000000000000000000e+02	nan	1.397771770659437696e+00	4.587652628678477729e-02	2.856004125419272024e-02
nan	1.000000000000000000e+05	1.000000000000000000e+02	nan	1.446977233902771331e+00	4.388511668776109292e-02	2.791719124488626844e-02
nan	1.000000000000000000e+05	1.000000000000000000e+02	nan	1.493335805178685360e+00	4.823931249924069686e-02	2.754061429684030032e-02
nan	1.000000000000000000e+05	1.000000000000000000e+02	nan	1.548270805011134232e+00	4.839852774297159071e-02	2.684202510099758382e-02
nan	1.000000000000000000e+05	1.000000000000000000e+02	nan	1.596916458342411804e+00	4.729417367902182673e-02	2.759617067776762994e-02
nan	1.000000000000000000e+05	1.000000000000000000e+02	nan	1.648575511614944755e+00	4.590869368680641077e-02	2.681303644606947145e-02
nan	1.000000000000000000e+05	1.000000000000000000e+02	nan	1.697519601904605269e+00	4.316118866909072344e-02	2.740864495432850448e-02
nan	1.000000000000000000e+05	1.000000000000000000e+02	nan	1.747458950072177775e+00	4.619467225793093268e-02	2.545351381941517860e-02
nan	1.000000000000000000e+05	1.000000000000000000e+02	nan	1.799036316046976891e+00	4.538221194902557210e-02	2.546231720370322263e-02
nan	1.000000000000000000e+05	1.000000000000000000e+02	nan	1.847379052369297003e+00	4.420327871882091808e-02	2.433683201202706259e-02
nan	1.000000000000000000e+05	1.000000000000000000e+02	nan	1.898217809471634654e+00	4.332846539279890108e-02	2.451790640729959239e-02
nan	1.000000000000000000e+05	1.000000000000000000e+02	nan	1.947369837124369951e+00	4.335353923376715490e-02	2.385645206615633063e-02
nan	1.000000000000000000e+05	1.000000000000000000e+02	nan	1.997717288025069093e+00	4.558844757362202210e-02	2.474622967646619709e-02
nan	1.000000000000000000e+05	1.000000000000000000e+02	nan	9.940980413153965856e-02	1.065889115606340337e-01	1.060252145763286996e-01
nan	1.000000000000000000e+05	1.000000000000000000e+02	nan	1.498395877490622807e-01	8.999159972368664384e-02	8.384435581890173350e-02
nan	1.000000000000000000e+05	1.000000000000000000e+02	nan	1.998527029463446070e-01	8.373482061822185019e-02	7.392998079258314426e-02
nan	1.000000000000000000e+05	1.000000000000000000e+02	nan	2.495928406675034239e-01	7.427761198479976290e-02	6.663402615816341190e-02
nan	1.000000000000000000e+05	1.000000000000000000e+02	nan	2.995516290526552550e-01	6.981502565742492283e-02	6.225494815751277805e-02
nan	1.000000000000000000e+05	1.000000000000000000e+02	nan	3.492172761052529384e-01	6.421357792755827409e-02	5.803790820793119920e-02
nan	1.000000000000000000e+05	1.000000000000000000e+02	nan	3.996325619275012397e-01	6.690611424799805529e-02	5.140397628906965416e-02
nan	1.000000000000000000e+05	1.000000000000000000e+02	nan	4.479664047016740369e-01	6.322228753106946819e-02	4.965990271994896038e-02
nan	1.000000000000000000e+05	1.000000000000000000e+02	nan	4.993046647206370037e-01	5.754968812934232320e-02	4.458545068549211315e-02
nan	1.000000000000000000e+05	1.000000000000000000e+02	nan	5.493965069398200063e-01	5.747500356288291756e-02	4.392209820409003623e-02
nan	1.000000000000000000e+05	1.000000000000000000e+02	nan	5.993924731356627955e-01	5.711997503334166615e-02	4.121746452396107818e-02
nan	1.000000000000000000e+05	1.000000000000000000e+02	nan	6.496574934001045909e-01	5.472337600850529782e-02	4.160882325877630905e-02
nan	1.000000000000000000e+05	1.000000000000000000e+02	nan	6.985513930610978139e-01	5.607487353483465997e-02	4.178295076487131832e-02
nan	1.000000000000000000e+05	1.000000000000000000e+02	nan	7.485947912127812742e-01	5.377977039577945539e-02	3.722995810654929072e-02
nan	1.000000000000000000e+05	1.000000000000000000e+02	nan	7.992469406851114844e-01	5.201167319195033889e-02	3.721274945720598470e-02
nan	1.000000000000000000e+05	1.000000000000000000e+02	nan	8.485991109030237567e-01	5.275124806303256586e-02	3.536721599126707583e-02
nan	1.000000000000000000e+05	1.000000000000000000e+02	nan	8.986208589685930059e-01	5.201220557869404987e-02	3.502993621479534581e-02
nan	1.000000000000000000e+05	1.000000000000000000e+02	nan	9.480800456176894375e-01	5.182870603873002135e-02	3.367490518737144972e-02
nan	1.000000000000000000e+05	1.000000000000000000e+02	nan	9.975968142508918612e-01	5.131506038331828945e-02	3.416840534414550268e-02
nan	1.000000000000000000e+05	1.000000000000000000e+02	nan	1.048126475656590673e+00	5.015325917141154333e-02	3.211256297151435929e-02
nan	1.000000000000000000e+05	1.000000000000000000e+02	nan	1.095943699779536429e+00	4.824533794205376064e-02	3.322116039438906959e-02
nan	1.000000000000000000e+05	1.000000000000000000e+02	nan	1.147569739050595672e+00	5.024135476057191296e-02	2.959777162152750149e-02
nan	1.000000000000000000e+05	1.000000000000000000e+02	nan	1.197028452150016076e+00	4.838254714407606849e-02	3.009260824314053881e-02
nan	1.000000000000000000e+05	1.000000000000000000e+02	nan	1.248544554599811729e+00	5.113137175447688559e-02	2.958015466292088225e-02
nan	1.000000000000000000e+05	1.000000000000000000e+02	nan	1.293351159730900646e+00	4.696621372421540264e-02	3.104487258348203119e-02
nan	1.000000000000000000e+05	1.000000000000000000e+02	nan	1.348596394629021145e+00	4.762896742318428051e-02	2.960018688971000067e-02
nan	1.000000000000000000e+05	1.000000000000000000e+02	nan	1.398448382158812731e+00	4.777292176488999453e-02	2.760181999566035244e-02
nan	1.000000000000000000e+05	1.000000000000000000e+02	nan	1.355413793444564252e+00	4.643956005342588650e-02	2.812334322068060777e-02
nan	1.000000000000000000e+05	1.000000000000000000e+02	nan	1.499431981989755469e+00	4.898359033412347935e-02	2.714896230347212808e-02
nan	1.000000000000000000e+05	1.000000000000000000e+02	nan	1.548228301977451427e+00	4.560545277671650133e-02	2.653980434529076143e-02
nan	1.000000000000000000e+05	1.000000000000000000e+02	nan	1.594188295098001529e+00	4.568462745355149346e-02	2.641621493467107701e-02
nan	1.000000000000000000e+05	1.000000000000000000e+02	nan	1.543048593563602466e+00	4.567027630146840156e-02	2.780931640428219859e-02
nan	1.000000000000000000e+05	1.000000000000000000e+02	nan	1.694324142630330154e+00	4.475350111848806073e-02	2.504134783010898008e-02
nan	1.000000000000000000e+05	1.000000000000000000e+02	nan	1.748005322102744730e+00	4.543169769684800990e-02	2.573753940641449606e-02
nan	1.000000000000000000e+05	1.000000000000000000e+02	nan	1.797242656840990049e+00	4.445788915755106985e-02	2.434167873556074974e-02
nan	1.000000000000000000e+05	1.000000000000000000e+02	nan	1.847547319201521487e+00	4.395533318395762612e-02	2.506247602728484125e-02
nan	1.000000000000000000e+05	1.000000000000000000e+02	nan	1.889740638590637900e+00	4.573274317542885131e-02	2.520693687919742937e-02
nan	1.000000000000000000e+05	1.000000000000000000e+02	nan	1.943575137817833864e+00	4.349352000559543463e-02	2.424315897346832754e-02
nan	1.000000000000000000e+05	1.000000000000000000e+02	nan	1.997297166288717563e+00	4.363945931636536990e-02	2.378392712738847461e-02
nan	1.000000000000000000e+05	1.000000000000000000e+02	nan	9.994928574319601744e-02	1.085472532484867969e-01	1.050012443025053060e-01
nan	1.000000000000000000e+05	1.000000000000000000e+02	nan	1.498936534328606796e-01	9.392562876564831964e-02	9.082233719083873669e-02
nan	1.000000000000000000e+05	1.000000000000000000e+02	nan	1.994954969161824576e-01	8.376409017570095317e-02	7.413447920016318082e-02
nan	1.000000000000000000e+05	1.000000000000000000e+02	nan	2.496805587214168953e-01	7.309524127585614872e-02	6.739876610392156464e-02
nan	1.000000000000000000e+05	1.000000000000000000e+02	nan	2.997149028297713125e-01	6.913434606168064600e-02	5.924171088701855881e-02
nan	1.000000000000000000e+05	1.000000000000000000e+02	nan	3.489200985276397771e-01	6.606943186503537457e-02	5.647714803851864446e-02
nan	1.000000000000000000e+05	1.000000000000000000e+02	nan	3.992519578412156989e-01	6.446552884839891473e-02	5.270696078741008567e-02
nan	1.000000000000000000e+05	1.000000000000000000e+02	nan	4.204624022367171032e-01	6.317200112978504922e-02	5.000487663082538170e-02
nan	1.000000000000000000e+05	1.000000000000000000e+02	nan	4.991614145635935307e-01	5.921861643581387280e-02	4.470143238808597930e-02
nan	1.000000000000000000e+05	1.000000000000000000e+02	nan	5.489032582144318662e-01	5.827161363114308212e-02	4.429049562597185685e-02
nan	1.000000000000000000e+05	1.000000000000000000e+02	nan	5.982999616496271766e-01	5.441271419316362490e-02	4.175044153246547374e-02
nan	1.000000000000000000e+05	1.000000000000000000e+02	nan	6.488280567406718990e-01	5.407540800678985182e-02	4.297565580109953542e-02
nan	1.000000000000000000e+05	1.000000000000000000e+02	nan	6.989109637427418642e-01	5.578646235845836909e-02	4.170016387137995967e-02
nan	1.000000000000000000e+05	1.000000000000000000e+02	nan	7.488103583335486979e-01	5.394200469316536711e-02	3.870797891554648984e-02
nan	1.000000000000000000e+05	1.000000000000000000e+02	nan	7.958804386355950999e-01	5.292729086661736304e-02	3.863341400973852036e-02
nan	1.000000000000000000e+05	1.000000000000000000e+02	nan	8.489774107446237394e-01	5.285851230237416376e-02	3.626267376862740699e-02
nan	1.000000000000000000e+05	1.000000000000000000e+02	nan	8.987732665456178438e-01	5.363879694777264062e-02	3.742733338426027651e-02
nan	1.000000000000000000e+05	1.000000000000000000e+02	nan	9.491727234144946568e-01	4.946658145982350818e-02	3.285295717724379810e-02
nan	1.000000000000000000e+05	1.000000000000000000e+02	nan	9.984347732045989465e-01	4.939137888968219564e-02	3.376555740490780333e-02
nan	1.000000000000000000e+05	1.000000000000000000e+02	nan	1.048743598836563207e+00	4.838326657463527802e-02	3.404760971753349047e-02
nan	1.000000000000000000e+05	1.000000000000000000e+02	nan	1.099479968383093365e+00	5.179139331649355860e-02	3.291740179662575733e-02
nan	1.000000000000000000e+05	1.000000000000000000e+02	nan	1.074270656416701497e+00	4.826931054108762192e-02	3.252928855216323523e-02
nan	1.000000000000000000e+05	1.000000000000000000e+02	nan	1.196699850860386549e+00	4.647476854365496096e-02	3.059978393228218740e-02
nan	1.000000000000000000e+05	1.000000000000000000e+02	nan	1.247506874286136824e+00	4.941948004595567850e-02	2.917948126596879924e-02
nan	1.000000000000000000e+05	1.000000000000000000e+02	nan	1.297620245102507397e+00	4.565971630023973882e-02	3.096294268445978076e-02
nan	1.000000000000000000e+05	1.000000000000000000e+02	nan	1.348798829478209838e+00	4.661594598462218131e-02	2.958137785969703476e-02
nan	1.000000000000000000e+05	1.000000000000000000e+02	nan	1.397471411059950652e+00	4.777660169913505728e-02	2.963452715452227770e-02
nan	1.000000000000000000e+05	1.000000000000000000e+02	nan	1.447496960648140929e+00	4.565945352927429368e-02	2.708885756016164020e-02
nan	1.000000000000000000e+05	1.000000000000000000e+02	nan	1.498547280247521485e+00	4.693050293956778363e-02	2.700958346272003957e-02
nan	1.000000000000000000e+05	1.000000000000000000e+02	nan	1.547406982784377716e+00	4.674950206391553786e-02	2.680969488979945137e-02
nan	1.000000000000000000e+05	1.000000000000000000e+02	nan	1.596309682658829887e+00	4.502546806179470729e-02	2.656561691452895974e-02
nan	1.000000000000000000e+05	1.000000000000000000e+02	nan	1.647760026312698800e+00	4.512658002244378935e-02	2.592995272022362643e-02
nan	1.000000000000000000e+05	1.000000000000000000e+02	nan	1.695662616469781003e+00	4.447387457472235656e-02	2.484808982725701318e-02
nan	1.000000000000000000e+05	1.000000000000000000e+02	nan	1.747957678218972521e+00	4.705100661651935579e-02	2.531122978021701012e-02
nan	1.000000000000000000e+05	1.000000000000000000e+02	nan	1.789088404914900732e+00	4.659362515146393824e-02	2.454289241984250469e-02
nan	1.000000000000000000e+05	1.000000000000000000e+02	nan	1.839853946924404182e+00	4.290539749070797215e-02	2.470234801118386878e-02
nan	1.000000000000000000e+05	1.000000000000000000e+02	nan	1.896636087699289375e+00	4.418481808426193147e-02	2.516880296628414351e-02
nan	1.000000000000000000e+05	1.000000000000000000e+02	nan	1.948368625666808018e+00	4.317850091823251940e-02	2.352000997342770794e-02
nan	1.000000000000000000e+05	1.000000000000000000e+02	nan	1.966282902863667914e+00	4.319200468077902949e-02	2.320469109164779303e-02
nan	1.000000000000000000e+05	1.000000000000000000e+02	nan	9.981279483616560533e-02	1.088841301911773335e-01	1.055917173280367105e-01
nan	1.000000000000000000e+05	1.000000000000000000e+02	nan	1.498422742693605869e-01	9.181690604184644666e-02	8.852754750158900454e-02
nan	1.000000000000000000e+05	1.000000000000000000e+02	nan	1.997934198463667543e-01	8.146211527976181255e-02	7.336591551587663684e-02
nan	1.000000000000000000e+05	1.000000000000000000e+02	nan	2.495077613805847250e-01	7.323955908233752143e-02	6.616398049922318780e-02
nan	1.000000000000000000e+05	1.000000000000000000e+02	nan	2.993233447494276223e-01	6.867975055644555404e-02	6.124486932696303343e-02
nan	1.000000000000000000e+05	1.000000000000000000e+02	nan	3.496704120405411120e-01	6.656607898291222458e-02	5.412996797505979785e-02
nan	1.000000000000000000e+05	1.000000000000000000e+02	nan	3.994192070982990339e-01	6.449805576123841810e-02	5.240096809109780901e-02
nan	1.000000000000000000e+05	1.000000000000000000e+02	nan	4.483453176312082178e-01	6.256138160782462321e-02	4.718583779623816005e-02
nan	1.000000000000000000e+05	1.000000000000000000e+02	nan	4.989020226888442044e-01	6.074609827870136591e-02	4.827302052931868592e-02
nan	1.000000000000000000e+05	1.000000000000000000e+02	nan	5.495623129273099483e-01	5.596941965041476313e-02	4.563463213973377453e-02
nan	1.000000000000000000e+05	1.000000000000000000e+02	nan	5.982492913271244550e-01	5.424198536705993057e-02	4.303018933275913616e-02
nan	1.000000000000000000e+05	1.000000000000000000e+02	nan	6.487608601086322091e-01	5.829264339938663303e-02	4.257461692866344738e-02
nan	1.000000000000000000e+05	1.000000000000000000e+02	nan	6.546944121570861252e-01	5.558516672859976915e-02	3.976769371578876833e-02
nan	1.000000000000000000e+05	1.000000000000000000e+02	nan	7.494229256679773021e-01	5.217416043382576418e-02	3.811817804938312515e-02
nan	1.000000000000000000e+05	1.000000000000000000e+02	nan	7.990983815214803831e-01	5.075334229399498798e-02	3.872421352951745110e-02
nan	1.000000000000000000e+05	1.000000000000000000e+02	nan	8.492735269066316039e-01	5.101853396505304922e-02	3.632647757171678093e-02
nan	1.000000000000000000e+05	1.000000000000000000e+02	nan	8.983280435251799201e-01	5.219269650033030172e-02	3.707637121046111067e-02
nan	1.000000000000000000e+05	1.000000000000000000e+02	nan	9.488542540891785615e-01	5.136909593057539108e-02	3.419152844713433531e-02
nan	1.000000000000000000e+05	1.000000000000000000e+02	nan	9.985009633137224005e-01	4.830516845439161711e-02	3.370637463267932288e-02
nan	1.000000000000000000e+05	1.000000000000000000e+02	nan	1.047090800404930633e+00	5.080255728081904676e-02	3.315230657003470638e-02
nan	1.000000000000000000e+05	1.000000000000000000e+02	nan	1.097495490293249443e+00	4.789171685296856468e-02	3.092465845335711644e-02
nan	1.000000000000000000e+05	1.000000000000000000e+02	nan	1.148937057820103247e+00	4.951520025722896956e-02	3.210680158992483546e-02
nan	1.000000000000000000e+05	1.000000000000000000e+02	nan	1.197115237138359545e+00	4.918748457169837968e-02	2.963773967609826740e-02
nan	1.000000000000000000e+05	1.000000000000000000e+02	nan	1.247651936120655503e+00	4.823088755522858539e-02	3.005406808382321548e-02
nan	1.000000000000000000e+05	1.000000000000000000e+02	nan	1.292212409772537374e+00	4.659909178033286997e-02	2.843726329230751929e-02
nan	1.000000000000000000e+05	1.000000000000000000e+02	nan	1.340820167254787476e+00	4.640170909119697984e-02	2.868924151313893139e-02
nan	1.000000000000000000e+05	1.000000000000000000e+02	nan	1.396643683186448381e+00	4.365749055807997825e-02	2.839369182856266161e-02
nan	1.000000000000000000e+05	1.000000000000000000e+02	nan	1.448061121650562111e+00	4.576847283394987198e-02	2.755722178222939217e-02
nan	1.000000000000000000e+05	1.000000000000000000e+02	nan	1.497108076722633907e+00	4.568947969587548036e-02	2.654238891211031445e-02
nan	1.000000000000000000e+05	1.000000000000000000e+02	nan	1.547015347664000728e+00	4.714939988952281114e-02	2.665679562737848646e-02
nan	1.000000000000000000e+05	1.000000000000000000e+02	nan	1.598152320899180356e+00	4.505296640669934072e-02	2.550295526565117196e-02
nan	1.000000000000000000e+05	1.000000000000000000e+02	nan	1.642956125523096444e+00	4.666496708017782435e-02	2.583979127585327509e-02
nan	1.000000000000000000e+05	1.000000000000000000e+02	nan	1.698672666129550590e+00	4.561781380728292812e-02	2.549851935049810697e-02
nan	1.000000000000000000e+05	1.000000000000000000e+02	nan	1.745919673244043180e+00	4.407556978577299722e-02	2.497279812521730619e-02
nan	1.000000000000000000e+05	1.000000000000000000e+02	nan	1.796084158130497599e+00	4.425446272751566018e-02	2.623148041250922963e-02
nan	1.000000000000000000e+05	1.000000000000000000e+02	nan	1.847993335382579927e+00	4.624730855647402050e-02	2.481921715400058071e-02
nan	1.000000000000000000e+05	1.000000000000000000e+02	nan	1.893466502409455687e+00	4.532640966499905388e-02	2.539873477445856592e-02
nan	1.000000000000000000e+05	1.000000000000000000e+02	nan	1.947668056655902591e+00	4.344900611528500212e-02	2.510668737287444913e-02
nan	1.000000000000000000e+05	1.000000000000000000e+02	nan	1.995746280001321704e+00	4.376262810033494655e-02	2.441515540165095990e-02
nan	1.000000000000000000e+05	1.000000000000000000e+02	nan	9.329048814824783542e-02	1.118316541906694550e-01	1.064686378439553688e-01
nan	1.000000000000000000e+05	1.000000000000000000e+02	nan	1.495661035817420215e-01	9.785054869457976423e-02	8.529063349089587021e-02
nan	1.000000000000000000e+05	1.000000000000000000e+02	nan	1.998294314956467477e-01	8.125394570518088000e-02	7.847433168824534400e-02
nan	1.000000000000000000e+05	1.000000000000000000e+02	nan	2.491050222522062652e-01	7.374427568164784730e-02	6.339046383850928390e-02
nan	1.000000000000000000e+05	1.000000000000000000e+02	nan	2.994838931635058765e-01	7.071056835781260042e-02	5.785634582243989049e-02
nan	1.000000000000000000e+05	1.000000000000000000e+02	nan	3.491629618089291398e-01	6.704837524991003050e-02	5.456479902649265246e-02
nan	1.000000000000000000e+05	1.000000000000000000e+02	nan	3.994732065027960521e-01	6.151460681383406209e-02	5.199667813784489973e-02
nan	1.000000000000000000e+05	1.000000000000000000e+02	nan	4.494488277099890072e-01	5.984240353264431989e-02	4.881762314954919690e-02
nan	1.000000000000000000e+05	1.000000000000000000e+02	nan	4.995952341720567569e-01	5.686918322966065531e-02	4.805418223884581896e-02
nan	1.000000000000000000e+05	1.000000000000000000e+02	nan	5.494780874966863626e-01	5.718947382901076043e-02	4.442820705489518296e-02
nan	1.000000000000000000e+05	1.000000000000000000e+02	nan	5.996487169968987008e-01	5.729781022062389872e-02	4.389990186971918368e-02
nan	1.000000000000000000e+05	1.000000000000000000e+02	nan	6.492118098963374218e-01	5.711814719957571812e-02	4.140164088478115456e-02
nan	1.000000000000000000e+05	1.000000000000000000e+02	nan	6.984564004997310116e-01	5.313001344582359009e-02	3.849461311266124536e-02
nan	1.000000000000000000e+05	1.000000000000000000e+02	nan	7.486293596974291642e-01	5.109186677187291942e-02	3.869711221773101950e-02
nan	1.000000000000000000e+05	1.000000000000000000e+02	nan	7.990611094755649679e-01	5.353811101834678177e-02	3.566548689800580485e-02
nan	1.000000000000000000e+05	1.000000000000000000e+02	nan	8.490120524468693919e-01	5.377001033496333487e-02	3.522725029535071078e-02
nan	1.000000000000000000e+05	1.000000000000000000e+02	nan	8.931060911434997029e-01	5.211641155804345310e-02	3.501578345201316472e-02
nan	1.000000000000000000e+05	1.000000000000000000e+02	nan	9.484453940282264739e-01	5.076524747383104330e-02	3.442278437688474357e-02
nan	1.000000000000000000e+05	1.000000000000000000e+02	nan	9.958046341095041498e-01	5.131994000068824946e-02	3.306620118507459100e-02
nan	1.000000000000000000e+05	1.000000000000000000e+02	nan	1.047472759942956966e+00	4.996786566080375913e-02	3.388690749496236360e-02
nan	1.000000000000000000e+05	1.000000000000000000e+02	nan	1.097571079868294053e+00	4.799148579496372719e-02	3.183735749625669909e-02
nan	1.000000000000000000e+05	1.000000000000000000e+02	nan	1.148818288428992584e+00	4.928476738261110268e-02	3.247313457365531841e-02
nan	1.000000000000000000e+05	1.000000000000000000e+02	nan	1.198264102275425014e+00	4.629482469047837417e-02	3.171307001691407723e-02
nan	1.000000000000000000e+05	1.000000000000000000e+02	nan	1.242670502336614025e+00	5.032296330733067313e-02	3.086618401654440264e-02
nan	1.000000000000000000e+05	1.000000000000000000e+02	nan	1.295654658655621461e+00	4.715361340835975967e-02	2.941135522545188646e-02
nan	1.000000000000000000e+05	1.000000000000000000e+02	nan	1.347061275669375391e+00	4.825435687715275840e-02	2.834671684983946019e-02
nan	1.000000000000000000e+05	1.000000000000000000e+02	nan	1.397449570064054569e+00	4.689840720271108016e-02	2.883288689494748619e-02
nan	1.000000000000000000e+05	1.000000000000000000e+02	nan	1.447940252067564826e+00	4.798744453042102370e-02	2.803876190070435023e-02
nan	1.000000000000000000e+05	1.000000000000000000e+02	nan	1.486466283180106984e+00	4.515984723436516912e-02	2.727656667873938276e-02
nan	1.000000000000000000e+05	1.000000000000000000e+02	nan	1.542667968332034345e+00	4.611656045961411154e-02	2.664442453122314869e-02
nan	1.000000000000000000e+05	1.000000000000000000e+02	nan	1.597252143199102692e+00	4.563287638202401242e-02	2.694312446591469110e-02
nan	1.000000000000000000e+05	1.000000000000000000e+02	nan	1.647078365589413895e+00	4.690386904809785984e-02	2.731345835623469331e-02
nan	1.000000000000000000e+05	1.000000000000000000e+02	nan	1.589720690639560896e+00	4.632118200941126585e-02	2.622034922762880166e-02
nan	1.000000000000000000e+05	1.000000000000000000e+02	nan	1.743356744184666240e+00	4.714330307845170098e-02	2.557160993725565712e-02
nan	1.000000000000000000e+05	1.000000000000000000e+02	nan	1.798023039386726030e+00	4.372419830505053229e-02	2.461809393422661335e-02
nan	1.000000000000000000e+05	1.000000000000000000e+02	nan	1.848526902255434923e+00	4.458495123801915760e-02	2.470414800862483912e-02
nan	1.000000000000000000e+05	1.000000000000000000e+02	nan	1.896804470133747644e+00	4.229154229332116044e-02	2.359401585292346046e-02
nan	1.000000000000000000e+05	1.000000000000000000e+02	nan	1.947929532236594152e+00	4.780692886900600458e-02	2.343928496645356074e-02
nan	1.000000000000000000e+05	1.000000000000000000e+02	nan	1.996099410582337530e+00	4.425589486481992102e-02	2.440909553768378856e-02
nan	1.000000000000000000e+05	1.000000000000000000e+02	nan	9.990239846766257870e-02	1.172656060825903318e-01	1.054031216141004812e-01
nan	1.000000000000000000e+05	1.000000000000000000e+02	nan	1.401482142110953011e-01	9.207689814222007330e-02	8.479703616670428157e-02
nan	1.000000000000000000e+05	1.000000000000000000e+02	nan	1.997202716379206378e-01	8.245675655274371796e-02	7.172271130920819526e-02
nan	1.000000000000000000e+05	1.000000000000000000e+02	nan	2.483955593263999506e-01	7.247382814048873578e-02	6.557948023684907757e-02
nan	1.000000000000000000e+05	1.000000000000000000e+02	nan	2.993311338716807546e-01	7.166166703943135929e-02	5.889724155456441818e-02
nan	1.000000000000000000e+05	1.000000000000000000e+02	nan	3.496741554390723761e-01	6.498406562580230639e-02	5.820042949832562179e-02
nan	1.000000000000000000e+05	1.000000000000000000e+02	nan	3.997145815140129566e-01	6.678848678372506509e-02	5.432942262210364859e-02
nan	1.000000000000000000e+05	1.000000000000000000e+02	nan	4.494698450645728260e-01	6.134906905172153591e-02	5.142399150029377392e-02
nan	1.000000000000000000e+05	1.000000000000000000e+02	nan	4.993417654486052015e-01	6.077434664268086678e-02	4.722347803281286283e-02
nan	1.000000000000000000e+05	1.000000000000000000e+02	nan	5.483857796870097445e-01	6.022112234771319350e-02	4.522662895583796916e-02
nan	1.000000000000000000e+05	1.000000000000000000e+02	nan	5.955891974509540665e-01	5.538416002354949047e-02	4.390881401473308021e-02
nan	1.000000000000000000e+05	1.000000000000000000e+02	nan	6.482226710350232901e-01	5.521525110746764581e-02	4.106649853308868420e-02
nan	1.000000000000000000e+05	1.000000000000000000e+02	nan	6.987901877946569584e-01	5.271342438836305877e-02	4.084982776132951854e-02
nan	1.000000000000000000e+05	1.000000000000000000e+02	nan	7.493484200542752660e-01	5.073888722798070017e-02	3.859745624183512358e-02
nan	1.000000000000000000e+05	1.000000000000000000e+02	nan	7.984595814358271815e-01	5.372060086566531056e-02	3.721172985299993352e-02
nan	1.000000000000000000e+05	1.000000000000000000e+02	nan	8.491659348906523963e-01	5.255787878704427929e-02	3.695749947138908531e-02
nan	1.000000000000000000e+05	1.000000000000000000e+02	nan	8.982621984494472134e-01	4.996173769844110268e-02	3.591748319269849610e-02
nan	1.000000000000000000e+05	1.000000000000000000e+02	nan	9.477649806309728087e-01	4.891149568268165354e-02	3.359551975581263200e-02
nan	1.000000000000000000e+05	1.000000000000000000e+02	nan	9.990322967686324773e-01	5.011826339220065707e-02	3.342000369325698328e-02
nan	1.000000000000000000e+05	1.000000000000000000e+02	nan	1.048064011731048684e+00	4.900846056965052489e-02	3.252126462221886782e-02
nan	1.000000000000000000e+05	1.000000000000000000e+02	nan	1.094425052749238514e+00	5.042728159163841622e-02	3.147788320883734142e-02
nan	1.000000000000000000e+05	1.000000000000000000e+02	nan	1.147119725695983972e+00	4.743458424065875867e-02	3.074986902222197685e-02
nan	1.000000000000000000e+05	1.000000000000000000e+02	nan	1.198588081335537847e+00	4.955294193981944068e-02	3.105636229504721291e-02
nan	1.000000000000000000e+05	1.000000000000000000e+02	nan	1.246842264086990282e+00	4.767768333696105476e-02	3.081697503677164468e-02
nan	1.000000000000000000e+05	1.000000000000000000e+02	nan	1.298115547762927147e+00	4.609499723424820283e-02	2.951614282857205687e-02
nan	1.000000000000000000e+05	1.000000000000000000e+02	nan	1.346275729360149942e+00	4.725091339758820397e-02	2.926506030646801662e-02
nan	1.000000000000000000e+05	1.000000000000000000e+02	nan	1.397346786302932742e+00	4.629779892740130270e-02	2.683541624396542161e-02
nan	1.000000000000000000e+05	1.000000000000000000e+02	nan	1.449008829123522357e+00	4.726872415181587739e-02	2.786757265482802531e-02
nan	1.000000000000000000e+05	1.000000000000000000e+02	nan	1.496440233456905800e+00	4.817710171809910097e-02	2.647652761795398282e-02
nan	1.000000000000000000e+05	1.000000000000000000e+02	nan	1.545088077781338054e+00	4.679950745513457300e-02	2.720863637033383436e-02
nan	1.000000000000000000e+05	1.000000000000000000e+02	nan	1.587345873345202607e+00	4.752097232373123092e-02	2.678049427300179669e-02
nan	1.000000000000000000e+05	1.000000000000000000e+02	nan	1.645097026227949844e+00	4.595784021243976697e-02	2.596665707138169979e-02
nan	1.000000000000000000e+05	1.000000000000000000e+02	nan	1.698400924464067430e+00	4.420490935109988584e-02	2.531141734597518525e-02
nan	1.000000000000000000e+05	1.000000000000000000e+02	nan	1.746641978048410149e+00	4.495469854137192772e-02	2.541862489128550798e-02
nan	1.000000000000000000e+05	1.000000000000000000e+02	nan	1.797362700100257005e+00	4.438839167737840263e-02	2.584809232918304847e-02
nan	1.000000000000000000e+05	1.000000000000000000e+02	nan	1.848061641121967025e+00	4.276240380984107359e-02	2.589494376878877582e-02
nan	1.000000000000000000e+05	1.000000000000000000e+02	nan	1.894234422360659753e+00	4.437808235796650985e-02	2.598764377474372875e-02
nan	1.000000000000000000e+05	1.000000000000000000e+02	nan	1.947147887336450278e+00	4.458645972076378389e-02	2.444987688636271819e-02
nan	1.000000000000000000e+05	1.000000000000000000e+02	nan	1.995283971075468843e+00	4.484768816432478655e-02	2.427347595426749410e-02
nan	1.000000000000000000e+05	1.000000000000000000e+02	nan	9.355008241564374827e-02	1.074457343619581451e-01	1.049638311946986813e-01
nan	1.000000000000000000e+05	1.000000000000000000e+02	nan	1.497650320951947889e-01	9.385110975782653964e-02	8.477079056644762356e-02
nan	1.000000000000000000e+05	1.000000000000000000e+02	nan	1.870392806555868925e-01	8.289569712565365844e-02	7.919095251775476463e-02
nan	1.000000000000000000e+05	1.000000000000000000e+02	nan	2.480723861575370448e-01	7.667216700426165987e-02	6.496104733208153681e-02
nan	1.000000000000000000e+05	1.000000000000000000e+02	nan	2.996841927679042561e-01	7.331149473635330260e-02	6.040023431554186750e-02
nan	1.000000000000000000e+05	1.000000000000000000e+02	nan	3.480623868800535314e-01	6.778425293278275698e-02	5.727678778929333470e-02
nan	1.000000000000000000e+05	1.000000000000000000e+02	nan	3.990747884737856910e-01	6.384359432790068234e-02	5.306046895794465368e-02
nan	1.000000000000000000e+05	1.000000000000000000e+02	nan	4.497198467239627573e-01	6.116659539679016738e-02	4.966948303920940694e-02
nan	1.000000000000000000e+05	1.000000000000000000e+02	nan	4.990606782672102892e-01	6.133209049650869410e-02	4.566977722262062500e-02
nan	1.000000000000000000e+05	1.000000000000000000e+02	nan	5.486345550022633244e-01	5.930276870997862326e-02	4.634349099591340837e-02
nan	1.000000000000000000e+05	1.000000000000000000e+02	nan	5.975242556863122889e-01	5.678185833909490249e-02	4.096280787592218586e-02
nan	1.000000000000000000e+05	1.000000000000000000e+02	nan	6.493488585927934542e-01	5.435889705610678219e-02	4.412327423756621375e-02
nan	1.000000000000000000e+05	1.000000000000000000e+02	nan	6.959936389947187774e-01	5.261020329937539375e-02	3.939109618795974543e-02
nan	1.000000000000000000e+05	1.000000000000000000e+02	nan	7.484302622604672717e-01	5.118822625908352186e-02	3.909589315484666983e-02
nan	1.000000000000000000e+05	1.000000000000000000e+02	nan	7.948757791593379363e-01	5.031141635615551250e-02	3.716375471043439210e-02
nan	1.000000000000000000e+05	1.000000000000000000e+02	nan	8.493042031572712869e-01	5.041654798455567216e-02	3.541212190944739019e-02
nan	1.000000000000000000e+05	1.000000000000000000e+02	nan	8.984431007921557244e-01	5.324822519759956491e-02	3.512426779713701680e-02
nan	1.000000000000000000e+05	1.000000000000000000e+02	nan	9.490738790413388859e-01	5.019208469045625953e-02	3.370624756682137624e-02
nan	1.000000000000000000e+05	1.000000000000000000e+02	nan	9.336520850016821749e-01	4.947801621653413057e-02	3.377719631784888155e-02
nan	1.000000000000000000e+05	1.000000000000000000e+02	nan	1.047576028808498538e+00	5.135569484808159835e-02	3.168586593611175117e-02
nan	1.000000000000000000e+05	1.000000000000000000e+02	nan	1.098345519723761710e+00	4.898230704730473922e-02	3.065443490735502222e-02
nan	1.000000000000000000e+05	1.000000000000000000e+02	nan	1.145849140151585788e+00	4.852790404368316490e-02	3.213630503296056873e-02
nan	1.000000000000000000e+05	1.000000000000000000e+02	nan	1.193724614414213736e+00	4.566230134338127022e-02	3.134159233224621810e-02
nan	1.000000000000000000e+05	1.000000000000000000e+02	nan	1.248304115058363140e+00	4.675782878313768792e-02	2.976724066991207757e-02
nan	1.000000000000000000e+05	1.000000000000000000e+02	nan	1.298967236970111072e+00	4.498184994538365067e-02	3.020206299898275937e-02
nan	1.000000000000000000e+05	1.000000000000000000e+02	nan	1.347738076209270774e+00	4.676393542392290326e-02	2.998926356286650899e-02
nan	1.000000000000000000e+05	1.000000000000000000e+02	nan	1.396498948174121235e+00	4.938017910766223650e-02	2.809692512058880459e-02
nan	1.000000000000000000e+05	1.000000000000000000e+02	nan	1.443071998535242484e+00	4.563506678544088785e-02	2.911201966908196631e-02
nan	1.000000000000000000e+05	1.000000000000000000e+02	nan	1.497664495676735985e+00	4.570536541119779583e-02	2.660851030590190638e-02
nan	1.000000000000000000e+05	1.000000000000000000e+02	nan	1.547896243817604045e+00	4.502987923500441358e-02	2.727179271725012691e-02
nan	1.000000000000000000e+05	1.000000000000000000e+02	nan	1.598507460132032154e+00	4.594765474715557102e-02	2.639522584693656040e-02
nan	1.000000000000000000e+05	1.000000000000000000e+02	nan	1.644292310201444618e+00	4.589452309307053002e-02	2.662788824484847022e-02
nan	1.000000000000000000e+05	1.000000000000000000e+02	nan	1.698626217331593580e+00	4.378351037024445086e-02	2.532033278046976268e-02
nan	1.000000000000000000e+05	1.000000000000000000e+02	nan	1.748361236534901719e+00	4.505670948398930731e-02	2.581565240518801652e-02
nan	1.000000000000000000e+05	1.000000000000000000e+02	nan	1.798791903135861459e+00	4.273856479901506911e-02	2.524736120051983626e-02
nan	1.000000000000000000e+05	1.000000000000000000e+02	nan	1.730392220526498992e+00	4.409238499012051865e-02	2.514695386143672717e-02
nan	1.000000000000000000e+05	1.000000000000000000e+02	nan	1.888917542157469098e+00	4.508138604316717230e-02	2.380003973194262309e-02
nan	1.000000000000000000e+05	1.000000000000000000e+02	nan	1.943800991821763136e+00	4.695142713022446707e-02	2.435410510724471747e-02
nan	1.000000000000000000e+05	1.000000000000000000e+02	nan	1.997458153638717704e+00	4.478266541801528833e-02	2.512802543038817477e-02
nan	1.000000000000000000e+05	1.000000000000000000e+02	nan	9.977444314054366437e-02	1.126577189329988765e-01	1.089886663493437047e-01
nan	1.000000000000000000e+05	1.000000000000000000e+02	nan	1.401294800683073050e-01	9.552123750174990047e-02	8.749812901868624093e-02
nan	1.000000000000000000e+05	1.000000000000000000e+02	nan	1.995026111878473729e-01	8.655747766620747186e-02	7.316609303131678399e-02
nan	1.000000000000000000e+05	1.000000000000000000e+02	nan	2.496564377537651980e-01	7.394163560971429849e-02	6.823151250908054966e-02
nan	1.000000000000000000e+05	1.000000000000000000e+02	nan	2.995933441209103765e-01	7.143313501536474597e-02	6.126048987321377343e-02
nan	1.000000000000000000e+05	1.000000000000000000e+02	nan	3.488744042160533132e-01	6.807570556554817798e-02	5.458819223673923998e-02
nan	1.000000000000000000e+05	1.000000000000000000e+02	nan	3.997168324858534905e-01	6.241567668907092858e-02	5.263849789453497324e-02
nan	1.000000000000000000e+05	1.000000000000000000e+02	nan	4.453438746120127467e-01	6.122243227138337435e-02	5.162215353977521459e-02
nan	1.000000000000000000e+05	1.000000000000000000e+02	nan	4.996144417324216991e-01	6.036664080482116723e-02	4.926007617173996933e-02
nan	1.000000000000000000e+05	1.000000000000000000e+02	nan	5.494239548970426545e-01	5.663380830021282758e-02	4.391047649873859593e-02
nan	1.000000000000000000e+05	1.000000000000000000e+02	nan	5.993296670294284700e-01	5.613253204646805050e-02	4.376374072067712451e-02
nan	1.000000000000000000e+05	1.000000000000000000e+02	nan	6.496578873992803205e-01	5.593682942131609354e-02	3.998386165117325669e-02
nan	1.000000000000000000e+05	1.000000000000000000e+02	nan	6.994335159493175746e-01	5.563619317666479436e-02	3.916514561036517350e-02
nan	1.000000000000000000e+05	1.000000000000000000e+02	nan	7.479874246379495384e-01	5.483977471027394468e-02	3.947605955569680886e-02
nan	1.000000000000000000e+05	1.000000000000000000e+02	nan	7.991830108360999940e-01	5.401937376628086762e-02	3.820557679713997012e-02
nan	1.000000000000000000e+05	1.000000000000000000e+02	nan	8.491329141461392283e-01	5.100343707923040565e-02	3.668655698626754891e-02
nan	1.000000000000000000e+05	1.000000000000000000e+02	nan	8.986271637531444423e-01	5.330840781226896252e-02	3.565540972867327352e-02
nan	1.000000000000000000e+05	1.000000000000000000e+02	nan	9.493594602552775097e-01	4.949801626828016776e-02	3.463424154576673353e-02
nan	1.000000000000000000e+05	1.000000000000000000e+02	nan	9.983337448140219283e-01	4.711471693666123561e-02	3.298040834651375791e-02
nan	1.000000000000000000e+05	1.000000000000000000e+02	nan	1.049019771957819147e+00	4.982859932817963744e-02	3.389227992506192028e-02
nan	1.000000000000000000e+05	1.000000000000000000e+02	nan	1.097523217515936178e+00	4.899426276345408143e-02	3.264552822831002371e-02
nan	1.000000000000000000e+05	1.000000000000000000e+02	nan	1.148084077658859226e+00	4.639437179353279178e-02	3.054655087717152509e-02
nan	1.000000000000000000e+05	1.000000000000000000e+02	nan	1.198249018243814135e+00	4.814259817870376879e-02	2.980540280178883839e-02
nan	1.000000000000000000e+05	1.000000000000000000e+02	nan	1.245457343636098724e+00	4.947935502679901704e-02	2.969420643532083570e-02
nan	1.000000000000000000e+05	1.000000000000000000e+02	nan	1.298537620151864802e+00	4.681256828768625561e-02	2.863552743768544781e-02
nan	1.000000000000000000e+05	1.000000000000000000e+02	nan	1.346968847944072012e+00	4.678147601571149006e-02	2.864113991379915736e-02
nan	1.000000000000000000e+05	1.000000000000000000e+02	nan	1.398102104109875565e+00	4.531417176488367754e-02	2.770938444307247117e-02
nan	1.000000000000000000e+05	1.000000000000000000e+02	nan	1.448163512989731228e+00	4.735181200246962874e-02	2.918332541150810491e-02
nan	1.000000000000000000e+05	1.000000000000000000e+02	nan	1.494020428252906596e+00	4.803991714574690208e-02	2.799056271851990685e-02
nan	1.000000000000000000e+05	1.000000000000000000e+02	nan	1.547957251047819227e+00	4.443667179676115409e-02	2.585253027455699029e-02
nan	1.000000000000000000e+05	1.000000000000000000e+02	nan	1.592367424670464882e+00	4.748672553641981181e-02	2.663286912758310379e-02
nan	1.000000000000000000e+05	1.000000000000000000e+02	nan	1.641399595468328698e+00	4.687921140659293689e-02	2.715429756109392564e-02
nan	1.000000000000000000e+05	1.000000000000000000e+02	nan	1.696602964214753317e+00	4.595162947689829247e-02	2.490897954129358063e-02
nan	1.000000000000000000e+05	1.000000000000000000e+02	nan	1.747080923172825262e+00	4.596763704240108828e-02	2.554983450616276144e-02
nan	1.000000000000000000e+05	1.000000000000000000e+02	nan	1.797486054907631026e+00	4.728472900074830176e-02	2.571864968992244177e-02
nan	1.000000000000000000e+05	1.000000000000000000e+02	nan	1.847285992015622380e+00	4.475528522902004480e-02	2.429578597384543515e-02
nan	1.000000000000000000e+05	1.000000000000000000e+02	nan	1.894122385184073165e+00	4.355825730538524093e-02	2.531945639624455513e-02
nan	1.000000000000000000e+05	1.000000000000000000e+02	nan	1.946133824336538920e+00	4.375679045850536936e-02	2.423362775311386358e-02
nan	1.000000000000000000e+05	1.000000000000000000e+02	nan	1.995507992893044591e+00	4.457878625247983784e-02	2.407967091329916293e-02
nan	1.000000000000000000e+05	1.000000000000000000e+02	nan	9.352815425937002769e-02	1.125484289302074031e-01	1.050726195043052147e-01
nan	1.000000000000000000e+05	1.000000000000000000e+02	nan	1.498062567297495096e-01	9.291235825977053886e-02	8.465051399989484415e-02
nan	1.000000000000000000e+05	1.000000000000000000e+02	nan	1.997359749546490093e-01	8.008372145248476848e-02	7.565968084824521711e-02
nan	1.000000000000000000e+05	1.000000000000000000e+02	nan	2.494220200023676282e-01	7.505667416023398264e-02	6.661453411996356988e-02
nan	1.000000000000000000e+05	1.000000000000000000e+02	nan	2.997417479315913624e-01	6.874610215745272090e-02	6.230539825587520786e-02
nan	1.000000000000000000e+05	1.000000000000000000e+02	nan	3.494506513593364505e-01	6.625257494411102011e-02	5.642467628629234400e-02
nan	1.000000000000000000e+05	1.000000000000000000e+02	nan	3.989603531406032966e-01	6.643595225390612480e-02	5.261803682080801181e-02
nan	1.000000000000000000e+05	1.000000000000000000e+02	nan	4.448442251267920033e-01	6.046408241157254920e-02	5.011595225077711963e-02
nan	1.000000000000000000e+05	1.000000000000000000e+02	nan	4.993943004149741793e-01	5.797852640827757392e-02	4.631739351563194523e-02
nan	1.000000000000000000e+05	1.000000000000000000e+02	nan	5.491913416199623033e-01	5.812477655335107629e-02	4.517889748980987580e-02
nan	1.000000000000000000e+05	1.000000000000000000e+02	nan	5.991078420004669614e-01	5.726178016160513723e-02	4.215502362827181632e-02
nan	1.000000000000000000e+05	1.000000000000000000e+02	nan	6.492518039267224372e-01	5.728239044037002070e-02	4.083046448896979208e-02
nan	1.000000000000000000e+05	1.000000000000000000e+02	nan	6.992795918871707039e-01	5.748694146546877437e-02	3.911244751746154047e-02
nan	1.000000000000000000e+05	1.000000000000000000e+02	nan	7.489982367683978293e-01	5.377760709415525808e-02	3.731564473862912512e-02
nan	1.000000000000000000e+05	1.000000000000000000e+02	nan	7.990406397384048898e-01	5.267473214733581210e-02	3.864302567328110199e-02
nan	1.000000000000000000e+05	1.000000000000000000e+02	nan	8.466159292376460588e-01	5.035028991868513437e-02	3.737311562353717864e-02
nan	1.000000000000000000e+05	1.000000000000000000e+02	nan	8.990398809952239167e-01	5.175015017069177492e-02	3.597769269196797459e-02
nan	1.000000000000000000e+05	1.000000000000000000e+02	nan	9.485705069874711404e-01	5.554499336372927670e-02	3.628567399159575435e-02
nan	1.000000000000000000e+05	1.000000000000000000e+02	nan	9.972028218858668414e-01	4.847967843429525081e-02	3.452124290166278670e-02
nan	1.000000000000000000e+05	1.000000000000000000e+02	nan	1.048334326932399474e+00	4.924187774315857274e-02	3.229886485001524227e-02
nan	1.000000000000000000e+05	1.000000000000000000e+02	nan	1.099381620394251469e+00	4.703654251947470000e-02	3.164339402369721610e-02
nan	1.000000000000000000e+05	1.000000000000000000e+02	nan	1.147018066474402076e+00	4.867362751490532380e-02	3.156265789185821319e-02
nan	1.000000000000000000e+05	1.000000000000000000e+02	nan	1.198711818915489946e+00	4.876674026663505718e-02	3.139369810319678905e-02
nan	1.000000000000000000e+05	1.000000000000000000e+02	nan	1.248119761347834311e+00	4.862004126425821526e-02	2.945332620502450621e-02
nan	1.000000000000000000e+05	1.000000000000000000e+02	nan	1.214624503602038441e+00	4.634223844894974631e-02	2.831655670601467348e-02
nan	1.000000000000000000e+05	1.000000000000000000e+02	nan	1.261432810686270667e+00	4.942494743609327640e-02	2.907850273686465870e-02
nan	1.000000000000000000e+05	1.000000000000000000e+02	nan	1.396429352833001847e+00	4.640967323838602471e-02	2.826624774276851812e-02
nan	1.000000000000000000e+05	1.000000000000000000e+02	nan	1.446921513344341381e+00	4.612155443647332487e-02	2.752076775134750311e-02
nan	1.000000000000000000e+05	1.000000000000000000e+02	nan	1.496106174692886315e+00	4.530031664496690647e-02	2.754770347055522303e-02
nan	1.000000000000000000e+05	1.000000000000000000e+02	nan	1.548135008444887717e+00	4.534052728925477144e-02	2.645764544397783552e-02
nan	1.000000000000000000e+05	1.000000000000000000e+02	nan	1.593395553307072943e+00	4.312752374740184969e-02	2.604475855501180853e-02
nan	1.000000000000000000e+05	1.000000000000000000e+02	nan	1.643378627324636909e+00	4.533724601335808319e-02	2.764236849754670572e-02
nan	1.000000000000000000e+05	1.000000000000000000e+02	nan	1.696463002688779032e+00	4.669805668388225806e-02	2.594716226338707535e-02
nan	1.000000000000000000e+05	1.000000000000000000e+02	nan	1.746950201819117865e+00	4.674981089064465106e-02	2.544709475594551101e-02
nan	1.000000000000000000e+05	1.000000000000000000e+02	nan	1.798192557906486355e+00	4.737463033631202775e-02	2.522228321536907486e-02
nan	1.000000000000000000e+05	1.000000000000000000e+02	nan	1.848267060948819651e+00	4.609813184033442063e-02	2.382688288852461908e-02
nan	1.000000000000000000e+05	1.000000000000000000e+02	nan	1.895867196789822628e+00	4.415679272488698404e-02	2.402896746051713661e-02
nan	1.000000000000000000e+05	1.000000000000000000e+02	nan	1.948604541740314833e+00	4.489308361640335227e-02	2.412667614041392669e-02
nan	1.000000000000000000e+05	1.000000000000000000e+02	nan	1.998133554508376708e+00	4.421697986522989121e-02	2.380268861487008086e-02
nan	1.000000000000000000e+05	1.000000000000000000e+02	nan	9.975765845989315039e-02	1.101297230772175090e-01	1.058143662961408965e-01
nan	1.000000000000000000e+05	1.000000000000000000e+02	nan	1.498521590637210410e-01	9.201584916443475426e-02	8.612855351020590189e-02
nan	1.000000000000000000e+05	1.000000000000000000e+02	nan	1.997282811141076198e-01	8.354691097376079623e-02	7.131559925121258581e-02
nan	1.000000000000000000e+05	1.000000000000000000e+02	nan	2.496488624755784369e-01	7.576842290480695352e-02	6.434561151137138668e-02
nan	1.000000000000000000e+05	1.000000000000000000e+02	nan	2.996670946609697461e-01	7.057297004496676518e-02	5.894533898413574502e-02
nan	1.000000000000000000e+05	1.000000000000000000e+02	nan	3.493119501358819545e-01	7.109425932487271893e-02	5.750332946853009553e-02
nan	1.000000000000000000e+05	1.000000000000000000e+02	nan	3.994624883035726159e-01	6.485851572015761957e-02	5.174346546287407478e-02
nan	1.000000000000000000e+05	1.000000000000000000e+02	nan	4.497222319309798766e-01	6.407682319337583421e-02	5.029363070611392317e-02
nan	1.000000000000000000e+05	1.000000000000000000e+02	nan	4.994235324405622012e-01	5.859250153934159044e-02	4.559257337115162068e-02
nan	1.000000000000000000e+05	1.000000000000000000e+02	nan	5.494175434758744592e-01	5.808886953064677089e-02	4.571884962045613676e-02
nan	1.000000000000000000e+05	1.000000000000000000e+02	nan	5.983135127917421636e-01	5.707323666205241924e-02	4.366547925809927122e-02
nan	1.000000000000000000e+05	1.000000000000000000e+02	nan	6.486204717809869180e-01	5.458142801684306988e-02	4.157597077265468705e-02
nan	1.000000000000000000e+05	1.000000000000000000e+02	nan	6.988672490884709765e-01	5.541502719406105060e-02	4.131846089741706557e-02
nan	1.000000000000000000e+05	1.000000000000000000e+02	nan	7.459104031578362992e-01	5.588541448523347277e-02	3.856661952053114240e-02
nan	1.000000000000000000e+05	1.000000000000000000e+02	nan	7.993606327331918004e-01	5.446741000240381408e-02	3.664602454826457190e-02
nan	1.000000000000000000e+05	1.000000000000000000e+02	nan	8.485895353850765321e-01	5.058642321675031750e-02	3.681009080680881784e-02
nan	1.000000000000000000e+05	1.000000000000000000e+02	nan	8.990779806153341713e-01	5.191890616434199218e-02	3.476516762506972474e-02
nan	1.000000000000000000e+05	1.000000000000000000e+02	nan	9.485804821862757752e-01	4.912551803231784281e-02	3.445598455118451670e-02
nan	1.000000000000000000e+05	1.000000000000000000e+02	nan	9.971934300310294486e-01	5.245308294828967405e-02	3.184460986741183275e-02
nan	1.000000000000000000e+05	1.000000000000000000e+02	nan	9.810481120945599987e-01	4.909429752027237581e-02	3.243785937752008408e-02
nan	1.000000000000000000e+05	1.000000000000000000e+02	nan	1.097419772052444342e+00	4.924941726185840668e-02	3.173251312016332759e-02
nan	1.000000000000000000e+05	1.000000000000000000e+02	nan	1.147190094057850773e+00	5.050210684714256937e-02	3.229471000341337106e-02
nan	1.000000000000000000e+05	1.000000000000000000e+02	nan	1.197737906979364109e+00	4.914078800324123836e-02	3.193371571747660037e-02
nan	1.000000000000000000e+05	1.000000000000000000e+02	nan	1.248440678435463358e+00	4.956878540339067218e-02	3.021355999255377275e-02
nan	1.000000000000000000e+05	1.000000000000000000e+02	nan	1.289896960566738970e+00	4.726656296177408900e-02	2.914635767934948413e-02
nan	1.000000000000000000e+05	1.000000000000000000e+02	nan	1.348342919664673900e+00	4.727281139994662928e-02	2.757411802899224079e-02
nan	1.000000000000000000e+05	1.000000000000000000e+02	nan	1.397357133325613177e+00	4.931207176974385098e-02	2.768567898608894490e-02
nan	1.000000000000000000e+05	1.000000000000000000e+02	nan	1.444714646301417771e+00	4.686754415202602081e-02	2.774047862782933610e-02
nan	1.000000000000000000e+05	1.000000000000000000e+02	nan	1.498127058066074824e+00	4.661008314492191829e-02	2.755163831316607276e-02
nan	1.000000000000000000e+05	1.000000000000000000e+02	nan	1.546243103769666005e+00	4.564686673073752032e-02	2.734243816905889204e-02
nan	1.000000000000000000e+05	1.000000000000000000e+02	nan	1.598439700698963906e+00	4.540598334549367232e-02	2.735582492702526292e-02
nan	1.000000000000000000e+05	1.000000000000000000e+02	nan	1.647589167384421627e+00	4.524615801933909442e-02	2.532839944119177206e-02
nan	1.000000000000000000e+05	1.000000000000000000e+02	nan	1.589618843140470084e+00	4.378676056483518653e-02	2.691856457330538133e-02
nan	1.000000000000000000e+05	1.000000000000000000e+02	nan	1.747565612817243208e+00	4.661983933291452553e-02	2.677160969733764079e-02
nan	1.000000000000000000e+05	1.000000000000000000e+02	nan	1.796602591549026240e+00	4.527852347706091962e-02	2.410066210169301351e-02
nan	1.000000000000000000e+05	1.000000000000000000e+02	nan	1.837298658527060979e+00	4.433672166886596516e-02	2.535792956823627181e-02
nan	1.000000000000000000e+05	1.000000000000000000e+02	nan	1.898064287431043384e+00	4.525835961108004568e-02	2.403706079601451370e-02
nan	1.000000000000000000e+05	1.000000000000000000e+02	nan	1.948506772703876733e+00	4.567975177209148557e-02	2.544561867036233133e-02
nan	1.000000000000000000e+05	1.000000000000000000e+02	nan	1.996282549487386815e+00	4.483011249087966860e-02	2.342675376596840831e-02
nan	1.000000000000000000e+05	1.000000000000000000e+02	nan	9.971277462905732414e-02	1.121652303770005465e-01	1.045262386248474729e-01
nan	1.000000000000000000e+05	1.000000000000000000e+02	nan	1.491865167138371473e-01	9.617300864344742461e-02	8.461374725393125407e-02
nan	1.000000000000000000e+05	1.000000000000000000e+02	nan	1.981052716766384947e-01	8.433997674356968899e-02	7.443115451468756971e-02
nan	1.000000000000000000e+05	1.000000000000000000e+02	nan	2.498458864913516153e-01	7.537223108632298829e-02	6.637720357407780880e-02
nan	1.000000000000000000e+05	1.000000000000000000e+02	nan	2.995960558050796974e-01	7.160478409772771946e-02	5.817298533318276954e-02
nan	1.000000000000000000e+05	1.000000000000000000e+02	nan	3.496509254818647716e-01	6.775525973671119029e-02	5.593747830835917034e-02
nan	1.000000000000000000e+05	1.000000000000000000e+02	nan	3.993180927934531499e-01	6.536952452350992815e-02	5.137395870896604988e-02
nan	1.000000000000000000e+05	1.000000000000000000e+02	nan	4.490233323669258203e-01	6.190027802045945660e-02	4.834300930561647586e-02
nan	1.000000000000000000e+05	1.000000000000000000e+02	nan	4.991145894735723454e-01	5.738018825847494148e-02	4.755309937365431033e-02
nan	1.000000000000000000e+05	1.000000000000000000e+02	nan	5.496082044227478258e-01	5.976904102563014576e-02	4.641637829350212657e-02
nan	1.000000000000000000e+05	1.000000000000000000e+02	nan	5.988522574671606424e-01	5.412605556596854217e-02	4.410396682313030142e-02
nan	1.000000000000000000e+05	1.000000000000000000e+02	nan	6.483493257103191132e-01	5.540557758732920363e-02	4.307896392139820563e-02
nan	1.000000000000000000e+05	1.000000000000000000e+02	nan	6.986176333187359422e-01	5.630559184646073689e-02	4.015346141346838593e-02
nan	1.000000000000000000e+05	1.000000000000000000e+02	nan	7.488911128636572823e-01	5.294412264902337295e-02	3.867069971209440016e-02
nan	1.000000000000000000e+05	1.000000000000000000e+02	nan	7.986708338444031829e-01	5.175800062307224503e-02	3.774785822304936589e-02
nan	1.000000000000000000e+05	1.000000000000000000e+02	nan	8.491756338309187635e-01	5.071856470980017073e-02	3.544682892930198920e-02
nan	1.000000000000000000e+05	1.000000000000000000e+02	nan	8.989590748371938389e-01	4.880143899381193806e-02	3.598919596537901444e-02
nan	1.000000000000000000e+05	1.000000000000000000e+02	nan	9.488468620522325647e-01	4.911159462484583627e-02	3.435712157929302762e-02
nan	1.000000000000000000e+05	1.000000000000000000e+02	nan	9.986774381129179812e-01	5.174425792046468547e-02	3.361672252234262220e-02
nan	1.000000000000000000e+05	1.000000000000000000e+02	nan	1.048478446612943982e+00	5.009677329510341115e-02	3.360191642039660892e-02
nan	1.000000000000000000e+05	1.000000000000000000e+02	nan	1.097938196278528178e+00	4.808107675019861194e-02	3.112641632318752932e-02
nan	1.000000000000000000e+05	1.000000000000000000e+02	nan	1.148856807569427430e+00	4.966575227094628675e-02	3.080470256063044809e-02
nan	1.000000000000000000e+05	1.000000000000000000e+02	nan	1.196232025211929839e+00	4.925378731496744822e-02	3.050036173229947467e-02
nan	1.000000000000000000e+05	1.000000000000000000e+02	nan	1.248519149647381754e+00	4.786534770069744704e-02	2.972027190426854842e-02
nan	1.000000000000000000e+05	1.000000000000000000e+02	nan	1.293014406479414902e+00	4.864781387425763659e-02	3.000473537102347349e-02
nan	1.000000000000000000e+05	1.000000000000000000e+02	nan	1.348751521524718555e+00	4.876651690075326645e-02	2.752959798472789932e-02
nan	1.000000000000000000e+05	1.000000000000000000e+02	nan	1.397285682855181177e+00	4.769510893800438939e-02	2.822385221914440120e-02
nan	1.000000000000000000e+05	1.000000000000000000e+02	nan	1.446414347107292997e+00	4.584486659084963805e-02	2.812834021860387626e-02
nan	1.000000000000000000e+05	1.000000000000000000e+02	nan	1.492378071172788534e+00	4.710794469316605115e-02	2.698547607160203116e-02
nan	1.000000000000000000e+05	1.000000000000000000e+02	nan	1.540746815674083336e+00	4.594303413498048577e-02	2.665587845111857396e-02
nan	1.000000000000000000e+05	1.000000000000000000e+02	nan	1.596969706084382823e+00	4.799273831077652264e-02	2.671173359592612928e-02
nan	1.000000000000000000e+05	1.000000000000000000e+02	nan	1.643779267988656922e+00	4.609161591954839127e-02	2.639505191980952986e-02
nan	1.000000000000000000e+05	1.000000000000000000e+02	nan	1.696970778737886487e+00	4.442904087642031430e-02	2.583296780730431896e-02
nan	1.000000000000000000e+05	1.000000000000000000e+02	nan	1.746880085345856148e+00	4.324071588540173705e-02	2.692099989856031744e-02
nan	1.000000000000000000e+05	1.000000000000000000e+02	nan	1.797298598768020339e+00	4.544757505892705468e-02	2.605594104646701686e-02
nan	1.000000000000000000e+05	1.000000000000000000e+02	nan	1.840647787264697355e+00	4.388442357087614376e-02	2.679167812966014653e-02
nan	1.000000000000000000e+05	1.000000000000000000e+02	nan	1.898060941747508057e+00	4.480527162909907213e-02	2.412388591519308220e-02
nan	1.000000000000000000e+05	1.000000000000000000e+02	nan	1.944234022334467182e+00	4.289913543163999948e-02	2.425281655902079489e-02
nan	1.000000000000000000e+05	1.000000000000000000e+02	nan	1.997705414192614715e+00	4.202185611959748102e-02	2.419414305882828381e-02
nan	1.000000000000000000e+05	1.000000000000000000e+02	nan	9.978965898808667134e-02	1.088803642054569087e-01	1.065819966948991365e-01
nan	1.000000000000000000e+05	1.000000000000000000e+02	nan	1.498634876877247279e-01	8.998224820349190467e-02	8.554199878758021736e-02
nan	1.000000000000000000e+05	1.000000000000000000e+02	nan	1.997243058526521620e-01	8.196032734597562264e-02	7.554934797381970824e-02
nan	1.000000000000000000e+05	1.000000000000000000e+02	nan	2.496266522470932669e-01	7.551878342597111160e-02	6.379373615018099630e-02
nan	1.000000000000000000e+05	1.000000000000000000e+02	nan	2.996400545430560891e-01	7.394863394451925420e-02	5.859708380606215572e-02
nan	1.000000000000000000e+05	1.000000000000000000e+02	nan	3.271837660704146056e-01	6.778198294919288158e-02	5.684227846104237397e-02
nan	1.000000000000000000e+05	1.000000000000000000e+02	nan	3.739368298079083219e-01	6.619341242109522128e-02	5.251353967842360693e-02
nan	1.000000000000000000e+05	1.000000000000000000e+02	nan	4.494594508437899094e-01	6.032229572197170958e-02	4.890683930090098525e-02
nan	1.000000000000000000e+05	1.000000000000000000e+02	nan	4.991568904235009763e-01	6.093442047065571188e-02	4.728957623928729814e-02
nan	1.000000000000000000e+05	1.000000000000000000e+02	nan	5.466592051977159361e-01	5.582475099072460589e-02	4.424072777088085967e-02
nan	1.000000000000000000e+05	1.000000000000000000e+02	nan	5.588988610202786367e-01	5.458517956766183177e-02	4.335561838518003919e-02
nan	1.000000000000000000e+05	1.000000000000000000e+02	nan	6.489430517205618809e-01	5.658305391932581807e-02	4.107976964961769506e-02
nan	1.000000000000000000e+05	1.000000000000000000e+02	nan	6.993926583979372946e-01	5.434895668061954371e-02	4.014684126277585918e-02
nan	1.000000000000000000e+05	1.000000000000000000e+02	nan	7.491924173365077655e-01	5.057239442985114047e-02	3.874459163682130586e-02
nan	1.000000000000000000e+05	1.000000000000000000e+02	nan	7.989517659789271420e-01	5.335487169945368757e-02	3.766428529780677104e-02
nan	1.000000000000000000e+05	1.000000000000000000e+02	nan	8.482675349183409486e-01	5.272056149973430861e-02	3.632526247512325723e-02
nan	1.000000000000000000e+05	1.000000000000000000e+02	nan	8.973031571119008953e-01	5.217794021769371626e-02	3.620144768134016949e-02
nan	1.000000000000000000e+05	1.000000000000000000e+02	nan	9.493684012686799401e-01	5.095671128539779049e-02	3.480910985651787526e-02
nan	1.000000000000000000e+05	1.000000000000000000e+02	nan	9.983527795485542811e-01	4.843685705675694619e-02	3.278505582285616560e-02
nan	1.000000000000000000e+05	1.000000000000000000e+02	nan	1.048671887884938814e+00	5.102127710345624040e-02	3.380175710997196381e-02
nan	1.000000000000000000e+05	1.000000000000000000e+02	nan	1.099281536678699878e+00	4.789709935192131007e-02	3.154804426033468862e-02
nan	1.000000000000000000e+05	1.000000000000000000e+02	nan	1.148290169362007784e+00	4.825220920897331511e-02	3.064985686571835427e-02
nan	1.000000000000000000e+05	1.000000000000000000e+02	nan	1.196492067896224309e+00	4.859366026746616413e-02	3.099808923232347246e-02
nan	1.000000000000000000e+05	1.000000000000000000e+02	nan	1.245197186787618149e+00	4.553869525289293285e-02	2.914622074425445367e-02
nan	1.000000000000000000e+05	1.000000000000000000e+02	nan	1.293107814199765837e+00	4.849143159251712021e-02	3.010148485360823051e-02
nan	1.000000000000000000e+05	1.000000000000000000e+02	nan	1.347815568310397838e+00	4.649322518809938243e-02	2.929844651638646713e-02
nan	1.000000000000000000e+05	1.000000000000000000e+02	nan	1.395289636912639297e+00	4.669373657208476802e-02	2.926414554353536437e-02
nan	1.000000000000000000e+05	1.000000000000000000e+02	nan	1.448412497657636688e+00	4.951061268261305187e-02	2.817270223054458775e-02
nan	1.000000000000000000e+05	1.000000000000000000e+02	nan	1.498889114534040390e+00	4.620317798632810058e-02	2.773615093783004040e-02
nan	1.000000000000000000e+05	1.000000000000000000e+02	nan	1.547938493677474936e+00	4.543336178896282412e-02	2.674323933425398064e-02
nan	1.000000000000000000e+05	1.000000000000000000e+02	nan	1.598742135531119768e+00	4.643577304916855081e-02	2.761415164492233079e-02
nan	1.000000000000000000e+05	1.000000000000000000e+02	nan	1.647675766791689922e+00	4.573267796949301300e-02	2.726453428841182219e-02
nan	1.000000000000000000e+05	1.000000000000000000e+02	nan	1.697823648596067825e+00	4.590988806741809480e-02	2.576902917936604864e-02
nan	1.000000000000000000e+05	1.000000000000000000e+02	nan	1.747751228462629980e+00	4.540024594024354154e-02	2.712292768902622303e-02
nan	1.000000000000000000e+05	1.000000000000000000e+02	nan	1.795349825568200774e+00	4.647111083162776268e-02	2.409761188344591507e-02
nan	1.000000000000000000e+05	1.000000000000000000e+02	nan	1.847480546766792076e+00	4.500667017599263575e-02	2.448089219114581855e-02
nan	1.000000000000000000e+05	1.000000000000000000e+02	nan	1.897435961137080129e+00	4.326384999553006816e-02	2.406995644380433008e-02
nan	1.000000000000000000e+05	1.000000000000000000e+02	nan	1.945288810798183388e+00	4.624654495913710361e-02	2.457432291432235655e-02
nan	1.000000000000000000e+05	1.000000000000000000e+02	nan	1.997788935327707849e+00	4.365960141213653944e-02	2.299914405273168622e-02
nan	1.000000000000000000e+05	1.000000000000000000e+02	nan	9.974764405204439299e-02	1.125526696419020950e-01	1.038952332341517015e-01
nan	1.000000000000000000e+05	1.000000000000000000e+02	nan	1.402812328950081011e-01	9.360439953480195752e-02	8.432377706252307259e-02
nan	1.000000000000000000e+05	1.000000000000000000e+02	nan	1.996505448092705248e-01	8.503519971878201189e-02	7.375811549698321756e-02
nan	1.000000000000000000e+05	1.000000000000000000e+02	nan	2.487995405222193368e-01	7.380166195279284913e-02	6.760169748482688923e-02
nan	1.000000000000000000e+05	1.000000000000000000e+02	nan	2.995256456405400169e-01	7.224332310972905735e-02	6.063526442510107362e-02
nan	1.000000000000000000e+05	1.000000000000000000e+02	nan	3.496460312915473656e-01	6.745645341683999263e-02	5.484831861386725571e-02
nan	1.000000000000000000e+05	1.000000000000000000e+02	nan	3.996828715526817288e-01	6.681952348164237054e-02	5.350970020391469795e-02
nan	1.000000000000000000e+05	1.000000000000000000e+02	nan	4.495065070348118752e-01	6.003287575930168346e-02	4.863009631621985351e-02
nan	1.000000000000000000e+05	1.000000000000000000e+02	nan	4.993271677619077198e-01	6.139455153485683103e-02	4.602440058955148405e-02
nan	1.000000000000000000e+05	1.000000000000000000e+02	nan	5.495429127385250689e-01	6.122826305436982613e-02	4.537388086701440310e-02
nan	1.000000000000000000e+05	1.000000000000000000e+02	nan	5.928635665623460671e-01	5.691860004554390173e-02	4.544120624734836189e-02
nan	1.000000000000000000e+05	1.000000000000000000e+02	nan	6.483696537510923452e-01	5.357645436459432947e-02	4.311178290398606089e-02
nan	1.000000000000000000e+05	1.000000000000000000e+02	nan	6.983924737419784368e-01	5.624942359241365958e-02	3.958821657435227653e-02
nan	1.000000000000000000e+05	1.000000000000000000e+02	nan	7.476232193277383420e-01	5.104134924487802039e-02	3.901744744484599015e-02
nan	1.000000000000000000e+05	1.000000000000000000e+02	nan	7.974872863420159330e-01	5.408459263855221189e-02	3.595875063585048104e-02
nan	1.000000000000000000e+05	1.000000000000000000e+02	nan	8.487439175598637808e-01	5.082223808760590739e-02	3.628757643329440230e-02
nan	1.000000000000000000e+05	1.000000000000000000e+02	nan	8.991049445038697963e-01	4.987669763749824625e-02	3.518882168939412719e-02
nan	1.000000000000000000e+05	1.000000000000000000e+02	nan	9.489933947135114067e-01	4.978432113119789226e-02	3.595246460035066149e-02
nan	1.000000000000000000e+05	1.000000000000000000e+02	nan	9.974086495554501663e-01	4.962608759168231354e-02	3.362894146640416776e-02
nan	1.000000000000000000e+05	1.000000000000000000e+02	nan	1.047576249696339890e+00	4.892204781802461655e-02	3.249683322723665585e-02
nan	1.000000000000000000e+05	1.000000000000000000e+02	nan	1.097317614547955511e+00	4.795828501356953766e-02	3.134410571838581322e-02
nan	1.000000000000000000e+05	1.000000000000000000e+02	nan	1.147832685528874297e+00	4.918131433185741336e-02	3.033847023038071036e-02
nan	1.000000000000000000e+05	1.000000000000000000e+02	nan	1.198434300196504321e+00	4.873005295659400826e-02	3.004495143741648874e-02
nan	1.000000000000000000e+05	1.000000000000000000e+02	nan	1.248794571319785884e+00	4.979651036519860963e-02	3.070582383864669043e-02
nan	1.000000000000000000e+05	1.000000000000000000e+02	nan	1.215561880047522081e+00	4.591671483673148701e-02	2.941720307003476906e-02
nan	1.000000000000000000e+05	1.000000000000000000e+02	nan	1.346942057366868450e+00	4.763143253592059395e-02	2.750304088422911297e-02
nan	1.000000000000000000e+05	1.000000000000000000e+02	nan	1.309119086862449377e+00	4.657204946804469753e-02	2.944878502715568211e-02
nan	1.000000000000000000e+05	1.000000000000000000e+02	nan	1.448384458437658395e+00	4.885288172940864537e-02	2.747721616738913603e-02
nan	1.000000000000000000e+05	1.000000000000000000e+02	nan	1.497584802906749335e+00	4.789898253152546220e-02	2.766415937914148970e-02
nan	1.000000000000000000e+05	1.000000000000000000e+02	nan	1.547245925474044270e+00	4.406378679780920127e-02	2.735521766852386238e-02
nan	1.000000000000000000e+05	1.000000000000000000e+02	nan	1.596366245138733486e+00	4.523735754055670244e-02	2.714317558837934727e-02
nan	1.000000000000000000e+05	1.000000000000000000e+02	nan	1.646799724500351614e+00	4.506716997692609278e-02	2.718798614765078475e-02
nan	1.000000000000000000e+05	1.000000000000000000e+02	nan	1.694750281349297394e+00	4.571306447486783719e-02	2.550329003329127736e-02
nan	1.000000000000000000e+05	1.000000000000000000e+02	nan	1.747968083523346650e+00	4.518888908961048168e-02	2.585109810580380613e-02
nan	1.000000000000000000e+05	1.000000000000000000e+02	nan	1.797921094881576254e+00	4.476889515667323988e-02	2.513441216407535234e-02
nan	1.000000000000000000e+05	1.000000000000000000e+02	nan	1.846202768817101880e+00	4.410408418089610538e-02	2.442266189062182111e-02
nan	1.000000000000000000e+05	1.000000000000000000e+02	nan	1.895909904553582326e+00	4.239214977520135152e-02	2.482275021832707276e-02
nan	1.000000000000000000e+05	1.000000000000000000e+02	nan	1.947651150150295551e+00	4.383634524859639919e-02	2.450799151633667461e-02
nan	1.000000000000000000e+05	1.000000000000000000e+02	nan	1.996608298863157049e+00	4.500159697891520372e-02	2.403194191002088614e-02
nan	1.000000000000000000e+05	1.000000000000000000e+02	nan	9.986900888023911294e-02	1.140308661210162333e-01	1.032149400536766376e-01
nan	1.000000000000000000e+05	1.000000000000000000e+02	nan	1.498613470445832319e-01	9.465378281944755723e-02	8.713018848643402925e-02
nan	1.000000000000000000e+05	1.000000000000000000e+02	nan	1.868572442800512656e-01	8.579541484210670421e-02	7.501821786572271389e-02
nan	1.000000000000000000e+05	1.000000000000000000e+02	nan	2.336963575633639878e-01	7.649702216094973750e-02	6.622389115030555273e-02
nan	1.000000000000000000e+05	1.000000000000000000e+02	nan	2.997881983943443407e-01	7.117493705599997611e-02	6.107845660706971019e-02
nan	1.000000000000000000e+05	1.000000000000000000e+02	nan	3.490970803261347899e-01	6.826157864970359979e-02	5.426497718362145728e-02
nan	1.000000000000000000e+05	1.000000000000000000e+02	nan	3.992884398362320786e-01	6.166443115299333894e-02	5.428887671332156828e-02
nan	1.000000000000000000e+05	1.000000000000000000e+02	nan	4.205819784977087861e-01	6.017738359579229146e-02	5.014604263704617454e-02
nan	1.000000000000000000e+05	1.000000000000000000e+02	nan	4.984667539643737877e-01	5.900792292542116069e-02	4.424923015829896472e-02
nan	1.000000000000000000e+05	1.000000000000000000e+02	nan	5.489253622309661074e-01	5.875619668533863665e-02	4.458629017503846353e-02
nan	1.000000000000000000e+05	1.000000000000000000e+02	nan	5.988722379493992554e-01	5.793352156873994574e-02	4.378704808835247320e-02
nan	1.000000000000000000e+05	1.000000000000000000e+02	nan	6.492293995337377055e-01	5.614484175518823228e-02	4.044509629446278037e-02
nan	1.000000000000000000e+05	1.000000000000000000e+02	nan	6.986138603171184736e-01	5.287928466745629719e-02	4.074872043745278449e-02
nan	1.000000000000000000e+05	1.000000000000000000e+02	nan	7.479272043606215448e-01	5.258947365315347344e-02	4.090623217802783623e-02
nan	1.000000000000000000e+05	1.000000000000000000e+02	nan	7.985696685134143769e-01	5.228415079715629382e-02	3.784167377000195037e-02
nan	1.000000000000000000e+05	1.000000000000000000e+02	nan	8.466812942579509116e-01	5.027246922610830587e-02	3.589952827898173354e-02
nan	1.000000000000000000e+05	1.000000000000000000e+02	nan	8.406740941523545008e-01	5.117877811651520836e-02	3.722089745260963312e-02
nan	1.000000000000000000e+05	1.000000000000000000e+02	nan	9.492161448730485063e-01	5.004628735610670842e-02	3.593448641255920367e-02
nan	1.000000000000000000e+05	1.000000000000000000e+02	nan	9.972174924808541174e-01	4.841673686223134376e-02	3.369969182180995032e-02
nan	1.000000000000000000e+05	1.000000000000000000e+02	nan	1.049043581215892029e+00	4.965120386860842616e-02	3.252781863289619380e-02
nan	1.000000000000000000e+05	1.000000000000000000e+02	nan	1.097522014759260811e+00	5.210527758269730553e-02	3.196197132420049158e-02
nan	1.000000000000000000e+05	1.000000000000000000e+02	nan	1.148229267610804571e+00	4.963126863539395195e-02	3.156576183469099461e-02
nan	1.000000000000000000e+05	1.000000000000000000e+02	nan	1.198827922628288523e+00	4.777639221825840526e-02	3.180374910148866391e-02
nan	1.000000000000000000e+05	1.000000000000000000e+02	nan	1.248905255677755122e+00	4.687245628934914171e-02	3.025515259353075276e-02
nan	1.000000000000000000e+05	1.000000000000000000e+02	nan	1.297846254999740268e+00	4.750997068513924948e-02	3.002392411288703003e-02
nan	1.000000000000000000e+05	1.000000000000000000e+02	nan	1.348648229903847140e+00	4.536315797309638242e-02	2.936905066631189179e-02
nan	1.000000000000000000e+05	1.000000000000000000e+02	nan	1.398202417016318533e+00	4.774444664587543935e-02	3.024132700860867468e-02
nan	1.000000000000000000e+05	1.000000000000000000e+02	nan	1.445431461086855052e+00	4.564397843392714593e-02	2.897890063599930371e-02
nan	1.000000000000000000e+05	1.000000000000000000e+02	nan	1.498884032829710167e+00	4.562378333700747163e-02	2.710319223995487012e-02
nan	1.000000000000000000e+05	1.000000000000000000e+02	nan	1.547629356538072987e+00	4.800715887527223780e-02	2.666294941322878281e-02
nan	1.000000000000000000e+05	1.000000000000000000e+02	nan	1.492800150330459541e+00	4.497049060029287976e-02	2.631868455990346578e-02
nan	1.000000000000000000e+05	1.000000000000000000e+02	nan	1.647409284654895556e+00	4.443361908983910202e-02	2.750204375790564135e-02
nan	1.000000000000000000e+05	1.000000000000000000e+02	nan	1.698602832726646694e+00	4.451290042013540671e-02	2.619965305882223164e-02
nan	1.000000000000000000e+05	1.000000000000000000e+02	nan	1.745737861090037812e+00	4.444188741741515736e-02	2.536966781580989733e-02
nan	1.000000000000000000e+05	1.000000000000000000e+02	nan	1.797364421037400462e+00	4.367387899463642809e-02	2.493073701304580544e-02
nan	1.000000000000000000e+05	1.000000000000000000e+02	nan	1.610958983247185783e+00	4.329309669676597444e-02	2.465829262463465135e-02
nan	1.000000000000000000e+05	1.000000000000000000e+02	nan	1.775007390340318292e+00	4.393497826316740407e-02	2.399247733697169177e-02
nan	1.000000000000000000e+05	1.000000000000000000e+02	nan	1.943715249822662416e+00	4.492088270915349513e-02	2.477692274636801584e-02
nan	1.000000000000000000e+05	1.000000000000000000e+02	nan	1.996494370570599086e+00	4.318978480544107684e-02	2.356867690780214963e-02
nan	1.000000000000000000e+05	1.000000000000000000e+02	nan	9.966658058756934502e-02	1.093878439896057431e-01	1.075535201438120314e-01
nan	1.000000000000000000e+05	1.000000000000000000e+02	nan	1.496577232843037675e-01	9.201374812089491151e-02	8.512811887095154961e-02
nan	1.000000000000000000e+05	1.000000000000000000e+02	nan	1.997567607306166282e-01	8.114206015837310826e-02	7.340879934845796762e-02
nan	1.000000000000000000e+05	1.000000000000000000e+02	nan	2.495415133320648127e-01	7.882256811920822226e-02	6.368335774689798390e-02
nan	1.000000000000000000e+05	1.000000000000000000e+02	nan	2.996934837304024990e-01	6.814636192492187772e-02	6.081212012623884305e-02
nan	1.000000000000000000e+05	1.000000000000000000e+02	nan	3.492310516612178728e-01	6.709089611751017923e-02	5.771380569197052252e-02
nan	1.000000000000000000e+05	1.000000000000000000e+02	nan	3.996390044746135350e-01	6.340100220146735466e-02	5.330477560009949656e-02
nan	1.000000000000000000e+05	1.000000000000000000e+02	nan	4.497693615040588844e-01	6.182032485635685637e-02	4.968101070619847237e-02
nan	1.000000000000000000e+05	1.000000000000000000e+02	nan	4.995050875583842975e-01	5.754656468099145217e-02	4.669012644781846133e-02
nan	1.000000000000000000e+05	1.000000000000000000e+02	nan	5.492763698859107757e-01	5.945233796552601424e-02	4.462690856996490152e-02
nan	1.000000000000000000e+05	1.000000000000000000e+02	nan	5.993530741932545647e-01	5.349059041202743753e-02	4.138527920134008053e-02
nan	1.000000000000000000e+05	1.000000000000000000e+02	nan	6.491266033421652093e-01	5.583516544495230327e-02	4.088656277009892342e-02
nan	1.000000000000000000e+05	1.000000000000000000e+02	nan	6.985231897660468814e-01	5.471269149383302388e-02	3.989663337584129638e-02
nan	1.000000000000000000e+05	1.000000000000000000e+02	nan	7.479292980023501958e-01	5.222218650536906287e-02	3.876045163172347346e-02
nan	1.000000000000000000e+05	1.000000000000000000e+02	nan	7.986483379701212471e-01	5.751196054405770253e-02	3.867399697800014829e-02
nan	1.000000000000000000e+05	1.000000000000000000e+02	nan	8.488859308692553451e-01	5.143798686878895549e-02	3.702248968939954310e-02
nan	1.000000000000000000e+05	1.000000000000000000e+02	nan	8.408234188282317501e-01	5.417145226841707517e-02	3.523113197008834879e-02
nan	1.000000000000000000e+05	1.000000000000000000e+02	nan	9.488510747363306796e-01	5.171779054665259778e-02	3.472672666998696117e-02
nan	1.000000000000000000e+05	1.000000000000000000e+02	nan	9.987923632513912020e-01	5.103802244453450182e-02	3.424218031462163137e-02
nan	1.000000000000000000e+05	1.000000000000000000e+02	nan	1.048853429249584135e+00	5.024697538018974008e-02	3.273164915990089963e-02
nan	1.000000000000000000e+05	1.000000000000000000e+02	nan	1.098346253209638190e+00	4.812717131093841028e-02	3.130582908476936543e-02
nan	1.000000000000000000e+05	1.000000000000000000e+02	nan	1.147992709091931740e+00	4.669891075528206231e-02	3.193447962743287127e-02
nan	1.000000000000000000e+05	1.000000000000000000e+02	nan	1.194068447851577730e+00	4.693305625465053060e-02	3.181498489414502640e-02
nan	1.000000000000000000e+05	1.000000000000000000e+02	nan	1.248107072714810695e+00	5.003951975789176082e-02	3.170818868474241381e-02
nan	1.000000000000000000e+05	1.000000000000000000e+02	nan	1.298941395581141522e+00	4.596285444913585094e-02	3.042617478291712030e-02
nan	1.000000000000000000e+05	1.000000000000000000e+02	nan	1.348883567421808038e+00	4.956197587437913971e-02	2.863946329594307255e-02
nan	1.000000000000000000e+05	1.000000000000000000e+02	nan	1.398825961515194560e+00	4.641939673010810063e-02	2.881055125296889605e-02
nan	1.000000000000000000e+05	1.000000000000000000e+02	nan	1.447941203723803527e+00	4.698008754497547124e-02	2.810632220381236585e-02
nan	1.000000000000000000e+05	1.000000000000000000e+02	nan	1.497235578929530631e+00	4.507048011318479791e-02	2.831341853215464319e-02
nan	1.000000000000000000e+05	1.000000000000000000e+02	nan	1.548419006306176016e+00	4.491361558325873693e-02	2.787980618177669095e-02
nan	1.000000000000000000e+05	1.000000000000000000e+02	nan	1.495779846876473362e+00	4.360365185995173504e-02	2.630940492582264922e-02
nan	1.000000000000000000e+05	1.000000000000000000e+02	nan	1.642305939744528542e+00	4.522586263567825171e-02	2.639912958034807897e-02
nan	1.000000000000000000e+05	1.000000000000000000e+02	nan	1.696850655483422177e+00	4.508992994282943340e-02	2.606901257931535862e-02
nan	1.000000000000000000e+05	1.000000000000000000e+02	nan	1.744197431543625498e+00	4.579994868407433195e-02	2.560295005517664382e-02
nan	1.000000000000000000e+05	1.000000000000000000e+02	nan	1.794126304691826546e+00	4.483816751896885222e-02	2.498114947404852029e-02
nan	1.000000000000000000e+05	1.000000000000000000e+02	nan	1.844916630779880551e+00	4.692306754336016128e-02	2.390447345354948516e-02
nan	1.000000000000000000e+05	1.000000000000000000e+02	nan	1.896240034929951523e+00	4.406973931645710024e-02	2.448614379900881585e-02
nan	1.000000000000000000e+05	1.000000000000000000e+02	nan	1.947511653176889013e+00	4.333021897811750039e-02	2.342315169891644872e-02
nan	1.000000000000000000e+05	1.000000000000000000e+02	nan	1.997245892363980646e+00	4.556982870196442381e-02	2.373573834305906655e-02
