# SourcePhotonFlux	NumberRaysSurvived	PercentageRaysSurvived	PhotonFlux	Bandwidth	HorizontalFocusFWHM	VerticalFocusFWHM
nan	2.000000000000000000e+04	2.000000000000000000e+01	nan	1.997907196515541148e-02	2.171003611029041769e-02	2.007616026366013454e-02
nan	2.000000000000000000e+04	2.000000000000000000e+01	nan	2.993638905618126872e-02	1.920076177211958723e-02	1.721683610842156265e-02
nan	2.000000000000000000e+04	2.000000000000000000e+01	nan	3.992558523886487187e-02	1.637965123325776234e-02	1.430297997629288373e-02
nan	2.000000000000000000e+04	2.000000000000000000e+01	nan	4.991439559378136465e-02	1.568581968394814480e-02	1.318487227782375558e-02
nan	2.000000000000000000e+04	2.000000000000000000e+01	nan	5.990147893583071259e-02	1.386077133270795757e-02	1.180785251464801754e-02
nan	2.000000000000000000e+04	2.000000000000000000e+01	nan	6.989564255838331963e-02	1.298618740873000964e-02	1.097373382565041376e-02
nan	2.000000000000000000e+04	2.000000000000000000e+01	nan	7.984347485969919833e-02	1.262589064417338723e-02	1.077427271581732349e-02
nan	2.000000000000000000e+04	2.000000000000000000e+01	nan	8.995747854963383194e-02	1.259975813795400669e-02	9.744095212752396790e-03
nan	2.000000000000000000e+04	2.000000000000000000e+01	nan	9.993296301082181532e-02	1.237422699935996490e-02	9.135703097250426688e-03
nan	2.000000000000000000e+04	2.000000000000000000e+01	nan	1.097706448136250429e-01	1.191938497128878886e-02	8.900397287630279833e-03
nan	2.000000000000000000e+04	2.000000000000000000e+01	nan	1.197788019043218855e-01	1.175025676206711486e-02	8.589865925803531407e-03
nan	2.000000000000000000e+04	2.000000000000000000e+01	nan	1.297828747624044099e-01	1.106889787966519600e-02	7.970362202895774767e-03
nan	2.000000000000000000e+04	2.000000000000000000e+01	nan	1.396802466552753696e-01	1.083115638024885648e-02	8.375576138008428498e-03
nan	2.000000000000000000e+04	2.000000000000000000e+01	nan	1.496823038540424089e-01	1.021830466196706720e-02	7.371000663152637786e-03
nan	2.000000000000000000e+04	2.000000000000000000e+01	nan	1.597774375352082610e-01	1.020867871765487357e-02	7.922630037569714651e-03
nan	2.000000000000000000e+04	2.000000000000000000e+01	nan	1.697487032167009635e-01	1.032653655755851572e-02	7.219102145898844899e-03
nan	2.000000000000000000e+04	2.000000000000000000e+01	nan	1.796667768377892549e-01	1.063546798612988349e-02	6.778601040122867252e-03
nan	2.000000000000000000e+04	2.000000000000000000e+01	nan	1.897784381223482364e-01	1.060788147704806728e-02	7.041106185756203055e-03
nan	2.000000000000000000e+04	2.000000000000000000e+01	nan	1.998166747075902083e-01	1.010443228534109450e-02	6.667486008368470225e-03
nan	2.000000000000000000e+04	2.000000000000000000e+01	nan	1.963871369461750727e-01	9.859208877816192512e-03	6.474751183647028951e-03
nan	2.000000000000000000e+04	2.000000000000000000e+01	nan	2.195709357606301926e-01	9.623731194921910162e-03	6.387717750803119550e-03
nan	2.000000000000000000e+04	2.000000000000000000e+01	nan	2.296898305787544725e-01	1.024152623805753629e-02	6.199652094323666873e-03
nan	2.000000000000000000e+04	2.000000000000000000e+01	nan	2.397579790527197274e-01	9.466835187114044578e-03	6.364469095782874890e-03
nan	2.000000000000000000e+04	2.000000000000000000e+01	nan	2.497199449747586064e-01	9.068318736178077391e-03	5.946581871719071322e-03
nan	2.000000000000000000e+04	2.000000000000000000e+01	nan	2.586937274862884939e-01	9.443166601843992411e-03	6.006959561312689988e-03
nan	2.000000000000000000e+04	2.000000000000000000e+01	nan	2.691229482458675215e-01	9.082274258016765495e-03	5.474170538837192304e-03
nan	2.000000000000000000e+04	2.000000000000000000e+01	nan	2.797762229804175438e-01	9.421842861694947752e-03	5.694234251469846089e-03
nan	2.000000000000000000e+04	2.000000000000000000e+01	nan	2.897939106757349004e-01	8.811132409222948228e-03	5.585728484443113102e-03
nan	2.000000000000000000e+04	2.000000000000000000e+01	nan	2.993808551665824713e-01	9.057559913866039883e-03	5.420168577137081563e-03
nan	2.000000000000000000e+04	2.000000000000000000e+01	nan	3.090193871662541003e-01	9.417805697037692769e-03	5.394467557626224721e-03
nan	2.000000000000000000e+04	2.000000000000000000e+01	nan	3.195567579957696580e-01	8.880163831915382014e-03	5.370354795337297683e-03
nan	2.000000000000000000e+04	2.000000000000000000e+01	nan	3.296810799585546126e-01	9.092557515126845069e-03	5.294888776686447994e-03
nan	2.000000000000000000e+04	2.000000000000000000e+01	nan	3.394820892577081195e-01	9.181366117358254891e-03	5.195126750336612718e-03
nan	2.000000000000000000e+04	2.000000000000000000e+01	nan	3.496831786292568522e-01	8.768110928629880424e-03	5.266641346078469559e-03
nan	2.000000000000000000e+04	2.000000000000000000e+01	nan	3.595211557053244467e-01	9.013284928276093025e-03	4.899214428907707787e-03
nan	2.000000000000000000e+04	2.000000000000000000e+01	nan	3.694178503022703675e-01	9.335406203365096550e-03	4.942291347166657099e-03
nan	2.000000000000000000e+04	2.000000000000000000e+01	nan	3.794973569097328525e-01	9.061157680990188090e-03	5.169893345160155723e-03
nan	2.000000000000000000e+04	2.000000000000000000e+01	nan	3.892660490204525869e-01	8.815150663991038263e-03	4.935145466838318160e-03
nan	2.000000000000000000e+04	2.000000000000000000e+01	nan	3.993883170480330702e-01	8.485445982094677597e-03	4.985593238787118520e-03
nan	2.000000000000000000e+04	2.000000000000000000e+01	nan	1.870377013699905944e-02	2.285111743308462437e-02	2.130374281013638904e-02
nan	2.000000000000000000e+04	2.000000000000000000e+01	nan	2.997941340659622186e-02	1.778097793877669169e-02	1.643751947503238955e-02
nan	2.000000000000000000e+04	2.000000000000000000e+01	nan	3.993899896380071618e-02	1.736023121699220226e-02	1.443665008888635713e-02
nan	2.000000000000000000e+04	2.000000000000000000e+01	nan	4.994513934321048731e-02	1.502494673457749341e-02	1.345779357474750915e-02
nan	2.000000000000000000e+04	2.000000000000000000e+01	nan	5.991677105108010604e-02	1.474808242218878483e-02	1.224994994553284255e-02
nan	2.000000000000000000e+04	2.000000000000000000e+01	nan	6.951257539090420490e-02	1.309422540037960894e-02	1.088558477744116029e-02
nan	2.000000000000000000e+04	2.000000000000000000e+01	nan	7.963065066122680669e-02	1.255771963155598650e-02	1.057360587930125141e-02
nan	2.000000000000000000e+04	2.000000000000000000e+01	nan	8.982628636990283577e-02	1.258249587902969015e-02	9.658264720866125211e-03
nan	2.000000000000000000e+04	2.000000000000000000e+01	nan	9.989562209261748649e-02	1.183471834755426763e-02	9.837714301070665801e-03
nan	2.000000000000000000e+04	2.000000000000000000e+01	nan	1.097603315865944840e-01	1.130160326651536914e-02	8.932497657404111363e-03
nan	2.000000000000000000e+04	2.000000000000000000e+01	nan	1.197721707176196970e-01	1.102341135930582847e-02	8.369336971443428960e-03
nan	2.000000000000000000e+04	2.000000000000000000e+01	nan	1.298261237824499259e-01	1.139618211719048077e-02	8.389176883179718519e-03
nan	2.000000000000000000e+04	2.000000000000000000e+01	nan	1.398916652839443386e-01	1.107529570348456636e-02	8.270810446217078879e-03
nan	2.000000000000000000e+04	2.000000000000000000e+01	nan	1.498299241780569058e-01	1.089739179335363559e-02	7.926270713614250174e-03
nan	2.000000000000000000e+04	2.000000000000000000e+01	nan	1.598962567211083263e-01	1.115347679622394686e-02	7.425132540507722867e-03
nan	2.000000000000000000e+04	2.000000000000000000e+01	nan	1.695058020276428434e-01	1.045067522404492452e-02	7.192639129564340830e-03
nan	2.000000000000000000e+04	2.000000000000000000e+01	nan	1.798461009677111977e-01	1.017842507869877108e-02	6.906084150127496206e-03
nan	2.000000000000000000e+04	2.000000000000000000e+01	nan	1.897572024522105605e-01	1.081076830303029715e-02	6.953634799777874340e-03
nan	2.000000000000000000e+04	2.000000000000000000e+01	nan	1.994703482726981891e-01	1.024972923508616490e-02	6.725712343280493451e-03
nan	2.000000000000000000e+04	2.000000000000000000e+01	nan	2.093789553463739073e-01	9.915514742781256913e-03	6.433915517824298318e-03
nan	2.000000000000000000e+04	2.000000000000000000e+01	nan	2.197401633044137326e-01	9.564462318801840099e-03	6.539766066578235788e-03
nan	2.000000000000000000e+04	2.000000000000000000e+01	nan	2.290322176048539549e-01	9.252575913222172224e-03	5.962016381366766829e-03
nan	2.000000000000000000e+04	2.000000000000000000e+01	nan	2.396822876550231685e-01	9.336792211441203096e-03	5.876356233355280526e-03
nan	2.000000000000000000e+04	2.000000000000000000e+01	nan	2.486334452726532418e-01	9.371230654920886111e-03	6.234444704308355137e-03
nan	2.000000000000000000e+04	2.000000000000000000e+01	nan	2.592577757239814540e-01	9.412165692238735198e-03	5.879663862897946923e-03
nan	2.000000000000000000e+04	2.000000000000000000e+01	nan	2.688493781827673845e-01	9.414234958076108523e-03	5.483623269558193444e-03
nan	2.000000000000000000e+04	2.000000000000000000e+01	nan	2.793500948903420156e-01	9.638383141285093367e-03	5.930740004916145065e-03
nan	2.000000000000000000e+04	2.000000000000000000e+01	nan	2.893639746270036950e-01	9.092991965006435792e-03	5.586457453266672861e-03
nan	2.000000000000000000e+04	2.000000000000000000e+01	nan	2.997649557588920599e-01	9.648430675722611052e-03	5.231501412747855372e-03
nan	2.000000000000000000e+04	2.000000000000000000e+01	nan	3.080205842648956471e-01	9.207535659359885466e-03	5.483533054927084219e-03
nan	2.000000000000000000e+04	2.000000000000000000e+01	nan	3.196839965184517518e-01	9.322492759727199485e-03	5.326214942543781861e-03
nan	2.000000000000000000e+04	2.000000000000000000e+01	nan	3.295859411898800495e-01	8.720823615871701670e-03	5.496559966929028852e-03
nan	2.000000000000000000e+04	2.000000000000000000e+01	nan	3.176753203495255584e-01	9.119361024382020148e-03	5.323204282511226869e-03
nan	2.000000000000000000e+04	2.000000000000000000e+01	nan	3.492742706691296939e-01	9.315444068322766696e-03	4.857080005411899826e-03
nan	2.000000000000000000e+04	2.000000000000000000e+01	nan	3.596369411591331389e-01	8.642105462152346526e-03	5.240184144092203608e-03
nan	2.000000000000000000e+04	2.000000000000000000e+01	nan	3.695641349475045079e-01	8.843049064659639150e-03	4.980865625026792594e-03
nan	2.000000000000000000e+04	2.000000000000000000e+01	nan	3.790397021565513613e-01	9.199462986562715466e-03	4.756545018287297935e-03
nan	2.000000000000000000e+04	2.000000000000000000e+01	nan	3.895839957816133459e-01	9.260517474401029972e-03	4.711746530664801327e-03
nan	2.000000000000000000e+04	2.000000000000000000e+01	nan	3.987460581407958893e-01	8.799934704442931646e-03	4.790116492283266747e-03
nan	2.000000000000000000e+04	2.000000000000000000e+01	nan	1.869631925352284799e-02	2.271383857317364405e-02	2.096743286067486584e-02
nan	2.000000000000000000e+04	2.000000000000000000e+01	nan	2.995884436209394000e-02	1.804385270055357954e-02	1.777317329454291758e-02
nan	2.000000000000000000e+04	2.000000000000000000e+01	nan	3.996090318700680488e-02	1.637691080133673455e-02	1.500319916227945728e-02
nan	2.000000000000000000e+04	2.000000000000000000e+01	nan	4.675303333506500292e-02	1.479889837170671532e-02	1.431178432870798024e-02
nan	2.000000000000000000e+04	2.000000000000000000e+01	nan	5.993933856076182065e-02	1.376004307741581986e-02	1.208968640301929728e-02
nan	2.000000000000000000e+04	2.000000000000000000e+01	nan	6.991264054495331670e-02	1.288767848184401224e-02	1.132909119324516586e-02
nan	2.000000000000000000e+04	2.000000000000000000e+01	nan	7.985039085186598773e-02	1.272923202690681363e-02	1.005525472683676223e-02
nan	2.000000000000000000e+04	2.000000000000000000e+01	nan	8.409488068880104084e-02	1.185278581227798209e-02	1.002608353000904173e-02
nan	2.000000000000000000e+04	2.000000000000000000e+01	nan	9.949382940696296918e-02	1.194781153882465766e-02	9.954993892121070248e-03
nan	2.000000000000000000e+04	2.000000000000000000e+01	nan	1.098311248032041443e-01	1.168975140309405983e-02	9.251792034034853063e-03
nan	2.000000000000000000e+04	2.000000000000000000e+01	nan	1.198769144272637394e-01	1.126833083931492833e-02	8.281957525180743893e-03
nan	2.000000000000000000e+04	2.000000000000000000e+01	nan	1.298427505112385860e-01	1.111772470244424757e-02	8.311918746462509597e-03
nan	2.000000000000000000e+04	2.000000000000000000e+01	nan	1.398275774464718679e-01	1.087742904291287560e-02	8.373596601371931930e-03
nan	2.000000000000000000e+04	2.000000000000000000e+01	nan	1.496696865491730921e-01	1.112098028814012887e-02	7.682377164198128834e-03
nan	2.000000000000000000e+04	2.000000000000000000e+01	nan	1.598434893215517349e-01	1.042462387885086973e-02	7.964269653249278838e-03
nan	2.000000000000000000e+04	2.000000000000000000e+01	nan	1.687441328414251984e-01	1.074922376310067512e-02	7.326374833859573485e-03
nan	2.000000000000000000e+04	2.000000000000000000e+01	nan	1.797796546439121845e-01	1.022197145514260053e-02	7.416713496021962344e-03
nan	2.000000000000000000e+04	2.000000000000000000e+01	nan	1.897733554344722406e-01	1.040122501619000772e-02	7.035690807297598388e-03
nan	2.000000000000000000e+04	2.000000000000000000e+01	nan	1.997975541985261005e-01	9.932861623541200738e-03	6.424063781902506973e-03
nan	2.000000000000000000e+04	2.000000000000000000e+01	nan	2.095248861475101643e-01	1.013695564898363377e-02	6.556341453174893696e-03
nan	2.000000000000000000e+04	2.000000000000000000e+01	nan	2.196411129962234643e-01	9.493734256690020135e-03	6.310137073416065279e-03
nan	2.000000000000000000e+04	2.000000000000000000e+01	nan	2.297149350902600307e-01	9.805308843355323503e-03	6.128509672259481456e-03
nan	2.000000000000000000e+04	2.000000000000000000e+01	nan	2.396478822503013417e-01	9.628017720875110472e-03	6.272412294286265275e-03
nan	2.000000000000000000e+04	2.000000000000000000e+01	nan	2.497572986081832147e-01	9.339809446690683706e-03	6.106536285067163533e-03
nan	2.000000000000000000e+04	2.000000000000000000e+01	nan	2.595795562461444272e-01	9.294870507893633615e-03	5.582075656074806172e-03
nan	2.000000000000000000e+04	2.000000000000000000e+01	nan	2.696646690201668917e-01	9.476244813914732473e-03	5.666145887259775235e-03
nan	2.000000000000000000e+04	2.000000000000000000e+01	nan	2.787195074029386599e-01	9.281072462097503945e-03	5.632212435796700098e-03
nan	2.000000000000000000e+04	2.000000000000000000e+01	nan	2.894954143375889632e-01	9.479112682123130157e-03	5.433244572559736869e-03
nan	2.000000000000000000e+04	2.000000000000000000e+01	nan	2.990451977547400331e-01	9.272125149482930359e-03	5.754173275782929926e-03
nan	2.000000000000000000e+04	2.000000000000000000e+01	nan	3.093543273165960672e-01	9.365856106033883591e-03	5.411023823579054828e-03
nan	2.000000000000000000e+04	2.000000000000000000e+01	nan	3.196061523781372760e-01	9.359158655540647173e-03	5.263261849494415764e-03
nan	2.000000000000000000e+04	2.000000000000000000e+01	nan	3.295187169303789854e-01	8.915867869306811494e-03	5.101580809215270837e-03
nan	2.000000000000000000e+04	2.000000000000000000e+01	nan	3.396301536335250004e-01	9.236209165623945547e-03	5.034209382197670640e-03
nan	2.000000000000000000e+04	2.000000000000000000e+01	nan	3.485372259995892508e-01	8.852454863950639380e-03	5.319026478212871348e-03
nan	2.000000000000000000e+04	2.000000000000000000e+01	nan	3.351671231428793307e-01	8.815396433444847371e-03	5.079038701360260796e-03
nan	2.000000000000000000e+04	2.000000000000000000e+01	nan	3.690925170508398967e-01	9.330791228202663101e-03	4.746140273996305933e-03
nan	2.000000000000000000e+04	2.000000000000000000e+01	nan	3.785037733185072084e-01	8.644248939768242601e-03	4.738916049744470831e-03
nan	2.000000000000000000e+04	2.000000000000000000e+01	nan	3.894842169095954487e-01	8.287750083725878639e-03	4.861610358920949101e-03
nan	2.000000000000000000e+04	2.000000000000000000e+01	nan	3.997022021539760606e-01	8.776380964296313231e-03	4.828368528825783927e-03
nan	2.000000000000000000e+04	2.000000000000000000e+01	nan	1.868122863938349518e-02	2.260264882369815084e-02	2.161913677622356172e-02
nan	2.000000000000000000e+04	2.000000000000000000e+01	nan	2.997728792319321808e-02	1.930854438301942561e-02	1.645631277344794530e-02
nan	2.000000000000000000e+04	2.000000000000000000e+01	nan	3.995577124709598360e-02	1.619835332595480348e-02	1.457646470155439002e-02
nan	2.000000000000000000e+04	2.000000000000000000e+01	nan	4.992358105415518887e-02	1.567447698935604469e-02	1.326624453206879349e-02
nan	2.000000000000000000e+04	2.000000000000000000e+01	nan	5.994134748547821218e-02	1.496552147401505016e-02	1.232297325333965229e-02
nan	2.000000000000000000e+04	2.000000000000000000e+01	nan	6.941726268512866949e-02	1.339862701446282132e-02	1.103919799149899808e-02
nan	2.000000000000000000e+04	2.000000000000000000e+01	nan	7.992439324524183708e-02	1.370230214221434054e-02	1.110514734533338439e-02
nan	2.000000000000000000e+04	2.000000000000000000e+01	nan	8.974223580767556885e-02	1.241120483700377912e-02	9.367407395728206618e-03
nan	2.000000000000000000e+04	2.000000000000000000e+01	nan	9.950232580455349585e-02	1.243632484991545606e-02	9.562834036725647788e-03
nan	2.000000000000000000e+04	2.000000000000000000e+01	nan	1.094994583765765139e-01	1.155100715253141661e-02	9.192460537111198787e-03
nan	2.000000000000000000e+04	2.000000000000000000e+01	nan	1.198958015420521495e-01	1.124997592396441773e-02	8.319140210993452786e-03
nan	2.000000000000000000e+04	2.000000000000000000e+01	nan	1.215673971520626895e-01	1.102889954741083541e-02	8.513107850741814461e-03
nan	2.000000000000000000e+04	2.000000000000000000e+01	nan	1.397491289285153482e-01	1.119475073407475048e-02	7.849289365811458127e-03
nan	2.000000000000000000e+04	2.000000000000000000e+01	nan	1.497932354498425211e-01	1.073604509490020016e-02	7.659423977136063308e-03
nan	2.000000000000000000e+04	2.000000000000000000e+01	nan	1.598118666835534885e-01	1.054079196988237481e-02	7.348095798110918300e-03
nan	2.000000000000000000e+04	2.000000000000000000e+01	nan	1.698716497709847340e-01	1.022654109151909657e-02	7.491360968580637429e-03
nan	2.000000000000000000e+04	2.000000000000000000e+01	nan	1.794670062657633125e-01	1.009067853471814873e-02	7.242790888668133691e-03
nan	2.000000000000000000e+04	2.000000000000000000e+01	nan	1.894961688558350899e-01	1.011398770100416754e-02	6.917641201940447418e-03
nan	2.000000000000000000e+04	2.000000000000000000e+01	nan	1.996261286775779797e-01	9.828056176230599503e-03	6.665056230090611426e-03
nan	2.000000000000000000e+04	2.000000000000000000e+01	nan	2.096021267043670089e-01	9.875558602795413837e-03	6.766864390369256924e-03
nan	2.000000000000000000e+04	2.000000000000000000e+01	nan	2.197084521184478889e-01	1.053223565136886253e-02	6.151147281189229057e-03
nan	2.000000000000000000e+04	2.000000000000000000e+01	nan	2.296019393954338850e-01	9.842739400761241556e-03	5.999330692494773964e-03
nan	2.000000000000000000e+04	2.000000000000000000e+01	nan	2.393305394537856012e-01	1.003446098973785616e-02	6.022224031403733413e-03
nan	2.000000000000000000e+04	2.000000000000000000e+01	nan	2.496377099827532253e-01	9.359911060018894641e-03	5.898686793569436933e-03
nan	2.000000000000000000e+04	2.000000000000000000e+01	nan	2.597696450721923567e-01	9.038908347226391748e-03	5.739297193745924661e-03
nan	2.000000000000000000e+04	2.000000000000000000e+01	nan	2.693123913784256640e-01	9.625822808836179481e-03	5.789839981917295486e-03
nan	2.000000000000000000e+04	2.000000000000000000e+01	nan	2.795543541318875613e-01	9.175305257356955110e-03	5.712008250838543702e-03
nan	2.000000000000000000e+04	2.000000000000000000e+01	nan	2.893954467805542885e-01	8.777023337552218932e-03	5.583438248977253340e-03
nan	2.000000000000000000e+04	2.000000000000000000e+01	nan	2.986671610357370943e-01	9.647862499848138679e-03	5.508122859368060065e-03
nan	2.000000000000000000e+04	2.000000000000000000e+01	nan	3.096541610022268687e-01	9.679705548594317796e-03	5.368405020199517111e-03
nan	2.000000000000000000e+04	2.000000000000000000e+01	nan	3.193832916684823386e-01	9.458834735804364652e-03	5.519234135553526335e-03
nan	2.000000000000000000e+04	2.000000000000000000e+01	nan	3.297151023229889510e-01	9.181738737361281461e-03	5.362607289213894290e-03
nan	2.000000000000000000e+04	2.000000000000000000e+01	nan	3.395039203809210315e-01	8.632237733818144340e-03	5.481728990865701069e-03
nan	2.000000000000000000e+04	2.000000000000000000e+01	nan	3.494917900144355327e-01	9.238934451586185842e-03	5.090702763883035720e-03
nan	2.000000000000000000e+04	2.000000000000000000e+01	nan	3.598072632093953782e-01	9.076442389805114072e-03	5.092463440740644699e-03
nan	2.000000000000000000e+04	2.000000000000000000e+01	nan	3.694758104738594118e-01	8.840655743764183269e-03	4.867366402405412518e-03
nan	2.000000000000000000e+04	2.000000000000000000e+01	nan	3.796435618943269086e-01	8.665693078559780563e-03	4.903581281459918478e-03
nan	2.000000000000000000e+04	2.000000000000000000e+01	nan	3.894739674248740013e-01	8.670707846753430981e-03	4.771290413231266125e-03
nan	2.000000000000000000e+04	2.000000000000000000e+01	nan	3.995434576050138076e-01	9.117689514724403727e-03	4.949245935293239244e-03
nan	2.000000000000000000e+04	2.000000000000000000e+01	nan	1.988196082630793241e-02	2.131778231212680744e-02	2.120504291526573853e-02
nan	2.000000000000000000e+04	2.000000000000000000e+01	nan	2.996791754981245615e-02	1.799831994473732877e-02	1.676887116378034809e-02
nan	2.000000000000000000e+04	2.000000000000000000e+01	nan	3.997054058926892417e-02	1.674696412364436865e-02	1.478599615851662955e-02
nan	2.000000000000000000e+04	2.000000000000000000e+01	nan	4.991856813350068617e-02	1.485552239695995223e-02	1.332680523163268238e-02
nan	2.000000000000000000e+04	2.000000000000000000e+01	nan	5.991032581053105238e-02	1.396300513148498491e-02	1.245098963150255596e-02
nan	2.000000000000000000e+04	2.000000000000000000e+01	nan	6.984345522105059323e-02	1.284271558551165412e-02	1.160758164158623949e-02
nan	2.000000000000000000e+04	2.000000000000000000e+01	nan	7.992651238550024795e-02	1.338122284959961106e-02	1.028079525781393049e-02
nan	2.000000000000000000e+04	2.000000000000000000e+01	nan	8.959328094033480738e-02	1.264445750621389329e-02	9.931980543989792423e-03
nan	2.000000000000000000e+04	2.000000000000000000e+01	nan	9.986093294412740073e-02	1.150993762586846429e-02	8.917090137098421937e-03
nan	2.000000000000000000e+04	2.000000000000000000e+01	nan	1.098793013879640068e-01	1.149500071257658282e-02	8.784419640818007941e-03
nan	2.000000000000000000e+04	2.000000000000000000e+01	nan	1.198784946271325563e-01	1.142399500666833358e-02	8.243492904792214943e-03
nan	2.000000000000000000e+04	2.000000000000000000e+01	nan	1.299314986800209071e-01	1.094467520170105956e-02	8.321764651755261463e-03
nan	2.000000000000000000e+04	2.000000000000000000e+01	nan	1.397102786122195739e-01	1.121497470696693199e-02	8.356590152974264010e-03
nan	2.000000000000000000e+04	2.000000000000000000e+01	nan	1.497189582425562659e-01	1.075595407915589177e-02	7.445991621309858491e-03
nan	2.000000000000000000e+04	2.000000000000000000e+01	nan	1.598493881370222913e-01	1.040233463839006743e-02	7.442549891441196594e-03
nan	2.000000000000000000e+04	2.000000000000000000e+01	nan	1.697198221806047458e-01	1.055024961260651352e-02	7.073443198253414992e-03
nan	2.000000000000000000e+04	2.000000000000000000e+01	nan	1.797241717937186067e-01	1.040244111573880928e-02	7.005987242959069508e-03
nan	2.000000000000000000e+04	2.000000000000000000e+01	nan	1.896160091235378764e-01	1.036574120774600392e-02	6.734981037474290291e-03
nan	2.000000000000000000e+04	2.000000000000000000e+01	nan	1.995193628501783778e-01	1.026301207666365824e-02	6.833681068829100709e-03
nan	2.000000000000000000e+04	2.000000000000000000e+01	nan	2.096252951313181401e-01	1.003065183428230797e-02	6.422512594302871684e-03
nan	2.000000000000000000e+04	2.000000000000000000e+01	nan	2.191887399559072913e-01	9.649067588410751434e-03	6.644232078877813918e-03
nan	2.000000000000000000e+04	2.000000000000000000e+01	nan	2.295139478101191344e-01	1.004827095211438190e-02	5.919554324305500471e-03
nan	2.000000000000000000e+04	2.000000000000000000e+01	nan	2.394056904300032040e-01	9.676509428815214045e-03	6.018521648628107588e-03
nan	2.000000000000000000e+04	2.000000000000000000e+01	nan	2.497089109199623347e-01	1.022627435089537747e-02	5.916030932584176623e-03
nan	2.000000000000000000e+04	2.000000000000000000e+01	nan	2.586702319461801070e-01	9.393242744843080874e-03	6.208974516696406064e-03
nan	2.000000000000000000e+04	2.000000000000000000e+01	nan	2.697192789258042178e-01	9.525793484636856101e-03	5.920037377942000134e-03
nan	2.000000000000000000e+04	2.000000000000000000e+01	nan	2.796896764317625683e-01	9.554584352977998907e-03	5.520363999132070834e-03
nan	2.000000000000000000e+04	2.000000000000000000e+01	nan	2.710827586889128504e-01	9.287912010685177300e-03	5.624668644136121380e-03
nan	2.000000000000000000e+04	2.000000000000000000e+01	nan	2.998863963979511160e-01	9.796718066824696217e-03	5.429792460694425442e-03
nan	2.000000000000000000e+04	2.000000000000000000e+01	nan	3.096456603954902964e-01	9.121090555343300960e-03	5.307960869058152287e-03
nan	2.000000000000000000e+04	2.000000000000000000e+01	nan	3.188376590196003169e-01	9.136925490710299386e-03	5.283242986934215402e-03
nan	2.000000000000000000e+04	2.000000000000000000e+01	nan	3.086097187127204711e-01	9.134055260293681006e-03	5.561863280856439891e-03
nan	2.000000000000000000e+04	2.000000000000000000e+01	nan	3.388648285260660309e-01	8.950700223697611452e-03	5.008269566021796362e-03
nan	2.000000000000000000e+04	2.000000000000000000e+01	nan	3.496010644205489459e-01	9.086339539369601634e-03	5.147507881282899038e-03
nan	2.000000000000000000e+04	2.000000000000000000e+01	nan	3.594485313681979877e-01	8.891577831510214316e-03	4.868335747112149600e-03
nan	2.000000000000000000e+04	2.000000000000000000e+01	nan	3.695094638403043086e-01	8.791066636791525918e-03	5.012495205456967903e-03
nan	2.000000000000000000e+04	2.000000000000000000e+01	nan	3.779481277181275800e-01	9.146548635085769569e-03	5.041387375839485874e-03
nan	2.000000000000000000e+04	2.000000000000000000e+01	nan	3.887150275635667951e-01	8.698704001119087273e-03	4.848631794693665856e-03
nan	2.000000000000000000e+04	2.000000000000000000e+01	nan	3.994594332577435236e-01	8.727891863273074327e-03	4.756785425477695096e-03
nan	2.000000000000000000e+04	2.000000000000000000e+01	nan	1.998985714863920488e-02	2.170945064969736008e-02	2.100024886050106190e-02
nan	2.000000000000000000e+04	2.000000000000000000e+01	nan	2.997873068657213452e-02	1.878512575312966254e-02	1.816446743816774873e-02
nan	2.000000000000000000e+04	2.000000000000000000e+01	nan	3.989909938323649152e-02	1.675281803514019202e-02	1.482689584003263686e-02
nan	2.000000000000000000e+04	2.000000000000000000e+01	nan	4.993611174428337629e-02	1.461904825517123044e-02	1.347975322078431328e-02
nan	2.000000000000000000e+04	2.000000000000000000e+01	nan	5.994298056595426250e-02	1.382686921233612989e-02	1.184834217740371107e-02
nan	2.000000000000000000e+04	2.000000000000000000e+01	nan	6.978401970552795819e-02	1.321388637300707422e-02	1.129542960770372854e-02
nan	2.000000000000000000e+04	2.000000000000000000e+01	nan	7.985039156824313977e-02	1.289310576967978364e-02	1.054139215748201713e-02
nan	2.000000000000000000e+04	2.000000000000000000e+01	nan	8.409248044734342342e-02	1.263440022595701054e-02	1.000097532616507634e-02
nan	2.000000000000000000e+04	2.000000000000000000e+01	nan	9.983228291271870058e-02	1.184372328716277491e-02	8.940286477617196206e-03
nan	2.000000000000000000e+04	2.000000000000000000e+01	nan	1.097806516428863760e-01	1.165432272622861712e-02	8.858099125194371717e-03
nan	2.000000000000000000e+04	2.000000000000000000e+01	nan	1.196599923299254409e-01	1.088254283863272429e-02	8.350088306493095094e-03
nan	2.000000000000000000e+04	2.000000000000000000e+01	nan	1.297656113481343854e-01	1.081508160135797106e-02	8.595131160219907432e-03
nan	2.000000000000000000e+04	2.000000000000000000e+01	nan	1.397821927485483617e-01	1.115729247169167451e-02	8.340032774275991240e-03
nan	2.000000000000000000e+04	2.000000000000000000e+01	nan	1.497620716667097396e-01	1.078840093863307412e-02	7.741595783109298315e-03
nan	2.000000000000000000e+04	2.000000000000000000e+01	nan	1.591760877271190255e-01	1.058545817332347261e-02	7.726682801947703898e-03
nan	2.000000000000000000e+04	2.000000000000000000e+01	nan	1.697954821489247590e-01	1.057170246047483241e-02	7.252534753725481051e-03
nan	2.000000000000000000e+04	2.000000000000000000e+01	nan	1.797546533091235743e-01	1.072775938955452743e-02	7.485466676852054954e-03
nan	2.000000000000000000e+04	2.000000000000000000e+01	nan	1.898345446828989258e-01	9.893316291964701636e-03	6.570591435448759274e-03
nan	2.000000000000000000e+04	2.000000000000000000e+01	nan	1.996869546409197893e-01	9.878275777936439822e-03	6.753111480981561013e-03
nan	2.000000000000000000e+04	2.000000000000000000e+01	nan	2.097487197673126302e-01	9.676653314927055258e-03	6.809521943506697921e-03
nan	2.000000000000000000e+04	2.000000000000000000e+01	nan	2.198959936766186618e-01	1.035827866329871137e-02	6.583480359325151292e-03
nan	2.000000000000000000e+04	2.000000000000000000e+01	nan	2.148541312833402994e-01	9.653862108217524385e-03	6.505857710432647045e-03
nan	2.000000000000000000e+04	2.000000000000000000e+01	nan	2.393399701720773098e-01	9.294953708730992192e-03	6.119956786456437481e-03
nan	2.000000000000000000e+04	2.000000000000000000e+01	nan	2.495013748572273704e-01	9.883896009191135354e-03	5.835896253193759500e-03
nan	2.000000000000000000e+04	2.000000000000000000e+01	nan	2.595240490205014683e-01	9.131943260047948457e-03	6.192588536891955979e-03
nan	2.000000000000000000e+04	2.000000000000000000e+01	nan	2.697597658956419897e-01	9.323189196924435915e-03	5.916275571939406779e-03
nan	2.000000000000000000e+04	2.000000000000000000e+01	nan	2.794942822119901304e-01	9.555320339827011109e-03	5.926905430904455888e-03
nan	2.000000000000000000e+04	2.000000000000000000e+01	nan	2.894993921296281636e-01	9.131890705854859083e-03	5.417771512032328041e-03
nan	2.000000000000000000e+04	2.000000000000000000e+01	nan	2.997094560495042748e-01	9.386100587913556031e-03	5.401916692544007914e-03
nan	2.000000000000000000e+04	2.000000000000000000e+01	nan	3.094813965568755654e-01	9.349900412783107573e-03	5.361938977959890273e-03
nan	2.000000000000000000e+04	2.000000000000000000e+01	nan	3.192619365317659885e-01	9.005093612358941804e-03	5.313123382905791600e-03
nan	2.000000000000000000e+04	2.000000000000000000e+01	nan	3.295520052625397489e-01	9.025316004488758564e-03	5.185990544044725634e-03
nan	2.000000000000000000e+04	2.000000000000000000e+01	nan	3.391325232939562118e-01	8.894774914944472005e-03	4.969617965451402809e-03
nan	2.000000000000000000e+04	2.000000000000000000e+01	nan	3.495915356437945265e-01	9.410201323303871504e-03	5.062245956043402370e-03
nan	2.000000000000000000e+04	2.000000000000000000e+01	nan	3.578176809829801686e-01	9.318725030292787301e-03	4.908578483968500938e-03
nan	2.000000000000000000e+04	2.000000000000000000e+01	nan	3.679707893848808142e-01	8.581079498141594084e-03	4.940469602236773755e-03
nan	2.000000000000000000e+04	2.000000000000000000e+01	nan	3.793272175398578749e-01	8.836963616852386641e-03	5.033760593256829050e-03
nan	2.000000000000000000e+04	2.000000000000000000e+01	nan	3.896737251333616259e-01	8.635700183646503880e-03	4.704001994685541588e-03
nan	2.000000000000000000e+04	2.000000000000000000e+01	nan	3.932565805727336050e-01	8.638400936155806592e-03	4.640938218329558260e-03
nan	2.000000000000000000e+04	2.000000000000000000e+01	nan	1.996255896723312176e-02	2.177682603823546600e-02	2.111834346560734210e-02
nan	2.000000000000000000e+04	2.000000000000000000e+01	nan	2.996845485387211738e-02	1.836338120836928864e-02	1.770550950031780230e-02
nan	2.000000000000000000e+04	2.000000000000000000e+01	nan	3.995868396927335087e-02	1.629242305595236112e-02	1.467318310317532702e-02
nan	2.000000000000000000e+04	2.000000000000000000e+01	nan	4.990155227611694361e-02	1.464791181646750429e-02	1.323279609984463756e-02
nan	2.000000000000000000e+04	2.000000000000000000e+01	nan	5.986466894988552723e-02	1.373595011128911011e-02	1.224897386539260634e-02
nan	2.000000000000000000e+04	2.000000000000000000e+01	nan	6.993408240810822241e-02	1.331321579658244561e-02	1.082599359501195888e-02
nan	2.000000000000000000e+04	2.000000000000000000e+01	nan	7.988384141965980401e-02	1.289961115224768327e-02	1.048019361821956111e-02
nan	2.000000000000000000e+04	2.000000000000000000e+01	nan	8.966906352624164078e-02	1.251227632156492499e-02	9.437167559247632356e-03
nan	2.000000000000000000e+04	2.000000000000000000e+01	nan	9.978040453776884644e-02	1.214921965574027388e-02	9.654604105863736838e-03
nan	2.000000000000000000e+04	2.000000000000000000e+01	nan	1.099124625854619869e-01	1.119388393008295332e-02	9.126926427946754905e-03
nan	2.000000000000000000e+04	2.000000000000000000e+01	nan	1.196498582654248882e-01	1.084839707341198577e-02	8.606037866551827231e-03
nan	2.000000000000000000e+04	2.000000000000000000e+01	nan	1.297521720217264529e-01	1.165852867987732591e-02	8.514923385732689476e-03
nan	2.000000000000000000e+04	2.000000000000000000e+01	nan	1.309388824314172139e-01	1.111703334571995452e-02	7.953538743157753665e-03
nan	2.000000000000000000e+04	2.000000000000000000e+01	nan	1.498845851335954549e-01	1.043483208676515214e-02	7.623635609876625030e-03
nan	2.000000000000000000e+04	2.000000000000000000e+01	nan	1.598196763042960822e-01	1.015066845879899690e-02	7.744842705903490221e-03
nan	2.000000000000000000e+04	2.000000000000000000e+01	nan	1.698547053813263263e-01	1.020370679301061019e-02	7.265295514343355840e-03
nan	2.000000000000000000e+04	2.000000000000000000e+01	nan	1.796656087050359785e-01	1.043853930006606069e-02	7.415274242092222481e-03
nan	2.000000000000000000e+04	2.000000000000000000e+01	nan	1.897708508178357067e-01	1.027381918611507822e-02	6.838305689426867409e-03
nan	2.000000000000000000e+04	2.000000000000000000e+01	nan	1.997001926627444690e-01	9.661033690878322727e-03	6.741274926535864749e-03
nan	2.000000000000000000e+04	2.000000000000000000e+01	nan	2.094181600809861266e-01	1.016051145616380866e-02	6.630461314006940929e-03
nan	2.000000000000000000e+04	2.000000000000000000e+01	nan	2.194990980586498941e-01	9.578343370593713282e-03	6.184931690671423114e-03
nan	2.000000000000000000e+04	2.000000000000000000e+01	nan	2.297874115640206605e-01	9.903040051445793912e-03	6.421360317984967439e-03
nan	2.000000000000000000e+04	2.000000000000000000e+01	nan	2.394230474276718978e-01	9.837496914339676282e-03	5.927547935219653480e-03
nan	2.000000000000000000e+04	2.000000000000000000e+01	nan	2.495303872241310950e-01	9.646177511045716732e-03	6.010813616764643097e-03
nan	2.000000000000000000e+04	2.000000000000000000e+01	nan	2.584424819545074747e-01	9.319818356066574341e-03	5.687452658461504031e-03
nan	2.000000000000000000e+04	2.000000000000000000e+01	nan	2.681640334509575174e-01	9.280341818239395621e-03	5.737848302627785932e-03
nan	2.000000000000000000e+04	2.000000000000000000e+01	nan	2.793287366372896874e-01	8.731498111615994956e-03	5.678738365712532321e-03
nan	2.000000000000000000e+04	2.000000000000000000e+01	nan	2.896122243301124111e-01	9.153694566789974743e-03	5.511444356445878781e-03
nan	2.000000000000000000e+04	2.000000000000000000e+01	nan	2.994216153445267703e-01	9.137895939175095378e-03	5.308477782422062717e-03
nan	2.000000000000000000e+04	2.000000000000000000e+01	nan	3.094030695328001679e-01	9.429879977904561533e-03	5.331359125475697465e-03
nan	2.000000000000000000e+04	2.000000000000000000e+01	nan	3.196304641798360935e-01	9.010593281339868837e-03	5.100591053130234392e-03
nan	2.000000000000000000e+04	2.000000000000000000e+01	nan	3.285912251046193000e-01	9.332993416035564871e-03	5.167958255170654845e-03
nan	2.000000000000000000e+04	2.000000000000000000e+01	nan	3.397345332259101292e-01	9.123562761456585277e-03	5.099703870099621394e-03
nan	2.000000000000000000e+04	2.000000000000000000e+01	nan	3.491839346488086471e-01	8.815113957154599791e-03	4.994559625043461411e-03
nan	2.000000000000000000e+04	2.000000000000000000e+01	nan	3.592168316260995198e-01	8.850892545503131342e-03	5.246296082501845752e-03
nan	2.000000000000000000e+04	2.000000000000000000e+01	nan	3.695986670765160076e-01	9.249461711294804794e-03	4.963843430800115968e-03
nan	2.000000000000000000e+04	2.000000000000000000e+01	nan	3.786933004818911486e-01	9.065281932999810777e-03	5.079746954891713011e-03
nan	2.000000000000000000e+04	2.000000000000000000e+01	nan	3.895336113311805293e-01	8.689801223057000423e-03	5.021337474574889652e-03
nan	2.000000000000000000e+04	2.000000000000000000e+01	nan	3.991492560002643519e-01	8.752525620066989656e-03	4.883031080330191634e-03
nan	2.000000000000000000e+04	2.000000000000000000e+01	nan	1.865809762964956708e-02	2.236633083813389239e-02	2.129372756879107514e-02
nan	2.000000000000000000e+04	2.000000000000000000e+01	nan	2.991322071634840499e-02	1.957010973891595146e-02	1.705812669817917404e-02
nan	2.000000000000000000e+04	2.000000000000000000e+01	nan	3.996588629912935231e-02	1.625078914103617739e-02	1.569486633764907019e-02
nan	2.000000000000000000e+04	2.000000000000000000e+01	nan	4.982100445044125581e-02	1.474885513632956911e-02	1.267809276770185713e-02
nan	2.000000000000000000e+04	2.000000000000000000e+01	nan	5.989677863270117392e-02	1.414211367156252043e-02	1.157126916448797740e-02
nan	2.000000000000000000e+04	2.000000000000000000e+01	nan	6.983259236178582241e-02	1.340967504998200575e-02	1.091295980529853084e-02
nan	2.000000000000000000e+04	2.000000000000000000e+01	nan	7.989464130055920488e-02	1.230292136276681277e-02	1.039933562756898029e-02
nan	2.000000000000000000e+04	2.000000000000000000e+01	nan	8.988976554199780422e-02	1.196848070652886328e-02	9.763524629909838687e-03
nan	2.000000000000000000e+04	2.000000000000000000e+01	nan	9.991904683441135693e-02	1.137383664593213072e-02	9.610836447769163099e-03
nan	2.000000000000000000e+04	2.000000000000000000e+01	nan	1.098956174993372670e-01	1.143789476580215139e-02	8.885641410979036939e-03
nan	2.000000000000000000e+04	2.000000000000000000e+01	nan	1.199297433993797429e-01	1.145956204412477974e-02	8.779980373943837429e-03
nan	2.000000000000000000e+04	2.000000000000000000e+01	nan	1.298423619792674899e-01	1.142362943991514362e-02	8.280328176956230912e-03
nan	2.000000000000000000e+04	2.000000000000000000e+01	nan	1.396912800999461912e-01	1.062600268916471732e-02	7.698922622532249245e-03
nan	2.000000000000000000e+04	2.000000000000000000e+01	nan	1.497258719394858328e-01	1.021837335437458458e-02	7.739422443546204247e-03
nan	2.000000000000000000e+04	2.000000000000000000e+01	nan	1.598122218951129880e-01	1.070762220366935566e-02	7.133097379601160970e-03
nan	2.000000000000000000e+04	2.000000000000000000e+01	nan	1.698024104893738895e-01	1.075400206699266697e-02	7.045450059070141983e-03
nan	2.000000000000000000e+04	2.000000000000000000e+01	nan	1.786212182286999461e-01	1.042328231160869097e-02	7.003156690402632598e-03
nan	2.000000000000000000e+04	2.000000000000000000e+01	nan	1.896890788056452837e-01	1.015304949476620797e-02	6.884556875376948888e-03
nan	2.000000000000000000e+04	2.000000000000000000e+01	nan	1.991609268219008411e-01	1.026398800013765024e-02	6.613240237014918373e-03
nan	2.000000000000000000e+04	2.000000000000000000e+01	nan	2.094945519885914043e-01	9.993573132160751479e-03	6.777381498992473066e-03
nan	2.000000000000000000e+04	2.000000000000000000e+01	nan	2.195142159736588050e-01	9.598297158992744743e-03	6.367471499251339470e-03
nan	2.000000000000000000e+04	2.000000000000000000e+01	nan	2.297636576857985113e-01	9.856953476522220883e-03	6.494626914731063336e-03
nan	2.000000000000000000e+04	2.000000000000000000e+01	nan	2.396528204550850139e-01	9.258964938095675529e-03	6.342614003382815620e-03
nan	2.000000000000000000e+04	2.000000000000000000e+01	nan	2.485341004673227994e-01	1.006459266146613428e-02	6.173236803308880701e-03
nan	2.000000000000000000e+04	2.000000000000000000e+01	nan	2.591309317311242810e-01	9.430722681671952282e-03	5.882271045090377293e-03
nan	2.000000000000000000e+04	2.000000000000000000e+01	nan	2.694122551338750671e-01	9.650871375430551333e-03	5.669343369967891691e-03
nan	2.000000000000000000e+04	2.000000000000000000e+01	nan	2.794899140128109249e-01	9.379681440542216378e-03	5.766577378989497064e-03
nan	2.000000000000000000e+04	2.000000000000000000e+01	nan	2.895880504135129874e-01	9.597488906084205434e-03	5.607752380140869873e-03
nan	2.000000000000000000e+04	2.000000000000000000e+01	nan	2.972932566360214079e-01	9.031969446873034171e-03	5.455313335747876378e-03
nan	2.000000000000000000e+04	2.000000000000000000e+01	nan	3.085335936664068690e-01	9.223312091922822656e-03	5.328884906244629564e-03
nan	2.000000000000000000e+04	2.000000000000000000e+01	nan	3.194504286398205384e-01	9.126575276404803178e-03	5.388624893182938046e-03
nan	2.000000000000000000e+04	2.000000000000000000e+01	nan	3.294156731178827791e-01	9.380773809619571274e-03	5.462691671246938663e-03
nan	2.000000000000000000e+04	2.000000000000000000e+01	nan	3.179441381279121681e-01	9.264236401882253516e-03	5.244069845525760158e-03
nan	2.000000000000000000e+04	2.000000000000000000e+01	nan	3.486713488369332370e-01	9.428660615690340890e-03	5.114321987451131077e-03
nan	2.000000000000000000e+04	2.000000000000000000e+01	nan	3.596046078773452170e-01	8.744839661010106804e-03	4.923618786845322670e-03
nan	2.000000000000000000e+04	2.000000000000000000e+01	nan	3.697053804510869734e-01	8.916990247603831174e-03	4.940829601724967476e-03
nan	2.000000000000000000e+04	2.000000000000000000e+01	nan	3.793608940267495511e-01	8.458308458664232782e-03	4.718803170584691918e-03
nan	2.000000000000000000e+04	2.000000000000000000e+01	nan	3.895859064473188305e-01	9.561385773801200569e-03	4.687856993290712496e-03
nan	2.000000000000000000e+04	2.000000000000000000e+01	nan	3.992198821164675282e-01	8.851178972963984898e-03	4.881819107536758059e-03
nan	2.000000000000000000e+04	2.000000000000000000e+01	nan	1.998047969353251505e-02	2.345312121651806775e-02	2.108062432282009624e-02
nan	2.000000000000000000e+04	2.000000000000000000e+01	nan	2.802964284221905883e-02	1.841537962844401466e-02	1.695940723334085631e-02
nan	2.000000000000000000e+04	2.000000000000000000e+01	nan	3.994405432758412616e-02	1.649135131054874429e-02	1.434454226184163871e-02
nan	2.000000000000000000e+04	2.000000000000000000e+01	nan	4.967911186527999151e-02	1.449476562809774716e-02	1.311589604736981482e-02
nan	2.000000000000000000e+04	2.000000000000000000e+01	nan	5.986622677433615231e-02	1.433233340788627255e-02	1.177944831091288364e-02
nan	2.000000000000000000e+04	2.000000000000000000e+01	nan	6.993483108781448077e-02	1.299681312516046128e-02	1.164008589966512505e-02
nan	2.000000000000000000e+04	2.000000000000000000e+01	nan	7.994291630280259131e-02	1.335769735674501371e-02	1.086588452442073006e-02
nan	2.000000000000000000e+04	2.000000000000000000e+01	nan	8.989396901291456243e-02	1.226981381034430649e-02	1.028479830005875513e-02
nan	2.000000000000000000e+04	2.000000000000000000e+01	nan	9.986835308972104308e-02	1.215486932853617266e-02	9.444695606562572218e-03
nan	2.000000000000000000e+04	2.000000000000000000e+01	nan	1.096771559374019461e-01	1.204422446954263835e-02	9.045325791167593138e-03
nan	2.000000000000000000e+04	2.000000000000000000e+01	nan	1.191178394901908077e-01	1.107683200470989740e-02	8.781762802946615695e-03
nan	2.000000000000000000e+04	2.000000000000000000e+01	nan	1.296445342070046691e-01	1.104305022149352881e-02	8.213299706617736839e-03
nan	2.000000000000000000e+04	2.000000000000000000e+01	nan	1.397580375589314028e-01	1.054268487767261175e-02	8.169965552265904402e-03
nan	2.000000000000000000e+04	2.000000000000000000e+01	nan	1.498696840108550421e-01	1.014777744559614003e-02	7.719491248367025063e-03
nan	2.000000000000000000e+04	2.000000000000000000e+01	nan	1.596919162871654474e-01	1.074412017313306281e-02	7.442345970599987051e-03
nan	2.000000000000000000e+04	2.000000000000000000e+01	nan	1.698331869781304904e-01	1.051157575740885655e-02	7.391499894277816889e-03
nan	2.000000000000000000e+04	2.000000000000000000e+01	nan	1.796524396898894482e-01	9.992347539688219843e-03	7.183496638539699566e-03
nan	2.000000000000000000e+04	2.000000000000000000e+01	nan	1.895529961261945562e-01	9.782299136536330361e-03	6.719103951162526053e-03
nan	2.000000000000000000e+04	2.000000000000000000e+01	nan	1.998064593537264844e-01	1.002365267844013141e-02	6.684000738651396829e-03
nan	2.000000000000000000e+04	2.000000000000000000e+01	nan	2.096128023462097423e-01	9.801692113930105671e-03	6.504252924443773565e-03
nan	2.000000000000000000e+04	2.000000000000000000e+01	nan	2.188850105498477139e-01	1.008545631832768324e-02	6.295576641767467937e-03
nan	2.000000000000000000e+04	2.000000000000000000e+01	nan	2.294239451391967832e-01	9.486916848131752081e-03	6.149973804444395196e-03
nan	2.000000000000000000e+04	2.000000000000000000e+01	nan	2.397176162671075805e-01	9.910588387963888135e-03	6.211272459009442755e-03
nan	2.000000000000000000e+04	2.000000000000000000e+01	nan	2.493684528173980564e-01	9.535536667392211646e-03	6.163395007354329283e-03
nan	2.000000000000000000e+04	2.000000000000000000e+01	nan	2.596231095525854404e-01	9.218999446849640914e-03	5.903228565714411027e-03
nan	2.000000000000000000e+04	2.000000000000000000e+01	nan	2.692551458720299773e-01	9.450182679517641487e-03	5.853012061293603324e-03
nan	2.000000000000000000e+04	2.000000000000000000e+01	nan	2.794693572605865262e-01	9.259559785480261235e-03	5.367083248793084148e-03
nan	2.000000000000000000e+04	2.000000000000000000e+01	nan	2.898017658247044603e-01	9.453744830363175825e-03	5.573514530965604716e-03
nan	2.000000000000000000e+04	2.000000000000000000e+01	nan	2.992880466913811488e-01	9.635420343619820541e-03	5.295305523590796738e-03
nan	2.000000000000000000e+04	2.000000000000000000e+01	nan	3.090176155562676108e-01	9.359901491026913906e-03	5.441727274066767046e-03
nan	2.000000000000000000e+04	2.000000000000000000e+01	nan	3.174691746690405103e-01	9.504194464746245491e-03	5.356098854600359338e-03
nan	2.000000000000000000e+04	2.000000000000000000e+01	nan	3.290194052455899798e-01	9.191568042487953047e-03	5.193331414276339611e-03
nan	2.000000000000000000e+04	2.000000000000000000e+01	nan	3.396801848928134859e-01	8.840981870219977168e-03	5.062283469195036877e-03
nan	2.000000000000000000e+04	2.000000000000000000e+01	nan	3.493283956096820408e-01	8.990939708274385198e-03	5.083724978257101595e-03
nan	2.000000000000000000e+04	2.000000000000000000e+01	nan	3.594725400200514120e-01	8.877678335475680180e-03	5.169618465836609694e-03
nan	2.000000000000000000e+04	2.000000000000000000e+01	nan	3.696123282243933827e-01	8.552480761968215411e-03	5.178988753757754818e-03
nan	2.000000000000000000e+04	2.000000000000000000e+01	nan	3.788468844721319395e-01	8.875616471593301970e-03	5.197528754948745749e-03
nan	2.000000000000000000e+04	2.000000000000000000e+01	nan	3.894295774672900667e-01	8.917291944152756777e-03	4.889975377272543465e-03
nan	2.000000000000000000e+04	2.000000000000000000e+01	nan	3.990567942150937686e-01	8.969537632864958004e-03	4.854695190853498821e-03
nan	2.000000000000000000e+04	2.000000000000000000e+01	nan	1.871001648312874827e-02	2.148914687239162832e-02	2.099276623893973556e-02
nan	2.000000000000000000e+04	2.000000000000000000e+01	nan	2.995300641903895708e-02	1.877022195156530932e-02	1.695415811328952402e-02
nan	2.000000000000000000e+04	2.000000000000000000e+01	nan	3.740785613111737712e-02	1.657913942513073238e-02	1.583819050355095293e-02
nan	2.000000000000000000e+04	2.000000000000000000e+01	nan	4.961447723150740757e-02	1.533443340085233197e-02	1.299220946641630771e-02
nan	2.000000000000000000e+04	2.000000000000000000e+01	nan	5.993683855358085399e-02	1.466229894727066017e-02	1.208004686310837350e-02
nan	2.000000000000000000e+04	2.000000000000000000e+01	nan	6.961247737601070074e-02	1.355685058655655209e-02	1.145535755785866659e-02
nan	2.000000000000000000e+04	2.000000000000000000e+01	nan	7.981495769475713264e-02	1.276871886558013716e-02	1.061209379158893108e-02
nan	2.000000000000000000e+04	2.000000000000000000e+01	nan	8.994396934479255423e-02	1.223331907935803348e-02	9.933896607841882082e-03
nan	2.000000000000000000e+04	2.000000000000000000e+01	nan	9.981213565344206062e-02	1.226641809930173813e-02	9.133955444524125000e-03
nan	2.000000000000000000e+04	2.000000000000000000e+01	nan	1.097269110004526621e-01	1.186055374199572465e-02	9.268698199182681327e-03
nan	2.000000000000000000e+04	2.000000000000000000e+01	nan	1.195048511372624606e-01	1.135637166781898119e-02	8.192561575184437520e-03
nan	2.000000000000000000e+04	2.000000000000000000e+01	nan	1.298697717185586797e-01	1.087177941122135713e-02	8.824654847513243097e-03
nan	2.000000000000000000e+04	2.000000000000000000e+01	nan	1.391987277989437666e-01	1.052204065987507806e-02	7.878219237591948393e-03
nan	2.000000000000000000e+04	2.000000000000000000e+01	nan	1.496860524520934599e-01	1.023764525181670472e-02	7.819178630969333618e-03
nan	2.000000000000000000e+04	2.000000000000000000e+01	nan	1.589751558318675817e-01	1.006228327123110181e-02	7.432750942086878247e-03
nan	2.000000000000000000e+04	2.000000000000000000e+01	nan	1.698608406314542629e-01	1.008330959691113374e-02	7.082424381889477864e-03
nan	2.000000000000000000e+04	2.000000000000000000e+01	nan	1.796886201584311504e-01	1.064964503951991263e-02	7.024853559427403013e-03
nan	2.000000000000000000e+04	2.000000000000000000e+01	nan	1.898147758082677772e-01	1.003841693809125191e-02	6.741249513364275074e-03
nan	2.000000000000000000e+04	2.000000000000000000e+01	nan	1.867304170003364350e-01	9.895603243306825419e-03	6.755439263569776483e-03
nan	2.000000000000000000e+04	2.000000000000000000e+01	nan	2.095152057616997132e-01	1.027113896961632036e-02	6.337173187222350235e-03
nan	2.000000000000000000e+04	2.000000000000000000e+01	nan	2.196691039447523364e-01	9.796461409460947151e-03	6.130886981471004617e-03
nan	2.000000000000000000e+04	2.000000000000000000e+01	nan	2.291698280303171575e-01	9.705580808736633328e-03	6.427261006592114093e-03
nan	2.000000000000000000e+04	2.000000000000000000e+01	nan	2.387449228828427417e-01	9.132460268676253351e-03	6.268318466449243967e-03
nan	2.000000000000000000e+04	2.000000000000000000e+01	nan	2.496608230116726390e-01	9.351565756627537584e-03	5.953448133982415513e-03
nan	2.000000000000000000e+04	2.000000000000000000e+01	nan	2.597934473940222144e-01	8.996369989076730828e-03	6.040412599796552047e-03
nan	2.000000000000000000e+04	2.000000000000000000e+01	nan	2.695476152418541660e-01	9.352787084784579957e-03	5.997852712573302145e-03
nan	2.000000000000000000e+04	2.000000000000000000e+01	nan	2.792997896348242692e-01	9.876035821532447995e-03	5.619385024117760918e-03
nan	2.000000000000000000e+04	2.000000000000000000e+01	nan	2.886143997070484968e-01	9.127013357088178264e-03	5.822403933816393436e-03
nan	2.000000000000000000e+04	2.000000000000000000e+01	nan	2.995328991353471970e-01	9.141073082239558473e-03	5.321702061180381277e-03
nan	2.000000000000000000e+04	2.000000000000000000e+01	nan	3.095792487635208312e-01	9.005975847000882023e-03	5.454358543450025729e-03
nan	2.000000000000000000e+04	2.000000000000000000e+01	nan	3.197014920264064086e-01	9.189530949431114898e-03	5.279045169387311907e-03
nan	2.000000000000000000e+04	2.000000000000000000e+01	nan	3.288584620402889014e-01	9.178904618614106004e-03	5.325577648969693698e-03
nan	2.000000000000000000e+04	2.000000000000000000e+01	nan	3.397252434663187159e-01	8.756702074048890172e-03	5.064066556093952884e-03
nan	2.000000000000000000e+04	2.000000000000000000e+01	nan	3.496722473069803216e-01	9.011341896797860768e-03	5.163130481037603130e-03
nan	2.000000000000000000e+04	2.000000000000000000e+01	nan	3.597583806271723028e-01	8.547712959803013821e-03	5.049472240103967252e-03
nan	2.000000000000000000e+04	2.000000000000000000e+01	nan	3.460784441052998095e-01	8.818476998024103036e-03	5.029390772287345088e-03
nan	2.000000000000000000e+04	2.000000000000000000e+01	nan	3.777835084314938308e-01	9.016277208633434806e-03	4.760007946388524966e-03
nan	2.000000000000000000e+04	2.000000000000000000e+01	nan	3.887601983643526049e-01	9.390285426044893760e-03	4.870821021448943321e-03
nan	2.000000000000000000e+04	2.000000000000000000e+01	nan	3.994916307277435186e-01	8.956533083603057666e-03	5.025605086077635300e-03
nan	2.000000000000000000e+04	2.000000000000000000e+01	nan	1.995488862810873218e-02	2.253154378659977600e-02	2.179773326986874163e-02
nan	2.000000000000000000e+04	2.000000000000000000e+01	nan	2.802589601366146238e-02	1.910424750034998148e-02	1.749962580373724819e-02
nan	2.000000000000000000e+04	2.000000000000000000e+01	nan	3.990052223756947181e-02	1.731149553324149576e-02	1.463321860626335714e-02
nan	2.000000000000000000e+04	2.000000000000000000e+01	nan	4.993128755075303821e-02	1.478832712194285900e-02	1.364630250181611028e-02
nan	2.000000000000000000e+04	2.000000000000000000e+01	nan	5.991866882418207807e-02	1.428662700307294954e-02	1.225209797464275538e-02
nan	2.000000000000000000e+04	2.000000000000000000e+01	nan	6.977488084321066542e-02	1.361514111310963525e-02	1.091763844734784834e-02
nan	2.000000000000000000e+04	2.000000000000000000e+01	nan	7.994336649717069532e-02	1.248313533781418572e-02	1.052769957890699500e-02
nan	2.000000000000000000e+04	2.000000000000000000e+01	nan	8.906877492240254657e-02	1.224448645427667418e-02	1.032443070795504257e-02
nan	2.000000000000000000e+04	2.000000000000000000e+01	nan	9.992288834648434259e-02	1.207332816096423275e-02	9.852015234347994560e-03
nan	2.000000000000000000e+04	2.000000000000000000e+01	nan	1.098847909794085365e-01	1.132676166004256517e-02	8.782095299747719880e-03
nan	2.000000000000000000e+04	2.000000000000000000e+01	nan	1.198659334058856940e-01	1.122650640929361010e-02	8.752748144135425248e-03
nan	2.000000000000000000e+04	2.000000000000000000e+01	nan	1.299315774798560641e-01	1.118736588426321940e-02	7.996772330234651338e-03
nan	2.000000000000000000e+04	2.000000000000000000e+01	nan	1.398867031898635149e-01	1.112723863533295922e-02	7.833029122073034006e-03
nan	2.000000000000000000e+04	2.000000000000000000e+01	nan	1.495974849275898966e-01	1.096795494205478859e-02	7.895211911139361077e-03
nan	2.000000000000000000e+04	2.000000000000000000e+01	nan	1.598366021672200099e-01	1.080387475325617422e-02	7.641115359427993851e-03
nan	2.000000000000000000e+04	2.000000000000000000e+01	nan	1.698265828292278568e-01	1.020068741584608148e-02	7.337311397253509608e-03
nan	2.000000000000000000e+04	2.000000000000000000e+01	nan	1.797254327506288829e-01	1.066168156245379285e-02	7.131081945734654703e-03
nan	2.000000000000000000e+04	2.000000000000000000e+01	nan	1.898718920510555075e-01	9.899603253656033552e-03	6.926848309153346359e-03
nan	2.000000000000000000e+04	2.000000000000000000e+01	nan	1.996667489628043968e-01	9.422943387332247470e-03	6.596081669302751409e-03
nan	2.000000000000000000e+04	2.000000000000000000e+01	nan	2.098039543915638239e-01	9.965719865635927141e-03	6.778455985012384229e-03
nan	2.000000000000000000e+04	2.000000000000000000e+01	nan	2.195046435031872412e-01	9.798852552690816980e-03	6.529105645662005089e-03
nan	2.000000000000000000e+04	2.000000000000000000e+01	nan	2.296168155317718507e-01	9.278874358706558703e-03	6.109310175434304845e-03
nan	2.000000000000000000e+04	2.000000000000000000e+01	nan	2.396498036487628158e-01	9.628519635740753757e-03	5.961080560357767677e-03
nan	2.000000000000000000e+04	2.000000000000000000e+01	nan	2.490914687272197392e-01	9.895871005359803407e-03	5.938841287064166967e-03
nan	2.000000000000000000e+04	2.000000000000000000e+01	nan	2.597075240303729493e-01	9.362513657537251469e-03	5.727105487537089389e-03
nan	2.000000000000000000e+04	2.000000000000000000e+01	nan	2.693937695888143913e-01	9.356295203142298705e-03	5.728227982759831645e-03
nan	2.000000000000000000e+04	2.000000000000000000e+01	nan	2.796204208219751353e-01	9.062834352976735161e-03	5.541876888614493887e-03
nan	2.000000000000000000e+04	2.000000000000000000e+01	nan	2.896327025979462677e-01	9.470362400493925747e-03	5.836665082301620809e-03
nan	2.000000000000000000e+04	2.000000000000000000e+01	nan	2.988040856505813081e-01	9.607983429149379723e-03	5.598112543703981717e-03
nan	2.000000000000000000e+04	2.000000000000000000e+01	nan	3.095914502095638565e-01	8.887334359352230470e-03	5.170506054911398405e-03
nan	2.000000000000000000e+04	2.000000000000000000e+01	nan	3.184734849340929985e-01	9.497345107283962015e-03	5.326573825516620585e-03
nan	2.000000000000000000e+04	2.000000000000000000e+01	nan	3.282799190936657174e-01	9.375842281318587032e-03	5.430859512218785302e-03
nan	2.000000000000000000e+04	2.000000000000000000e+01	nan	3.393205928429506857e-01	9.190325895379658494e-03	4.981795908258716300e-03
nan	2.000000000000000000e+04	2.000000000000000000e+01	nan	3.494161846345650302e-01	9.193527408480218349e-03	5.109966901232552636e-03
nan	2.000000000000000000e+04	2.000000000000000000e+01	nan	3.594972109815262051e-01	9.456945800149659659e-03	5.143729937984488354e-03
nan	2.000000000000000000e+04	2.000000000000000000e+01	nan	3.694571984031244649e-01	8.951057045804008266e-03	4.859157194769087376e-03
nan	2.000000000000000000e+04	2.000000000000000000e+01	nan	3.788244770368146552e-01	8.711651461077048880e-03	5.063891279248911373e-03
nan	2.000000000000000000e+04	2.000000000000000000e+01	nan	3.892267648673077840e-01	8.751358091701074565e-03	4.846725550622772716e-03
nan	2.000000000000000000e+04	2.000000000000000000e+01	nan	3.991015985786089404e-01	8.915757250495967567e-03	4.815934182659832585e-03
nan	2.000000000000000000e+04	2.000000000000000000e+01	nan	1.870563085187400623e-02	2.250968578604147993e-02	2.101452390086104224e-02
nan	2.000000000000000000e+04	2.000000000000000000e+01	nan	2.996125134594990191e-02	1.858247165195410847e-02	1.693010279997896744e-02
nan	2.000000000000000000e+04	2.000000000000000000e+01	nan	3.994719499092980186e-02	1.601674429049695231e-02	1.513193616964904342e-02
nan	2.000000000000000000e+04	2.000000000000000000e+01	nan	4.988440400047352424e-02	1.501133483204679722e-02	1.332290682399271328e-02
nan	2.000000000000000000e+04	2.000000000000000000e+01	nan	5.994834958631826971e-02	1.374922043149054418e-02	1.246107965117504088e-02
nan	2.000000000000000000e+04	2.000000000000000000e+01	nan	6.989013027186728733e-02	1.325051498882220437e-02	1.128493525725846915e-02
nan	2.000000000000000000e+04	2.000000000000000000e+01	nan	7.979207062812065931e-02	1.328719045078122565e-02	1.052360736416160271e-02
nan	2.000000000000000000e+04	2.000000000000000000e+01	nan	8.896884502535840067e-02	1.209281648231451053e-02	1.002319045015542462e-02
nan	2.000000000000000000e+04	2.000000000000000000e+01	nan	9.987886008299483309e-02	1.159570528165551444e-02	9.263478703126389047e-03
nan	2.000000000000000000e+04	2.000000000000000000e+01	nan	1.098382683239924607e-01	1.162495531067021456e-02	9.035779497961974466e-03
nan	2.000000000000000000e+04	2.000000000000000000e+01	nan	1.198215684000933923e-01	1.145235603232102814e-02	8.431004725654363610e-03
nan	2.000000000000000000e+04	2.000000000000000000e+01	nan	1.298503607853444819e-01	1.145647808807400379e-02	8.166092897793958763e-03
nan	2.000000000000000000e+04	2.000000000000000000e+01	nan	1.398559183774341352e-01	1.149738829309375487e-02	7.822489503492308788e-03
nan	2.000000000000000000e+04	2.000000000000000000e+01	nan	1.497996473536795659e-01	1.075552141883105196e-02	7.463128947725825198e-03
nan	2.000000000000000000e+04	2.000000000000000000e+01	nan	1.598081279476809835e-01	1.053494642946716311e-02	7.728605134656220572e-03
nan	2.000000000000000000e+04	2.000000000000000000e+01	nan	1.693231858475292007e-01	1.007005798373702618e-02	7.474623124707435902e-03
nan	2.000000000000000000e+04	2.000000000000000000e+01	nan	1.798079761990447889e-01	1.035003003413835498e-02	7.195538538393594918e-03
nan	2.000000000000000000e+04	2.000000000000000000e+01	nan	1.897141013974942281e-01	1.110899867274585569e-02	7.257134798319150523e-03
nan	2.000000000000000000e+04	2.000000000000000000e+01	nan	1.994405643771733627e-01	9.695935686859049815e-03	6.904248580332557166e-03
nan	2.000000000000000000e+04	2.000000000000000000e+01	nan	2.096668653864798837e-01	9.848375548631714202e-03	6.459772970003048280e-03
nan	2.000000000000000000e+04	2.000000000000000000e+01	nan	2.198763240788502993e-01	9.407308503894939306e-03	6.328678804739443393e-03
nan	2.000000000000000000e+04	2.000000000000000000e+01	nan	2.294036132948804041e-01	9.734725502981064413e-03	6.312531578371642811e-03
nan	2.000000000000000000e+04	2.000000000000000000e+01	nan	2.397423637830979892e-01	9.753348053327011435e-03	6.278739620639357810e-03
nan	2.000000000000000000e+04	2.000000000000000000e+01	nan	2.496239522695668511e-01	9.724008252851643400e-03	5.890665241004901589e-03
nan	2.000000000000000000e+04	2.000000000000000000e+01	nan	2.429249007204076771e-01	9.268447689789949956e-03	5.663311341202934696e-03
nan	2.000000000000000000e+04	2.000000000000000000e+01	nan	2.522865621372541445e-01	9.884989487218654586e-03	5.815700547372931739e-03
nan	2.000000000000000000e+04	2.000000000000000000e+01	nan	2.792858705666003694e-01	9.281934647677205635e-03	5.653249548553703277e-03
nan	2.000000000000000000e+04	2.000000000000000000e+01	nan	2.893843026688682762e-01	9.224310887294664280e-03	5.504153550269500449e-03
nan	2.000000000000000000e+04	2.000000000000000000e+01	nan	2.992212349385772741e-01	9.060063328993381293e-03	5.509540694111044953e-03
nan	2.000000000000000000e+04	2.000000000000000000e+01	nan	3.096270016889775545e-01	9.068105457850954981e-03	5.291529088795566931e-03
nan	2.000000000000000000e+04	2.000000000000000000e+01	nan	3.186791106614145774e-01	8.625504749480369243e-03	5.208951711002361880e-03
nan	2.000000000000000000e+04	2.000000000000000000e+01	nan	3.286757254649274040e-01	9.067449202671617331e-03	5.528473699509340970e-03
nan	2.000000000000000000e+04	2.000000000000000000e+01	nan	3.392926005377557841e-01	9.339611336776451611e-03	5.189432452677415417e-03
nan	2.000000000000000000e+04	2.000000000000000000e+01	nan	3.493900403638235952e-01	9.349962178128929866e-03	5.089418951189102376e-03
nan	2.000000000000000000e+04	2.000000000000000000e+01	nan	3.596385115812972821e-01	9.474926067262405549e-03	5.044456643073814799e-03
nan	2.000000000000000000e+04	2.000000000000000000e+01	nan	3.696534121897639413e-01	9.219626368066884126e-03	4.765376577704923816e-03
nan	2.000000000000000000e+04	2.000000000000000000e+01	nan	3.791734393579645479e-01	8.831358544977397501e-03	4.805793492103427496e-03
nan	2.000000000000000000e+04	2.000000000000000000e+01	nan	3.897209083480629443e-01	8.978616723280669759e-03	4.825335228082785338e-03
nan	2.000000000000000000e+04	2.000000000000000000e+01	nan	3.996267109016753416e-01	8.843395973045977548e-03	4.760537722974016173e-03
nan	2.000000000000000000e+04	2.000000000000000000e+01	nan	1.995153169197862869e-02	2.202594461544350041e-02	2.116287325922817930e-02
nan	2.000000000000000000e+04	2.000000000000000000e+01	nan	2.997043181274420751e-02	1.840316983288695085e-02	1.722571070204118038e-02
nan	2.000000000000000000e+04	2.000000000000000000e+01	nan	3.994565622282152118e-02	1.670938219475216063e-02	1.426311985024251647e-02
nan	2.000000000000000000e+04	2.000000000000000000e+01	nan	4.992977249511568877e-02	1.515368458096139070e-02	1.286912230227427699e-02
nan	2.000000000000000000e+04	2.000000000000000000e+01	nan	5.993341893219394922e-02	1.411459400899335234e-02	1.178906779682714970e-02
nan	2.000000000000000000e+04	2.000000000000000000e+01	nan	6.986239002717639646e-02	1.421885186497454448e-02	1.150066589370601911e-02
nan	2.000000000000000000e+04	2.000000000000000000e+01	nan	7.989249766071451764e-02	1.297170314403152391e-02	1.034869309257481496e-02
nan	2.000000000000000000e+04	2.000000000000000000e+01	nan	8.994444638619597532e-02	1.281536463867516754e-02	1.005872614122278394e-02
nan	2.000000000000000000e+04	2.000000000000000000e+01	nan	9.988470648811244301e-02	1.171850030786831739e-02	9.118514674230323788e-03
nan	2.000000000000000000e+04	2.000000000000000000e+01	nan	1.098835086951748946e-01	1.161777390612935348e-02	9.143769924091226659e-03
nan	2.000000000000000000e+04	2.000000000000000000e+01	nan	1.196627025583484327e-01	1.141464733241048454e-02	8.733095851619854244e-03
nan	2.000000000000000000e+04	2.000000000000000000e+01	nan	1.297240943561973892e-01	1.091628560336861328e-02	8.315194154530938103e-03
nan	2.000000000000000000e+04	2.000000000000000000e+01	nan	1.397734498176941842e-01	1.108300543881221047e-02	8.263692179483413808e-03
nan	2.000000000000000000e+04	2.000000000000000000e+01	nan	1.491820806315672654e-01	1.117708289704669525e-02	7.713323904106228479e-03
nan	2.000000000000000000e+04	2.000000000000000000e+01	nan	1.598721265466383490e-01	1.089348200048076247e-02	7.329204909652914379e-03
nan	2.000000000000000000e+04	2.000000000000000000e+01	nan	1.697179070770153120e-01	1.011728464335006315e-02	7.362018161361763915e-03
nan	2.000000000000000000e+04	2.000000000000000000e+01	nan	1.798155961230668287e-01	1.038378123286839809e-02	6.953033525013944602e-03
nan	2.000000000000000000e+04	2.000000000000000000e+01	nan	1.897160964372551495e-01	9.825103606463568562e-03	6.891196910236903686e-03
nan	2.000000000000000000e+04	2.000000000000000000e+01	nan	1.994386860062059008e-01	1.049061658965793481e-02	6.368921973482366376e-03
nan	2.000000000000000000e+04	2.000000000000000000e+01	nan	1.962096224189119886e-01	9.818859504054474469e-03	6.487571875504016643e-03
nan	2.000000000000000000e+04	2.000000000000000000e+01	nan	2.194839544104888740e-01	9.849883452371682030e-03	6.346502624032665345e-03
nan	2.000000000000000000e+04	2.000000000000000000e+01	nan	2.294380188115701658e-01	1.010042136942851387e-02	6.458942000682674038e-03
nan	2.000000000000000000e+04	2.000000000000000000e+01	nan	2.395475813958728162e-01	9.828157600648246978e-03	6.386743143495320074e-03
nan	2.000000000000000000e+04	2.000000000000000000e+01	nan	2.496881356870926660e-01	9.913757080678134784e-03	6.042711998510754204e-03
nan	2.000000000000000000e+04	2.000000000000000000e+01	nan	2.579793921133478052e-01	9.453312592354818147e-03	5.829271535869896652e-03
nan	2.000000000000000000e+04	2.000000000000000000e+01	nan	2.696685839329348022e-01	9.454562279989326551e-03	5.514823605798448158e-03
nan	2.000000000000000000e+04	2.000000000000000000e+01	nan	2.794714266651226464e-01	9.862414353948769502e-03	5.537135797217788633e-03
nan	2.000000000000000000e+04	2.000000000000000000e+01	nan	2.889429292602835320e-01	9.373508830405203815e-03	5.548095725565867220e-03
nan	2.000000000000000000e+04	2.000000000000000000e+01	nan	2.996254116132149870e-01	9.322016628984384351e-03	5.510327662633214552e-03
nan	2.000000000000000000e+04	2.000000000000000000e+01	nan	3.092486207539332232e-01	9.129373346147504412e-03	5.468487633811778409e-03
nan	2.000000000000000000e+04	2.000000000000000000e+01	nan	3.196879401397927922e-01	9.081196669098734464e-03	5.471164985405052410e-03
nan	2.000000000000000000e+04	2.000000000000000000e+01	nan	3.295178334768843476e-01	9.049231603867818191e-03	5.065679888238354411e-03
nan	2.000000000000000000e+04	2.000000000000000000e+01	nan	3.179237686280940167e-01	8.757352112967037999e-03	5.383712914661076612e-03
nan	2.000000000000000000e+04	2.000000000000000000e+01	nan	3.495131225634486305e-01	9.323967866582905106e-03	5.354321939467528504e-03
nan	2.000000000000000000e+04	2.000000000000000000e+01	nan	3.593205183098052702e-01	9.055704695412183924e-03	4.820132420338602876e-03
nan	2.000000000000000000e+04	2.000000000000000000e+01	nan	3.674597317054121848e-01	8.867344333773192339e-03	5.071585913647254189e-03
nan	2.000000000000000000e+04	2.000000000000000000e+01	nan	3.796128574862086547e-01	9.051671922216009136e-03	4.807412159202903087e-03
nan	2.000000000000000000e+04	2.000000000000000000e+01	nan	3.897013545407753687e-01	9.135950354418297115e-03	5.089123734072466092e-03
nan	2.000000000000000000e+04	2.000000000000000000e+01	nan	3.992565098974773519e-01	8.966022498175933372e-03	4.685350753193681488e-03
nan	2.000000000000000000e+04	2.000000000000000000e+01	nan	1.994255492581146344e-02	2.243304607540010792e-02	2.090524772496949596e-02
nan	2.000000000000000000e+04	2.000000000000000000e+01	nan	2.983730334276742807e-02	1.923460172868948423e-02	1.692274945078624943e-02
nan	2.000000000000000000e+04	2.000000000000000000e+01	nan	3.962105433532769894e-02	1.686799534871393641e-02	1.488623090293751325e-02
nan	2.000000000000000000e+04	2.000000000000000000e+01	nan	4.996917729827032167e-02	1.507444621726459696e-02	1.327544071481556211e-02
nan	2.000000000000000000e+04	2.000000000000000000e+01	nan	5.991921116101593670e-02	1.432095681954554355e-02	1.163459706663655391e-02
nan	2.000000000000000000e+04	2.000000000000000000e+01	nan	6.993018509637295710e-02	1.355105194734223736e-02	1.118749566167183407e-02
nan	2.000000000000000000e+04	2.000000000000000000e+01	nan	7.986361855869063275e-02	1.307390490470198598e-02	1.027479174179321032e-02
nan	2.000000000000000000e+04	2.000000000000000000e+01	nan	8.980466647338516961e-02	1.238005560409189201e-02	9.668601861123294824e-03
nan	2.000000000000000000e+04	2.000000000000000000e+01	nan	9.982291789471446630e-02	1.147603765169498760e-02	9.510619874730862067e-03
nan	2.000000000000000000e+04	2.000000000000000000e+01	nan	1.099216408845495596e-01	1.195380820512602880e-02	9.283275658700424621e-03
nan	2.000000000000000000e+04	2.000000000000000000e+01	nan	1.197704514934321285e-01	1.082521111319370913e-02	8.820793364626060631e-03
nan	2.000000000000000000e+04	2.000000000000000000e+01	nan	1.296698651420638282e-01	1.108111551746584003e-02	8.615792784279641819e-03
nan	2.000000000000000000e+04	2.000000000000000000e+01	nan	1.397235266637471829e-01	1.126111836929214773e-02	8.030692282693676493e-03
nan	2.000000000000000000e+04	2.000000000000000000e+01	nan	1.497782225727314620e-01	1.058882452980467424e-02	7.734139942418880032e-03
nan	2.000000000000000000e+04	2.000000000000000000e+01	nan	1.597341667688806366e-01	1.035160012461444970e-02	7.549571644609873004e-03
nan	2.000000000000000000e+04	2.000000000000000000e+01	nan	1.698351267661837583e-01	1.014371294196003345e-02	7.089365785860397839e-03
nan	2.000000000000000000e+04	2.000000000000000000e+01	nan	1.797918149674387622e-01	9.760287798762387265e-03	7.197839193075802888e-03
nan	2.000000000000000000e+04	2.000000000000000000e+01	nan	1.897693724104465018e-01	9.822318924969167253e-03	6.871424315858605872e-03
nan	2.000000000000000000e+04	2.000000000000000000e+01	nan	1.997354876225835851e-01	1.034885158409293640e-02	6.723344504468524267e-03
nan	2.000000000000000000e+04	2.000000000000000000e+01	nan	2.096956893225888074e-01	1.001935465902068292e-02	6.720383284079321611e-03
nan	2.000000000000000000e+04	2.000000000000000000e+01	nan	2.195876392557056245e-01	9.616215350039722040e-03	6.225283264637506211e-03
nan	2.000000000000000000e+04	2.000000000000000000e+01	nan	2.297713615138854970e-01	9.933150454189257350e-03	6.160940512126089966e-03
nan	2.000000000000000000e+04	2.000000000000000000e+01	nan	2.392464050423859789e-01	9.850757462993488950e-03	6.100072346459895281e-03
nan	2.000000000000000000e+04	2.000000000000000000e+01	nan	2.497038299294763453e-01	9.573069540139488715e-03	5.944054380853709511e-03
nan	2.000000000000000000e+04	2.000000000000000000e+01	nan	2.586028812958829914e-01	9.729562774851527318e-03	6.000947074204694871e-03
nan	2.000000000000000000e+04	2.000000000000000000e+01	nan	2.697503043049437332e-01	9.753303380150653637e-03	5.505919596945579517e-03
nan	2.000000000000000000e+04	2.000000000000000000e+01	nan	2.794571365710362132e-01	9.539021787600878571e-03	5.644770443828880241e-03
nan	2.000000000000000000e+04	2.000000000000000000e+01	nan	2.892828694214585883e-01	9.168973318169928305e-03	5.625668043720775599e-03
nan	2.000000000000000000e+04	2.000000000000000000e+01	nan	2.984756142345577068e-01	9.421588938633210925e-03	5.397095214320406231e-03
nan	2.000000000000000000e+04	2.000000000000000000e+01	nan	3.081493631348166673e-01	9.188606826996096807e-03	5.331175690223714618e-03
nan	2.000000000000000000e+04	2.000000000000000000e+01	nan	3.193939412168765868e-01	9.598547662155305221e-03	5.342346719185225683e-03
nan	2.000000000000000000e+04	2.000000000000000000e+01	nan	3.287558535977314067e-01	9.218323183909677906e-03	5.279010383961906319e-03
nan	2.000000000000000000e+04	2.000000000000000000e+01	nan	3.393941557475773085e-01	8.885808175284063554e-03	5.166593561460863619e-03
nan	2.000000000000000000e+04	2.000000000000000000e+01	nan	3.493760170691712075e-01	8.648143177080347410e-03	5.384199979712063315e-03
nan	2.000000000000000000e+04	2.000000000000000000e+01	nan	3.594597197536040789e-01	9.089515011785410589e-03	5.211188209293403199e-03
nan	2.000000000000000000e+04	2.000000000000000000e+01	nan	3.681295574529394599e-01	8.776884714175228058e-03	5.358335625932028959e-03
nan	2.000000000000000000e+04	2.000000000000000000e+01	nan	3.796121883495016114e-01	8.961054325819815120e-03	4.824777183038616094e-03
nan	2.000000000000000000e+04	2.000000000000000000e+01	nan	3.888468044668934587e-01	8.579827086328000244e-03	4.850563311804159325e-03
nan	2.000000000000000000e+04	2.000000000000000000e+01	nan	3.995410828385229651e-01	8.404371223919496550e-03	4.838828611765657109e-03
nan	2.000000000000000000e+04	2.000000000000000000e+01	nan	1.995793179761733496e-02	2.177607284109138105e-02	2.131639933897982661e-02
nan	2.000000000000000000e+04	2.000000000000000000e+01	nan	2.997269753754494559e-02	1.799644964069838093e-02	1.710839975751604278e-02
nan	2.000000000000000000e+04	2.000000000000000000e+01	nan	3.994486117053043517e-02	1.639206546919512453e-02	1.510986959476394095e-02
nan	2.000000000000000000e+04	2.000000000000000000e+01	nan	4.992533044941865200e-02	1.510375668519422197e-02	1.275874723003619926e-02
nan	2.000000000000000000e+04	2.000000000000000000e+01	nan	5.992801090861121782e-02	1.478972678890385153e-02	1.171941676121243149e-02
nan	2.000000000000000000e+04	2.000000000000000000e+01	nan	6.543675321408291834e-02	1.355639658983857562e-02	1.136845569220847410e-02
nan	2.000000000000000000e+04	2.000000000000000000e+01	nan	7.478736596158166994e-02	1.323868248421904495e-02	1.050270793568472069e-02
nan	2.000000000000000000e+04	2.000000000000000000e+01	nan	8.989189016875798188e-02	1.206445914439434157e-02	9.781367860180197049e-03
nan	2.000000000000000000e+04	2.000000000000000000e+01	nan	9.983137808470018970e-02	1.218688409413114238e-02	9.457915247857459282e-03
nan	2.000000000000000000e+04	2.000000000000000000e+01	nan	1.093318410395431872e-01	1.116495019814492048e-02	8.848145554176171934e-03
nan	2.000000000000000000e+04	2.000000000000000000e+01	nan	1.117797722040557301e-01	1.091703591353236635e-02	8.671123677036008184e-03
nan	2.000000000000000000e+04	2.000000000000000000e+01	nan	1.297886103441123762e-01	1.131661078386516327e-02	8.215953929923539012e-03
nan	2.000000000000000000e+04	2.000000000000000000e+01	nan	1.398785316795874700e-01	1.086979133612390840e-02	8.029368252555171490e-03
nan	2.000000000000000000e+04	2.000000000000000000e+01	nan	1.498384834673015531e-01	1.011447888597022740e-02	7.748918327364261172e-03
nan	2.000000000000000000e+04	2.000000000000000000e+01	nan	1.597903531957854395e-01	1.067097433989073682e-02	7.532857059561354554e-03
nan	2.000000000000000000e+04	2.000000000000000000e+01	nan	1.696535069836681842e-01	1.054411229994686207e-02	7.265052495024651620e-03
nan	2.000000000000000000e+04	2.000000000000000000e+01	nan	1.794606314223801680e-01	1.043558804353874291e-02	7.240289536268033899e-03
nan	2.000000000000000000e+04	2.000000000000000000e+01	nan	1.898736802537359936e-01	1.019134225707955810e-02	6.961821971303574878e-03
nan	2.000000000000000000e+04	2.000000000000000000e+01	nan	1.996705559097108618e-01	9.687371411351388892e-03	6.557011164571233119e-03
nan	2.000000000000000000e+04	2.000000000000000000e+01	nan	2.097343775769877627e-01	1.020425542069124808e-02	6.760351421994392936e-03
nan	2.000000000000000000e+04	2.000000000000000000e+01	nan	2.198563073357399644e-01	9.579419870384261668e-03	6.309608852066937376e-03
nan	2.000000000000000000e+04	2.000000000000000000e+01	nan	2.296580338724015513e-01	9.650441841794662676e-03	6.129971373143671028e-03
nan	2.000000000000000000e+04	2.000000000000000000e+01	nan	2.392984135792448619e-01	9.718732053493233172e-03	6.199617846464694493e-03
nan	2.000000000000000000e+04	2.000000000000000000e+01	nan	2.490394373575236242e-01	9.107739050578586570e-03	5.829244148850890733e-03
nan	2.000000000000000000e+04	2.000000000000000000e+01	nan	2.586215628399531896e-01	9.698286318503423695e-03	6.020296970721645928e-03
nan	2.000000000000000000e+04	2.000000000000000000e+01	nan	2.695631136620795787e-01	9.298645037619877179e-03	5.859689303277293426e-03
nan	2.000000000000000000e+04	2.000000000000000000e+01	nan	2.790579273825278817e-01	9.338747314416953951e-03	5.852829108707073222e-03
nan	2.000000000000000000e+04	2.000000000000000000e+01	nan	2.896824995315273599e-01	9.902122536522610374e-03	5.634540446108917550e-03
nan	2.000000000000000000e+04	2.000000000000000000e+01	nan	2.997778229068081002e-01	9.240635597265619422e-03	5.547230187566008081e-03
nan	2.000000000000000000e+04	2.000000000000000000e+01	nan	3.095876987354949650e-01	9.086672357792565172e-03	5.348647866850795782e-03
nan	2.000000000000000000e+04	2.000000000000000000e+01	nan	3.197484271062239758e-01	9.287154609833710162e-03	5.522830328984465811e-03
nan	2.000000000000000000e+04	2.000000000000000000e+01	nan	3.295351533583379955e-01	9.146535593898602948e-03	5.452906857682364786e-03
nan	2.000000000000000000e+04	2.000000000000000000e+01	nan	3.395647297192135872e-01	9.181977613483618961e-03	5.153805835873210076e-03
nan	2.000000000000000000e+04	2.000000000000000000e+01	nan	3.495502456925260182e-01	9.080049188048708309e-03	5.424585537805244780e-03
nan	2.000000000000000000e+04	2.000000000000000000e+01	nan	3.590699651136401438e-01	9.294222166325551843e-03	4.819522376689183013e-03
nan	2.000000000000000000e+04	2.000000000000000000e+01	nan	3.694961093533584151e-01	9.001334035198527844e-03	4.896178438229164057e-03
nan	2.000000000000000000e+04	2.000000000000000000e+01	nan	3.794871922274160037e-01	8.652769999106014326e-03	4.813991288760866016e-03
nan	2.000000000000000000e+04	2.000000000000000000e+01	nan	3.890577621596366664e-01	9.249308991827420029e-03	4.914864582864471657e-03
nan	2.000000000000000000e+04	2.000000000000000000e+01	nan	3.995577870655415698e-01	8.731920282427307889e-03	4.599828810546336896e-03
nan	2.000000000000000000e+04	2.000000000000000000e+01	nan	1.994952881040887999e-02	2.251053392838042039e-02	2.077904664683034169e-02
nan	2.000000000000000000e+04	2.000000000000000000e+01	nan	2.805624657900162092e-02	1.872087990696039150e-02	1.686475541250461591e-02
nan	2.000000000000000000e+04	2.000000000000000000e+01	nan	3.993010896185410219e-02	1.700703994375640099e-02	1.475162309939664386e-02
nan	2.000000000000000000e+04	2.000000000000000000e+01	nan	4.975990810444386875e-02	1.476033239055856913e-02	1.352033949696537785e-02
nan	2.000000000000000000e+04	2.000000000000000000e+01	nan	5.990512912810800478e-02	1.444866462194581078e-02	1.212705288502021438e-02
nan	2.000000000000000000e+04	2.000000000000000000e+01	nan	6.992920625830947867e-02	1.349129068336799887e-02	1.096966372277345149e-02
nan	2.000000000000000000e+04	2.000000000000000000e+01	nan	7.993657431053634299e-02	1.336390469632847341e-02	1.070194004078293959e-02
nan	2.000000000000000000e+04	2.000000000000000000e+01	nan	8.990130140696236949e-02	1.200657515186033704e-02	9.726019263243970703e-03
nan	2.000000000000000000e+04	2.000000000000000000e+01	nan	9.986543355238154673e-02	1.227891030697136551e-02	9.204880117910296464e-03
nan	2.000000000000000000e+04	2.000000000000000000e+01	nan	1.099085825477050110e-01	1.224565261087396523e-02	9.074776173402880272e-03
nan	2.000000000000000000e+04	2.000000000000000000e+01	nan	1.185727133124692134e-01	1.138372000910877965e-02	9.088241249469672725e-03
nan	2.000000000000000000e+04	2.000000000000000000e+01	nan	1.296739307502184635e-01	1.071529087291886624e-02	8.622356580797211831e-03
nan	2.000000000000000000e+04	2.000000000000000000e+01	nan	1.396784947483956929e-01	1.124988471848273157e-02	7.917643314870454613e-03
nan	2.000000000000000000e+04	2.000000000000000000e+01	nan	1.495246438655476739e-01	1.020826984897560408e-02	7.803489488969197856e-03
nan	2.000000000000000000e+04	2.000000000000000000e+01	nan	1.594974572684031977e-01	1.081691852771044307e-02	7.191750127170095860e-03
nan	2.000000000000000000e+04	2.000000000000000000e+01	nan	1.697487835119727562e-01	1.016444761752118182e-02	7.257515286658880634e-03
nan	2.000000000000000000e+04	2.000000000000000000e+01	nan	1.798209889007739704e-01	9.975339527499649597e-03	7.037764337878825785e-03
nan	2.000000000000000000e+04	2.000000000000000000e+01	nan	1.897986789427022758e-01	9.956864226239578453e-03	7.190492920070132646e-03
nan	2.000000000000000000e+04	2.000000000000000000e+01	nan	1.994817299110900333e-01	9.925217518336462361e-03	6.725788293280833552e-03
nan	2.000000000000000000e+04	2.000000000000000000e+01	nan	2.095152499392679835e-01	9.784409563604924004e-03	6.499366645447331343e-03
nan	2.000000000000000000e+04	2.000000000000000000e+01	nan	2.194635229095910911e-01	9.591657002713907185e-03	6.268821143677162991e-03
nan	2.000000000000000000e+04	2.000000000000000000e+01	nan	2.295665371057748483e-01	9.836262866371483365e-03	6.067694046076142246e-03
nan	2.000000000000000000e+04	2.000000000000000000e+01	nan	2.396868600393008697e-01	9.746010591318802346e-03	6.008990287483298096e-03
nan	2.000000000000000000e+04	2.000000000000000000e+01	nan	2.497589142639571880e-01	9.959302073039721578e-03	6.141164767729337740e-03
nan	2.000000000000000000e+04	2.000000000000000000e+01	nan	2.431123760095044162e-01	9.183342967346297403e-03	5.883440614006953985e-03
nan	2.000000000000000000e+04	2.000000000000000000e+01	nan	2.693884114733736679e-01	9.526286507184119484e-03	5.500608176845822421e-03
nan	2.000000000000000000e+04	2.000000000000000000e+01	nan	2.618238173724898865e-01	9.314409893608939506e-03	5.889757005431136248e-03
nan	2.000000000000000000e+04	2.000000000000000000e+01	nan	2.896768916875316902e-01	9.770576345881729075e-03	5.495443233477827379e-03
nan	2.000000000000000000e+04	2.000000000000000000e+01	nan	2.995169605813498559e-01	9.579796506305093134e-03	5.532831875828298114e-03
nan	2.000000000000000000e+04	2.000000000000000000e+01	nan	3.094491850948088429e-01	8.812757359561839560e-03	5.471043533704772303e-03
nan	2.000000000000000000e+04	2.000000000000000000e+01	nan	3.192732490277466750e-01	9.047471508111340835e-03	5.428635117675869280e-03
nan	2.000000000000000000e+04	2.000000000000000000e+01	nan	3.293599449000703117e-01	9.013433995385218209e-03	5.437597229530156777e-03
nan	2.000000000000000000e+04	2.000000000000000000e+01	nan	3.389500562698594677e-01	9.142612894973567092e-03	5.100658006658255646e-03
nan	2.000000000000000000e+04	2.000000000000000000e+01	nan	3.495936167046693188e-01	9.037777817922096682e-03	5.170219621160761052e-03
nan	2.000000000000000000e+04	2.000000000000000000e+01	nan	3.595842189763152619e-01	8.953779031334648669e-03	5.026882432815070120e-03
nan	2.000000000000000000e+04	2.000000000000000000e+01	nan	3.692405537634203538e-01	8.820816836179221770e-03	4.884532378124363874e-03
nan	2.000000000000000000e+04	2.000000000000000000e+01	nan	3.791819809107164763e-01	8.478429955040269958e-03	4.964550043665414900e-03
nan	2.000000000000000000e+04	2.000000000000000000e+01	nan	3.895302300300590992e-01	8.767269049719280186e-03	4.901598303267334922e-03
nan	2.000000000000000000e+04	2.000000000000000000e+01	nan	3.993216597726313988e-01	9.000319395783041437e-03	4.806388382004177402e-03
nan	2.000000000000000000e+04	2.000000000000000000e+01	nan	1.997380177604782259e-02	2.280617322420324528e-02	2.064298801073532683e-02
nan	2.000000000000000000e+04	2.000000000000000000e+01	nan	2.997226940891664637e-02	1.893075656388951145e-02	1.742603769728680654e-02
nan	2.000000000000000000e+04	2.000000000000000000e+01	nan	3.737144885601025035e-02	1.715908296842134223e-02	1.500364357314454278e-02
nan	2.000000000000000000e+04	2.000000000000000000e+01	nan	4.673927151267279895e-02	1.529940443218994785e-02	1.324477823006111124e-02
nan	2.000000000000000000e+04	2.000000000000000000e+01	nan	5.995763967886887091e-02	1.423498741119999522e-02	1.221569132141394134e-02
nan	2.000000000000000000e+04	2.000000000000000000e+01	nan	6.981941606522695798e-02	1.365231572994072065e-02	1.085299543672429111e-02
nan	2.000000000000000000e+04	2.000000000000000000e+01	nan	7.985768796724641849e-02	1.233288623059866813e-02	1.085777534266431366e-02
nan	2.000000000000000000e+04	2.000000000000000000e+01	nan	8.411639569954175444e-02	1.203547671915845829e-02	1.002920852740923560e-02
nan	2.000000000000000000e+04	2.000000000000000000e+01	nan	9.969335079287475199e-02	1.180158458508423144e-02	8.849846031659792597e-03
nan	2.000000000000000000e+04	2.000000000000000000e+01	nan	1.097850724461932187e-01	1.175123933706772802e-02	8.917258035007692013e-03
nan	2.000000000000000000e+04	2.000000000000000000e+01	nan	1.197744475898798455e-01	1.158670431374798915e-02	8.757409617670495333e-03
nan	2.000000000000000000e+04	2.000000000000000000e+01	nan	1.298458799067475355e-01	1.122896835103764576e-02	8.089019258892556075e-03
nan	2.000000000000000000e+04	2.000000000000000000e+01	nan	1.397227720634237058e-01	1.057585693349125978e-02	8.149744087490556899e-03
nan	2.000000000000000000e+04	2.000000000000000000e+01	nan	1.495854408721243034e-01	1.051789473063069469e-02	8.181246435605566900e-03
nan	2.000000000000000000e+04	2.000000000000000000e+01	nan	1.597139337026828865e-01	1.045683015943125842e-02	7.568334754000390248e-03
nan	2.000000000000000000e+04	2.000000000000000000e+01	nan	1.693362588515901768e-01	1.005449384522166117e-02	7.179905655796346362e-03
nan	2.000000000000000000e+04	2.000000000000000000e+01	nan	1.681348188304709057e-01	1.023575562330304202e-02	7.444179490521926450e-03
nan	2.000000000000000000e+04	2.000000000000000000e+01	nan	1.898432289746097013e-01	1.000925747122134203e-02	7.186897282511840561e-03
nan	2.000000000000000000e+04	2.000000000000000000e+01	nan	1.994434984961708235e-01	9.683347372446268406e-03	6.739938364361990238e-03
nan	2.000000000000000000e+04	2.000000000000000000e+01	nan	2.098087162431784003e-01	9.930240773721685579e-03	6.505563726579238412e-03
nan	2.000000000000000000e+04	2.000000000000000000e+01	nan	2.195044029518521678e-01	1.042105551653946076e-02	6.392394264840098664e-03
nan	2.000000000000000000e+04	2.000000000000000000e+01	nan	2.296458535221609087e-01	9.926253727078790737e-03	6.313152366938199270e-03
nan	2.000000000000000000e+04	2.000000000000000000e+01	nan	2.397655845256577156e-01	9.555278443651681747e-03	6.360749820297733129e-03
nan	2.000000000000000000e+04	2.000000000000000000e+01	nan	2.497810511355510188e-01	9.374491257869828342e-03	6.051030518706150725e-03
nan	2.000000000000000000e+04	2.000000000000000000e+01	nan	2.595692509999480424e-01	9.501994137027850590e-03	6.004784822577406353e-03
nan	2.000000000000000000e+04	2.000000000000000000e+01	nan	2.697296459807694280e-01	9.072631594619276832e-03	5.873810133262378705e-03
nan	2.000000000000000000e+04	2.000000000000000000e+01	nan	2.796404834032636955e-01	9.548889329175087870e-03	6.048265401721734588e-03
nan	2.000000000000000000e+04	2.000000000000000000e+01	nan	2.890862922173710325e-01	9.128795686785429186e-03	5.795780127199860396e-03
nan	2.000000000000000000e+04	2.000000000000000000e+01	nan	2.997768065659420222e-01	9.124756667401494672e-03	5.420638447990974371e-03
nan	2.000000000000000000e+04	2.000000000000000000e+01	nan	3.095258713076146084e-01	9.601431775054448253e-03	5.332589882645756389e-03
nan	2.000000000000000000e+04	2.000000000000000000e+01	nan	2.985600300660918860e-01	8.994098120058576645e-03	5.263736911980692983e-03
nan	2.000000000000000000e+04	2.000000000000000000e+01	nan	3.294818569309790890e-01	8.886723817967821099e-03	5.500408751581128096e-03
nan	2.000000000000000000e+04	2.000000000000000000e+01	nan	3.397205665453293388e-01	8.902580084027080648e-03	5.239930611764446675e-03
nan	2.000000000000000000e+04	2.000000000000000000e+01	nan	3.491475722180075736e-01	8.888377483483030778e-03	5.073933563161979812e-03
nan	2.000000000000000000e+04	2.000000000000000000e+01	nan	3.594728842074800812e-01	8.734775798927285617e-03	4.986147402609161089e-03
nan	2.000000000000000000e+04	2.000000000000000000e+01	nan	3.221917966494371455e-01	8.658619339353194194e-03	4.931658524926930270e-03
nan	2.000000000000000000e+04	2.000000000000000000e+01	nan	3.550014780680636473e-01	8.786995652633480813e-03	4.798495467394338354e-03
nan	2.000000000000000000e+04	2.000000000000000000e+01	nan	3.887430499645324611e-01	8.984176541830698332e-03	4.955384549273603341e-03
nan	2.000000000000000000e+04	2.000000000000000000e+01	nan	3.992988741141197950e-01	8.637956961088214675e-03	4.713735381560430100e-03
nan	2.000000000000000000e+04	2.000000000000000000e+01	nan	1.993331611751386970e-02	2.187756879792114931e-02	2.151070402876240767e-02
nan	2.000000000000000000e+04	2.000000000000000000e+01	nan	2.993154465686075419e-02	1.840274962417898230e-02	1.702562377419030923e-02
nan	2.000000000000000000e+04	2.000000000000000000e+01	nan	3.995135214612332425e-02	1.622841203167462235e-02	1.468175986969159387e-02
nan	2.000000000000000000e+04	2.000000000000000000e+01	nan	4.990830266641296115e-02	1.576451362384164584e-02	1.273667154937959713e-02
nan	2.000000000000000000e+04	2.000000000000000000e+01	nan	5.993869674608050258e-02	1.362927238498437554e-02	1.216242402524776896e-02
nan	2.000000000000000000e+04	2.000000000000000000e+01	nan	6.984621033224357178e-02	1.341817922350203515e-02	1.154276113839410381e-02
nan	2.000000000000000000e+04	2.000000000000000000e+01	nan	7.992780089492271256e-02	1.268020044029347093e-02	1.066095512001990001e-02
nan	2.000000000000000000e+04	2.000000000000000000e+01	nan	8.995387230081178243e-02	1.236406497127137162e-02	9.936202141239695168e-03
nan	2.000000000000000000e+04	2.000000000000000000e+01	nan	9.990101751167686228e-02	1.150931293619828974e-02	9.338025289563692266e-03
nan	2.000000000000000000e+04	2.000000000000000000e+01	nan	1.098552739771821579e-01	1.189046759310520215e-02	8.925381713992980651e-03
nan	2.000000000000000000e+04	2.000000000000000000e+01	nan	1.198706148386509129e-01	1.069811808240548820e-02	8.277055840268016801e-03
nan	2.000000000000000000e+04	2.000000000000000000e+01	nan	1.298253206684330530e-01	1.116703308899046065e-02	8.177312554019783991e-03
nan	2.000000000000000000e+04	2.000000000000000000e+01	nan	1.397046379532093652e-01	1.094253829876660512e-02	7.979326675168259969e-03
nan	2.000000000000000000e+04	2.000000000000000000e+01	nan	1.495858596004700503e-01	1.044443730107381257e-02	7.752090326344694866e-03
nan	2.000000000000000000e+04	2.000000000000000000e+01	nan	1.597296675940242383e-01	1.150239210881153981e-02	7.734799395600029832e-03
nan	2.000000000000000000e+04	2.000000000000000000e+01	nan	1.697771861738510690e-01	1.028759737375779110e-02	7.404497937879908620e-03
nan	2.000000000000000000e+04	2.000000000000000000e+01	nan	1.681646837656463611e-01	1.083429045368341538e-02	7.046226394017670105e-03
nan	2.000000000000000000e+04	2.000000000000000000e+01	nan	1.897702149472661470e-01	1.034355810933051956e-02	6.945345333997392581e-03
nan	2.000000000000000000e+04	2.000000000000000000e+01	nan	1.997584726502782404e-01	1.020760448890689967e-02	6.848436062924326620e-03
nan	2.000000000000000000e+04	2.000000000000000000e+01	nan	2.097706858499168159e-01	1.004939507603794767e-02	6.546329831980180099e-03
nan	2.000000000000000000e+04	2.000000000000000000e+01	nan	2.196692506419276325e-01	9.625434262187681708e-03	6.261165816953873434e-03
nan	2.000000000000000000e+04	2.000000000000000000e+01	nan	2.295985418183863480e-01	9.339782151056411769e-03	6.386895925486574602e-03
nan	2.000000000000000000e+04	2.000000000000000000e+01	nan	2.388136895703155405e-01	9.386611250930106121e-03	6.362996978829004932e-03
nan	2.000000000000000000e+04	2.000000000000000000e+01	nan	2.496214145429621334e-01	1.000790395157835286e-02	6.341637736948482935e-03
nan	2.000000000000000000e+04	2.000000000000000000e+01	nan	2.597882791162283156e-01	9.192570889827170882e-03	6.085234956583423713e-03
nan	2.000000000000000000e+04	2.000000000000000000e+01	nan	2.697767134843616077e-01	9.912395174875828288e-03	5.727892659188614337e-03
nan	2.000000000000000000e+04	2.000000000000000000e+01	nan	2.797651923030389232e-01	9.283879346021619433e-03	5.762110250593779209e-03
nan	2.000000000000000000e+04	2.000000000000000000e+01	nan	2.895882407447606943e-01	9.396017508995093900e-03	5.621264440762473343e-03
nan	2.000000000000000000e+04	2.000000000000000000e+01	nan	2.994471157859061039e-01	9.014096022636959235e-03	5.662683706430928464e-03
nan	2.000000000000000000e+04	2.000000000000000000e+01	nan	3.096838012612351809e-01	8.982723116651747039e-03	5.575961236355338017e-03
nan	2.000000000000000000e+04	2.000000000000000000e+01	nan	2.991559693752946503e-01	8.720730371990347701e-03	5.261880985164529845e-03
nan	2.000000000000000000e+04	2.000000000000000000e+01	nan	3.284611879489057196e-01	9.045172527135649995e-03	5.279825916069616140e-03
nan	2.000000000000000000e+04	2.000000000000000000e+01	nan	3.393701310966844575e-01	9.017985988565886332e-03	5.213802515863071897e-03
nan	2.000000000000000000e+04	2.000000000000000000e+01	nan	3.488394863087250775e-01	9.159989736814866390e-03	5.120590011035328418e-03
nan	2.000000000000000000e+04	2.000000000000000000e+01	nan	3.588252609383653091e-01	8.967633503793769750e-03	4.996229894809704232e-03
nan	2.000000000000000000e+04	2.000000000000000000e+01	nan	3.689833261559761213e-01	9.384613508672031562e-03	4.780894690709897206e-03
nan	2.000000000000000000e+04	2.000000000000000000e+01	nan	3.792480069859903158e-01	8.813947863291420048e-03	4.897228759801763170e-03
nan	2.000000000000000000e+04	2.000000000000000000e+01	nan	3.895023306353778136e-01	8.666043795623499385e-03	4.684630339783289570e-03
nan	2.000000000000000000e+04	2.000000000000000000e+01	nan	3.994491784727961514e-01	9.113965740392884068e-03	4.747147668611813656e-03
