# SourcePhotonFlux	NumberRaysSurvived	PercentageRaysSurvived	PhotonFlux	Bandwidth	HorizontalFocusFWHM	VerticalFocusFWHM
nan	5.256000000000000227e+01	5.256000000000000949e-02	nan	1.777672408596231337e-04	6.009903206991981314e-03	2.646734182767195129e-04
nan	6.615999999999999659e+01	6.615999999999999659e-02	nan	2.964047411748538079e-04	4.608753469564403141e-03	2.675594578077310193e-04
nan	7.715999999999999659e+01	7.716000000000000636e-02	nan	3.888104690830118670e-04	4.075261901782130033e-03	2.703352058507816984e-04
nan	8.892000000000000171e+01	8.891999999999999904e-02	nan	4.687680414974693013e-04	3.846177644139342662e-03	2.735701823690810976e-04
nan	9.745000000000000284e+01	9.744999999999999496e-02	nan	6.124983572118480489e-04	3.395225008419226666e-03	2.804850145324674286e-04
nan	1.095300000000000011e+02	1.095299999999999885e-01	nan	6.694169682276651873e-04	3.292316986571416134e-03	2.784995868960094163e-04
nan	1.147299999999999898e+02	1.147299999999999986e-01	nan	7.882563053351531943e-04	3.174795694122756022e-03	2.801578566340816572e-04
nan	1.225000000000000000e+02	1.224999999999999839e-01	nan	9.209320495421025824e-04	2.848947201580774753e-03	2.784707259004382917e-04
nan	1.294499999999999886e+02	1.294500000000000095e-01	nan	1.016939712118301083e-03	2.850911139169572811e-03	2.843156654985887362e-04
nan	1.345200000000000102e+02	1.345200000000000007e-01	nan	1.110675574878996607e-03	2.673463630523081284e-03	2.804875243644572910e-04
nan	1.418400000000000034e+02	1.418400000000000216e-01	nan	1.222253986903751831e-03	2.680637839941473182e-03	2.846135378418091421e-04
nan	1.473700000000000045e+02	1.473699999999999732e-01	nan	1.365293669672382713e-03	2.482917982704532182e-03	2.800757938436363522e-04
nan	1.538700000000000045e+02	1.538700000000000068e-01	nan	1.529401153751450701e-03	2.444332471914250314e-03	2.842736183815522703e-04
nan	1.584300000000000068e+02	1.584300000000000153e-01	nan	1.599653715813929107e-03	2.439620907999867985e-03	2.866003319115255268e-04
nan	1.621299999999999955e+02	1.621300000000000241e-01	nan	1.573263650946046073e-03	2.365052739945425544e-03	2.863858092299081297e-04
nan	1.700600000000000023e+02	1.700600000000000167e-01	nan	1.881096436984535216e-03	2.345519801962364474e-03	2.844712178251462744e-04
nan	1.730999999999999943e+02	1.730999999999999761e-01	nan	1.968558707100100721e-03	2.317474795972091547e-03	2.847351726536104743e-04
nan	1.775600000000000023e+02	1.775599999999999679e-01	nan	2.104394640045938875e-03	2.188172193901129908e-03	2.823935602197351086e-04
nan	1.818900000000000148e+02	1.818899999999999961e-01	nan	2.306242848667352553e-03	2.161788084001454221e-03	2.832360001311470159e-04
nan	1.868299999999999841e+02	1.868299999999999961e-01	nan	2.452304309035753353e-03	2.074818312885624502e-03	2.849500307210799913e-04
nan	1.933000000000000114e+02	1.932999999999999718e-01	nan	2.590776505217036105e-03	2.200203859867942008e-03	2.868817728869690041e-04
nan	1.968499999999999943e+02	1.968499999999999972e-01	nan	2.768598564543935624e-03	2.155059041593980831e-03	2.871059919392018487e-04
nan	1.991099999999999852e+02	1.991100000000000092e-01	nan	2.906637774408409470e-03	2.028622119648906558e-03	2.880861236700707180e-04
nan	2.047400000000000091e+02	2.047400000000000053e-01	nan	3.075439935553276900e-03	2.173300853240290893e-03	2.860281731175844154e-04
nan	2.070800000000000125e+02	2.070799999999999308e-01	nan	3.025307719740339893e-03	1.943706142604900667e-03	2.868100848207475666e-04
nan	2.093800000000000239e+02	2.093800000000000383e-01	nan	3.282858222207778263e-03	2.016432806562855427e-03	2.841902187921493570e-04
nan	2.167300000000000182e+02	2.167299999999999505e-01	nan	3.396770800648028256e-03	2.109963923610720746e-03	2.857557935274725224e-04
nan	2.216699999999999875e+02	2.216700000000000337e-01	nan	3.671926480490128424e-03	1.978926527573090458e-03	2.878137312388282139e-04
nan	2.226099999999999852e+02	2.226100000000000301e-01	nan	3.685106172320047613e-03	1.970586115344924883e-03	2.900243579091008484e-04
nan	2.267699999999999818e+02	2.267699999999999994e-01	nan	3.864978231283657840e-03	1.851908473611217718e-03	2.850729353642834614e-04
nan	2.327699999999999818e+02	2.327700000000000047e-01	nan	3.946959568386318798e-03	1.773052137099524446e-03	2.859055878161730502e-04
nan	2.362300000000000182e+02	2.362300000000000233e-01	nan	4.302809377616086291e-03	1.893510567568102917e-03	2.876493835283516114e-04
nan	2.389199999999999875e+02	2.389199999999999657e-01	nan	4.535074488730970674e-03	1.808765619530584541e-03	2.863422085777081417e-04
nan	2.444300000000000068e+02	2.444299999999999806e-01	nan	4.697759224538912773e-03	1.754100717658320764e-03	2.853596861619764162e-04
nan	2.445400000000000205e+02	2.445399999999999796e-01	nan	4.715450889307248872e-03	1.818683086195449841e-03	2.903714834435697787e-04
nan	2.508599999999999852e+02	2.508600000000000274e-01	nan	4.988619313257914092e-03	1.817618734969159763e-03	2.919764435805712521e-04
nan	2.560600000000000023e+02	2.560600000000000098e-01	nan	5.252775850192392508e-03	1.716482060339191403e-03	2.868978317405274591e-04
nan	2.560900000000000318e+02	2.560900000000000398e-01	nan	5.321132091621620999e-03	1.769248239315621531e-03	2.890712409551953149e-04
nan	2.580699999999999932e+02	2.580699999999999661e-01	nan	5.433132872051374060e-03	1.834446757726725542e-03	2.904702736605125203e-04
nan	4.271000000000000085e+01	4.271000000000001184e-02	nan	1.779838637061459308e-04	6.039769695502743459e-03	2.087855849622603126e-04
nan	5.400000000000000000e+01	5.399999999999999245e-02	nan	2.780053949132366121e-04	4.813678572723720933e-03	2.285790497329554601e-04
nan	6.460999999999999943e+01	6.460999999999998689e-02	nan	3.628412862738628281e-04	4.086570097993355924e-03	2.244256559938190461e-04
nan	7.396999999999999886e+01	7.396999999999999409e-02	nan	4.599568501549811074e-04	3.759152384020292108e-03	2.240235895068090155e-04
nan	8.297999999999998977e+01	8.297999999999999821e-02	nan	5.341957059044943673e-04	3.604905689156901079e-03	2.297667059854062931e-04
nan	8.872999999999998977e+01	8.873000000000000331e-02	nan	6.715955484014557398e-04	3.090914959842852062e-03	2.329550865252540245e-04
nan	9.407999999999999829e+01	9.407999999999999696e-02	nan	6.953949161362516082e-04	3.008373412037579353e-03	2.293425715053671742e-04
nan	1.009799999999999898e+02	1.009800000000000003e-01	nan	8.481873617404289819e-04	2.895939495278080852e-03	2.297744204861803250e-04
nan	1.066599999999999966e+02	1.066600000000000048e-01	nan	1.007616736047225580e-03	2.799484968187996442e-03	2.351502965542013582e-04
nan	1.120400000000000063e+02	1.120400000000000007e-01	nan	1.200676257165014240e-03	2.571890920438309625e-03	2.345689070014265955e-04
nan	1.174799999999999898e+02	1.174799999999999872e-01	nan	1.145398558014676296e-03	2.680447369294457725e-03	2.345957021279783568e-04
nan	1.235300000000000011e+02	1.235300000000000009e-01	nan	1.377336509588076218e-03	2.481402232862495085e-03	2.372936506657875725e-04
nan	1.253200000000000074e+02	1.253200000000000147e-01	nan	1.484449368862215176e-03	2.385347976541471286e-03	2.370639214849179965e-04
nan	1.308499999999999943e+02	1.308499999999999941e-01	nan	1.557213090801496964e-03	2.394375218119091601e-03	2.344232275256684871e-04
nan	1.372500000000000000e+02	1.372500000000000109e-01	nan	1.696041982822862285e-03	2.195258407135839644e-03	2.365037891753372977e-04
nan	1.396800000000000068e+02	1.396799999999999986e-01	nan	1.789073408859849154e-03	2.365379870449533118e-03	2.390764863409536333e-04
nan	1.463299999999999841e+02	1.463300000000000156e-01	nan	1.892424163984287493e-03	2.147259159966400689e-03	2.357025151397574713e-04
nan	1.508199999999999932e+02	1.508200000000000096e-01	nan	2.099704170603899911e-03	2.209850676581151096e-03	2.361754172849319581e-04
nan	1.543400000000000034e+02	1.543400000000000050e-01	nan	2.119141094442511704e-03	2.291545494962968482e-03	2.351248611363440026e-04
nan	1.559099999999999966e+02	1.559100000000000208e-01	nan	2.277955702236340602e-03	2.201389850456429015e-03	2.363969397693633395e-04
nan	1.610400000000000205e+02	1.610399999999999610e-01	nan	2.509115572706832609e-03	2.026908515536099496e-03	2.359243194033306475e-04
nan	1.641899999999999977e+02	1.641900000000000026e-01	nan	2.608427834961730800e-03	2.077055055503675401e-03	2.394901004633633490e-04
nan	1.670300000000000011e+02	1.670299999999999840e-01	nan	2.775069446438464989e-03	2.046825256946444970e-03	2.375373586852432223e-04
nan	1.695400000000000205e+02	1.695399999999999963e-01	nan	2.924132717064366945e-03	1.999326034136451099e-03	2.383710544519381555e-04
nan	1.766599999999999966e+02	1.766599999999999837e-01	nan	2.880776144390893162e-03	2.028712436203137202e-03	2.383869841005409568e-04
nan	1.758199999999999932e+02	1.758200000000000041e-01	nan	3.046422844790868355e-03	2.049881147460927509e-03	2.381889434334435540e-04
nan	1.785500000000000114e+02	1.785500000000000143e-01	nan	3.078641599217917489e-03	1.985570596117127318e-03	2.400413093866874130e-04
nan	1.840600000000000023e+02	1.840599999999999736e-01	nan	3.405820700520507862e-03	1.958857683557042179e-03	2.381636279757760378e-04
nan	1.851999999999999886e+02	1.851999999999999758e-01	nan	3.507522231066104949e-03	1.979345316868475445e-03	2.370002462647011914e-04
nan	1.880400000000000205e+02	1.880400000000000404e-01	nan	3.608431972584184681e-03	1.897060770089264601e-03	2.394693732024622272e-04
nan	1.939599999999999795e+02	1.939599999999999935e-01	nan	3.809844108222932950e-03	1.941929480832470852e-03	2.377671870818505830e-04
nan	1.957099999999999795e+02	1.957099999999999951e-01	nan	3.852227509455587694e-03	1.812838321849519251e-03	2.370698168432396578e-04
nan	1.970900000000000034e+02	1.970899999999999874e-01	nan	4.160296624481816044e-03	1.894296370051910079e-03	2.395675450584288844e-04
nan	2.011500000000000057e+02	2.011499999999999955e-01	nan	4.325176161264607591e-03	1.845194366803519937e-03	2.400580617953704135e-04
nan	2.059399999999999977e+02	2.059400000000000119e-01	nan	4.497492943153246978e-03	1.828707821918802278e-03	2.398742194756567792e-04
nan	2.092500000000000000e+02	2.092500000000000193e-01	nan	4.524908191997382631e-03	1.809593494688003634e-03	2.375879590408068258e-04
nan	2.095199999999999818e+02	2.095199999999999840e-01	nan	4.700557652138286253e-03	1.750661400059242822e-03	2.403588630947578865e-04
nan	2.130900000000000034e+02	2.130900000000000016e-01	nan	5.164712266878268739e-03	1.777910931824876976e-03	2.437698184170471757e-04
nan	2.159399999999999977e+02	2.159400000000000208e-01	nan	5.176655212965215400e-03	1.776152984635242290e-03	2.396149544052213307e-04
nan	3.063999999999999702e+01	3.063999999999999363e-02	nan	1.731932328678453749e-04	5.397474226859816718e-03	1.685411370874085614e-04
nan	4.308999999999999631e+01	4.309000000000000330e-02	nan	2.254301850817341606e-04	5.157446286028901511e-03	1.732172912980500313e-04
nan	4.883999999999999631e+01	4.883999999999999453e-02	nan	3.360738908827443040e-04	4.509309686453139530e-03	1.734365510440124061e-04
nan	5.708999999999999631e+01	5.708999999999999492e-02	nan	4.608434483142786640e-04	3.633151170038239394e-03	1.779697787259934549e-04
nan	6.572999999999998977e+01	6.572999999999999676e-02	nan	5.575458926148258061e-04	3.461430032586044255e-03	1.800115691381511801e-04
nan	6.984999999999999432e+01	6.984999999999999543e-02	nan	6.509826455857137218e-04	3.511081622854549718e-03	1.812266076014022048e-04
nan	7.537000000000000455e+01	7.537000000000000643e-02	nan	7.882319768458500003e-04	3.054654373498100900e-03	1.834770788104770570e-04
nan	7.979999999999999716e+01	7.979999999999999594e-02	nan	8.953513686174119444e-04	2.738406294807162709e-03	1.838118672029481564e-04
nan	8.446000000000000796e+01	8.446000000000000729e-02	nan	8.849998818027416400e-04	2.801131076554552735e-03	1.872464728823766374e-04
nan	8.847999999999998977e+01	8.847999999999998921e-02	nan	1.099551019466389265e-03	2.622803628683167965e-03	1.887654756474187222e-04
nan	9.204999999999999716e+01	9.204999999999999294e-02	nan	1.132956965751645822e-03	2.527195756401568860e-03	1.838136924735144396e-04
nan	9.607999999999999829e+01	9.607999999999998486e-02	nan	1.308801722631187589e-03	2.400399861285511770e-03	1.852137269252187939e-04
nan	1.006400000000000006e+02	1.006399999999999795e-01	nan	1.407227875948819816e-03	2.506832891772491859e-03	1.882569684008547671e-04
nan	1.050799999999999983e+02	1.050800000000000206e-01	nan	1.495237349702165401e-03	2.359143392617521571e-03	1.872517455362612934e-04
nan	1.093400000000000034e+02	1.093400000000000205e-01	nan	1.509363204180544978e-03	2.266898765143271488e-03	1.886344206710356274e-04
nan	1.119799999999999898e+02	1.119799999999999685e-01	nan	1.735686769536641831e-03	2.364344976257335383e-03	1.887340980666480901e-04
nan	1.188499999999999943e+02	1.188500000000000112e-01	nan	1.887018335989978316e-03	2.223493467099797640e-03	1.882983345772129319e-04
nan	1.194099999999999966e+02	1.194100000000000161e-01	nan	2.021789762837897849e-03	2.269777877199146820e-03	1.904674040217611331e-04
nan	1.224900000000000091e+02	1.224899999999999878e-01	nan	2.184566765567979001e-03	2.208262036972109300e-03	1.880706889137876770e-04
nan	1.260099999999999909e+02	1.260100000000000109e-01	nan	2.140343341579864500e-03	2.173189856993495116e-03	1.901591999068730579e-04
nan	1.252599999999999909e+02	1.252599999999999825e-01	nan	2.518256080929859135e-03	2.142756651878270115e-03	1.867857586742025303e-04
nan	1.301099999999999852e+02	1.301100000000000034e-01	nan	2.410897563113394409e-03	2.047686131953702256e-03	1.896776911878596261e-04
nan	1.336299999999999955e+02	1.336299999999999988e-01	nan	2.614326585749040567e-03	1.993115410841048846e-03	1.878387800937739063e-04
nan	1.375000000000000000e+02	1.375000000000000111e-01	nan	2.510151453179787495e-03	2.117299706725407800e-03	1.908084554251219243e-04
nan	1.409099999999999966e+02	1.409100000000000075e-01	nan	3.014555303393535481e-03	1.992838917819380641e-03	1.893841010835247308e-04
nan	1.416599999999999966e+02	1.416600000000000081e-01	nan	2.823910407498715115e-03	1.947913682735911978e-03	1.886343094616940871e-04
nan	1.449200000000000159e+02	1.449199999999999933e-01	nan	3.022653154528143031e-03	1.977430153047037356e-03	1.896551558544579466e-04
nan	1.475099999999999909e+02	1.475100000000000022e-01	nan	3.385621395223096988e-03	1.962571067521085705e-03	1.913737584811024683e-04
nan	1.503499999999999943e+02	1.503500000000000114e-01	nan	3.423488253833965704e-03	1.913266283914583738e-03	1.884333057082647500e-04
nan	1.505600000000000023e+02	1.505600000000000271e-01	nan	3.461276187031217012e-03	1.830634387628185230e-03	1.909714117530345663e-04
nan	1.527199999999999989e+02	1.527200000000000224e-01	nan	3.889860654539915950e-03	1.865094874488957459e-03	1.905588439299176623e-04
nan	1.579900000000000091e+02	1.579899999999999916e-01	nan	3.740681612071057507e-03	1.854039390675429107e-03	1.902893951536417758e-04
nan	1.605500000000000114e+02	1.605499999999999983e-01	nan	4.180295998155543133e-03	1.816223713845285456e-03	1.909497821082689812e-04
nan	1.637500000000000000e+02	1.637500000000000344e-01	nan	3.925487537615026355e-03	1.773776577549007012e-03	1.914944377188771015e-04
nan	1.647900000000000205e+02	1.647899999999999920e-01	nan	4.115420229488790660e-03	1.804544011068660902e-03	1.910341819654751865e-04
nan	1.686500000000000057e+02	1.686499999999999944e-01	nan	4.342008594564959398e-03	1.876627032550085093e-03	1.911654784579064359e-04
nan	1.687900000000000205e+02	1.687900000000000234e-01	nan	4.207693016355732937e-03	1.871091792543231203e-03	1.934306319173404452e-04
nan	1.704200000000000159e+02	1.704200000000000159e-01	nan	4.434268355119001803e-03	1.817937574896750803e-03	1.913653715605961826e-04
nan	1.735699999999999932e+02	1.735700000000000021e-01	nan	4.949904522411543474e-03	1.767166489870760195e-03	1.917766479080241083e-04
