# SourcePhotonFlux	NumberRaysSurvived	PercentageRaysSurvived	PhotonFlux	Bandwidth	HorizontalFocusFWHM	VerticalFocusFWHM
nan	9.052000000000000455e+02	9.052000000000000046e-01	nan	3.520279201507037041e-03	4.766306457580814226e-02	2.624978527669258582e-03
nan	1.161799999999999955e+03	1.161799999999999944e+00	nan	4.406994296562061382e-03	4.131550569237478487e-02	2.717040855810998450e-03
nan	1.372400000000000091e+03	1.372400000000000064e+00	nan	6.466258398199897436e-03	3.623226626797973471e-02	2.796261479202327531e-03
nan	1.577400000000000091e+03	1.577400000000000135e+00	nan	7.631334646964660698e-03	3.467502039893427535e-02	2.823716648134037312e-03
nan	1.739400000000000091e+03	1.739399999999999835e+00	nan	1.012607806571850198e-02	3.036610991460610490e-02	2.794464443520771300e-03
nan	1.873799999999999955e+03	1.873800000000000354e+00	nan	1.161210101197411929e-02	2.694376377026459074e-02	2.795844701172298195e-03
nan	2.025799999999999955e+03	2.025800000000000267e+00	nan	1.343166125415109526e-02	2.590816999875927840e-02	2.809115707465357180e-03
nan	2.149199999999999818e+03	2.149199999999999999e+00	nan	1.489345701419324611e-02	2.674525594645848006e-02	2.837431042230088851e-03
nan	2.274400000000000091e+03	2.274399999999999977e+00	nan	1.869639835148291171e-02	2.453210057934349791e-02	2.856572182484519180e-03
nan	2.404199999999999818e+03	2.404200000000000337e+00	nan	1.869167275981453713e-02	2.432507086054357115e-02	2.837344613804350987e-03
nan	2.500599999999999909e+03	2.500599999999999934e+00	nan	2.006302868560396607e-02	2.292101036676994635e-02	2.883400082029126919e-03
nan	2.582000000000000000e+03	2.581999999999999851e+00	nan	2.151487455857932149e-02	2.132251405474248560e-02	2.866510560477954044e-03
nan	2.693800000000000182e+03	2.693800000000000416e+00	nan	2.571183838099386915e-02	2.229982115226776876e-02	2.869904218642670320e-03
nan	2.759400000000000091e+03	2.759399999999999853e+00	nan	2.785709365095954265e-02	2.270469136911915098e-02	2.840029708039279541e-03
nan	2.863800000000000182e+03	2.863799999999999901e+00	nan	2.968379615567755606e-02	2.060452912762406746e-02	2.840728207304130289e-03
nan	2.964400000000000091e+03	2.964400000000000368e+00	nan	3.075228528282423351e-02	2.011798464799257127e-02	2.876029542970400411e-03
nan	3.101199999999999818e+03	3.101199999999999957e+00	nan	3.548436885557748610e-02	2.114178369697576956e-02	2.882712538244881773e-03
nan	3.119000000000000000e+03	3.118999999999999773e+00	nan	3.615013833223201800e-02	1.983835936613315837e-02	2.890234219523051852e-03
nan	3.232599999999999909e+03	3.232600000000000140e+00	nan	3.798590565234007815e-02	1.942248451817640137e-02	2.864551333949852917e-03
nan	3.340800000000000182e+03	3.340800000000000214e+00	nan	4.206304996628205256e-02	2.051047256604568089e-02	2.840685542786975000e-03
nan	3.381599999999999909e+03	3.381599999999999717e+00	nan	4.199483189850070769e-02	1.868698696891669953e-02	2.883807046785652993e-03
nan	3.497199999999999818e+03	3.497200000000000308e+00	nan	4.399613992441118310e-02	1.963936782051005012e-02	2.873370702277428142e-03
nan	3.604000000000000000e+03	3.604000000000000092e+00	nan	4.770547046709907452e-02	1.841551226904383082e-02	2.879507944004498603e-03
nan	3.634400000000000091e+03	3.634400000000000297e+00	nan	5.495490767229967155e-02	1.864084682997153158e-02	2.877238051471679627e-03
nan	3.686599999999999909e+03	3.686599999999999877e+00	nan	5.373695991520435061e-02	1.812348808897562905e-02	2.844066422901651327e-03
nan	3.697000000000000000e+03	3.697000000000000064e+00	nan	5.138699444364647206e-02	1.878387493372849631e-02	2.883038889588581278e-03
nan	3.801599999999999909e+03	3.801599999999999646e+00	nan	5.534633325682989519e-02	1.889174096539788725e-02	2.850970686843223769e-03
nan	3.877800000000000182e+03	3.877799999999999692e+00	nan	6.086562471800789631e-02	1.816613100390236310e-02	2.848107135458604298e-03
nan	3.918400000000000091e+03	3.918400000000000549e+00	nan	6.228575200070736451e-02	1.695600713710428142e-02	2.845141911843492456e-03
nan	4.058599999999999909e+03	4.058600000000000207e+00	nan	6.174401569642214149e-02	1.794801009850218940e-02	2.853036745172269142e-03
nan	4.090800000000000182e+03	4.090799999999999770e+00	nan	6.481639092312434236e-02	1.665624512046724390e-02	2.875783994065458232e-03
nan	4.189000000000000000e+03	4.189000000000000057e+00	nan	6.793387393640841487e-02	1.738839210096734117e-02	2.843716752295714911e-03
nan	4.202600000000000364e+03	4.202599999999999447e+00	nan	7.036362804610689359e-02	1.661520159441615130e-02	2.899415796892829307e-03
nan	4.259600000000000364e+03	4.259600000000000719e+00	nan	7.704626079730587940e-02	1.647016393081527849e-02	2.847605117443455149e-03
nan	4.332399999999999636e+03	4.332399999999998919e+00	nan	8.049999604081677085e-02	1.776246476443604089e-02	2.897535302330043507e-03
nan	4.425600000000000364e+03	4.425600000000000200e+00	nan	8.150660245164545459e-02	1.656009319900760696e-02	2.912145076133922615e-03
nan	4.451399999999999636e+03	4.451400000000000468e+00	nan	8.500985054110969663e-02	1.700286142307859405e-02	2.889775676968049135e-03
nan	4.549800000000000182e+03	4.549800000000000288e+00	nan	8.700725523008259743e-02	1.662437187882618433e-02	2.887517539715787722e-03
nan	4.538800000000000182e+03	4.538800000000000168e+00	nan	8.806653202827874338e-02	1.676363233432969641e-02	2.899318725476357494e-03
nan	6.533999999999999773e+02	6.533999999999999808e-01	nan	2.290635337922708546e-03	5.102990334176689402e-02	2.594891119924805107e-03
nan	8.157999999999999545e+02	8.158000000000000806e-01	nan	3.380910992143526615e-03	3.576809085448179326e-02	2.692787167087395874e-03
nan	9.892000000000000455e+02	9.891999999999999682e-01	nan	4.136572488584988258e-03	3.590023097153738352e-02	2.691426706075772304e-03
nan	1.112200000000000045e+03	1.112200000000000077e+00	nan	5.956024252373026857e-03	3.224960563499810334e-02	2.749075156817341360e-03
nan	1.211599999999999909e+03	1.211600000000000010e+00	nan	6.855279721821716694e-03	2.898091870516237428e-02	2.816953913152374974e-03
nan	1.319799999999999955e+03	1.319800000000000084e+00	nan	8.088265022161067117e-03	2.813823120556181376e-02	2.774877373288342323e-03
nan	1.447200000000000045e+03	1.447200000000000042e+00	nan	9.021757803748187837e-03	2.607723466553775113e-02	2.860667131544846094e-03
nan	1.511400000000000091e+03	1.511399999999999855e+00	nan	1.040034181813780448e-02	2.466262837115553580e-02	2.842018162218967834e-03
nan	1.603599999999999909e+03	1.603600000000000136e+00	nan	1.149584344392451385e-02	2.437536542173333529e-02	2.849020451357125571e-03
nan	1.652400000000000091e+03	1.652400000000000091e+00	nan	1.341166035792866820e-02	2.308876055600101937e-02	2.810410999210280654e-03
nan	1.764599999999999909e+03	1.764600000000000168e+00	nan	1.453511039183013123e-02	2.295274529054230558e-02	2.797974431416016140e-03
nan	1.839400000000000091e+03	1.839399999999999924e+00	nan	1.604519553150112257e-02	2.099607994907765757e-02	2.830119874043652423e-03
nan	1.892799999999999955e+03	1.892799999999999816e+00	nan	1.845225543117976624e-02	2.227785195376277491e-02	2.850785655319096942e-03
nan	2.020599999999999909e+03	2.020599999999999952e+00	nan	1.809325032645574607e-02	2.059224653761274407e-02	2.814224214631890972e-03
nan	2.030000000000000000e+03	2.030000000000000249e+00	nan	2.135778566275803314e-02	2.208017611302707378e-02	2.827874730575106240e-03
nan	2.144199999999999818e+03	2.144200000000000106e+00	nan	2.108474104336437518e-02	2.084051813471991116e-02	2.868205090432692558e-03
nan	2.190800000000000182e+03	2.190800000000000303e+00	nan	2.312039843764068792e-02	1.988781858145339393e-02	2.879507947925756452e-03
nan	2.247800000000000182e+03	2.247800000000000242e+00	nan	2.605455743885158951e-02	2.182802312047669308e-02	2.859592306057579664e-03
nan	2.311000000000000000e+03	2.310999999999999943e+00	nan	2.507168623919824382e-02	2.005678459566635069e-02	2.884187063710865438e-03
nan	2.357400000000000091e+03	2.357399999999999718e+00	nan	2.872374059056710324e-02	1.875459590444688782e-02	2.831192884234338264e-03
nan	2.382400000000000091e+03	2.382400000000000073e+00	nan	2.929083142539639154e-02	2.028525958550474531e-02	2.859929508859181992e-03
nan	2.428199999999999818e+03	2.428200000000000358e+00	nan	3.178722395532531525e-02	1.819589248812377227e-02	2.828761987313212038e-03
nan	2.485199999999999818e+03	2.485199999999999854e+00	nan	3.307630725812486794e-02	1.793728116086237834e-02	2.873771293197669059e-03
nan	2.520400000000000091e+03	2.520399999999999974e+00	nan	3.365908865771416458e-02	1.836563533763528946e-02	2.870819090233604591e-03
nan	2.589800000000000182e+03	2.589799999999999880e+00	nan	3.744328245275028305e-02	1.853190084423364872e-02	2.848358248793803754e-03
nan	2.632400000000000091e+03	2.632399999999999629e+00	nan	3.881477474569692415e-02	1.710231660042621504e-02	2.862582504577934790e-03
nan	2.709400000000000091e+03	2.709399999999999586e+00	nan	4.063954274420211732e-02	1.698230736760600323e-02	2.871298351589491021e-03
nan	2.726400000000000091e+03	2.726399999999999935e+00	nan	4.429310366190293557e-02	1.904533541914656125e-02	2.852145942109880934e-03
nan	2.781800000000000182e+03	2.781800000000000050e+00	nan	4.542470590226912325e-02	1.781407619950027901e-02	2.831926369298826997e-03
nan	2.844000000000000000e+03	2.844000000000000306e+00	nan	4.524415723562924541e-02	1.790813721727831445e-02	2.849520925059163736e-03
nan	2.935199999999999818e+03	2.935200000000000475e+00	nan	4.784130124921830152e-02	1.740952321880771467e-02	2.899735793087511535e-03
nan	2.891000000000000000e+03	2.891000000000000014e+00	nan	5.147136972063890564e-02	1.675100685097687461e-02	2.868574759422197907e-03
nan	2.995800000000000182e+03	2.995800000000000018e+00	nan	4.884596179267645943e-02	1.650794844743640882e-02	2.909646300688648567e-03
nan	3.051400000000000091e+03	3.051400000000000112e+00	nan	5.391190929649383040e-02	1.762784870705690760e-02	2.878235434330912203e-03
nan	3.106400000000000091e+03	3.106399999999999828e+00	nan	5.490573775496158937e-02	1.757892181163957582e-02	2.831535238498403793e-03
nan	3.119800000000000182e+03	3.119799999999999685e+00	nan	5.472878574646529437e-02	1.723827507377367896e-02	2.888140174501166533e-03
nan	3.120400000000000091e+03	3.120400000000000507e+00	nan	5.959765474576670524e-02	1.655319966775483168e-02	2.900633450085646822e-03
nan	3.228199999999999818e+03	3.228199999999999736e+00	nan	6.011698175384481285e-02	1.671507504449546572e-02	2.900432697534647327e-03
nan	3.211599999999999909e+03	3.211599999999999788e+00	nan	6.349091731649422754e-02	1.640606376240368383e-02	2.860706243981541753e-03
nan	4.448000000000000114e+02	4.448000000000000287e-01	nan	1.608165212658718701e-03	5.155704077090287468e-02	2.565016262278473069e-03
nan	5.690000000000000000e+02	5.689999999999999503e-01	nan	2.142881365904258841e-03	3.763951028232267321e-02	2.675595083461422465e-03
nan	7.236000000000000227e+02	7.236000000000000210e-01	nan	3.068138674677811650e-03	3.709333105051070001e-02	2.724044108548414299e-03
nan	7.913999999999999773e+02	7.913999999999999924e-01	nan	4.026771677723672491e-03	2.934973339619204730e-02	2.654706457426033415e-03
nan	8.610000000000000000e+02	8.609999999999999876e-01	nan	4.398634642984689154e-03	2.860858844613383203e-02	2.809886202161215006e-03
nan	9.533999999999999773e+02	9.534000000000000252e-01	nan	5.926161422280529223e-03	2.808885154164211112e-02	2.762140191095584403e-03
nan	9.972000000000000455e+02	9.972000000000000863e-01	nan	6.042965230790287023e-03	2.581021480000667695e-02	2.844268864921394545e-03
nan	1.079200000000000045e+03	1.079199999999999937e+00	nan	6.877713892743031118e-03	2.512118701000495141e-02	2.819574529397109522e-03
nan	1.121200000000000045e+03	1.121199999999999974e+00	nan	8.116396555487881068e-03	2.461200945458576900e-02	2.845552700405798354e-03
nan	1.205799999999999955e+03	1.205799999999999983e+00	nan	8.974881266703959790e-03	2.361220838204311848e-02	2.831747549515727970e-03
nan	1.236799999999999955e+03	1.236799999999999899e+00	nan	1.059691871942050091e-02	2.324084421507529100e-02	2.848495725739167480e-03
nan	1.314400000000000091e+03	1.314400000000000013e+00	nan	1.089639987762893759e-02	2.305762972920072373e-02	2.886230349233243932e-03
nan	1.350799999999999955e+03	1.350800000000000001e+00	nan	1.316837204003604676e-02	2.158433542049833370e-02	2.825530104762955831e-03
nan	1.405599999999999909e+03	1.405600000000000183e+00	nan	1.377156445528271433e-02	2.199210268794674766e-02	2.898491596877781143e-03
nan	1.460599999999999909e+03	1.460599999999999898e+00	nan	1.469518860294556292e-02	2.111946110543196781e-02	2.864385194232331282e-03
nan	1.481799999999999955e+03	1.481800000000000228e+00	nan	1.555701097802284459e-02	2.189765354750823276e-02	2.835808327605354728e-03
nan	1.544200000000000045e+03	1.544200000000000017e+00	nan	1.633080375002009602e-02	1.859031187281768097e-02	2.871831412507660879e-03
nan	1.579200000000000045e+03	1.579199999999999715e+00	nan	1.786840984204900520e-02	1.884220346899841830e-02	2.826974062266564627e-03
nan	1.621599999999999909e+03	1.621600000000000152e+00	nan	1.845582146536344295e-02	1.964261630803468620e-02	2.837907915129775967e-03
nan	1.686200000000000045e+03	1.686200000000000143e+00	nan	1.935986827757005951e-02	1.969243183794210442e-02	2.847931277924816568e-03
nan	1.689000000000000000e+03	1.689000000000000057e+00	nan	2.041079255013755755e-02	1.879804167243708662e-02	2.820229577845018848e-03
nan	1.749400000000000091e+03	1.749400000000000066e+00	nan	1.945710017989767809e-02	1.854262410902677433e-02	2.873454477447201678e-03
nan	1.739400000000000091e+03	1.739399999999999835e+00	nan	2.337039164140151254e-02	1.861246533235113437e-02	2.839811870407716633e-03
nan	1.807599999999999909e+03	1.807600000000000096e+00	nan	2.431355084654569440e-02	1.853686012998849789e-02	2.815019064351892940e-03
nan	1.853799999999999955e+03	1.853800000000000114e+00	nan	2.610652499374737159e-02	1.801483600250256695e-02	2.841894976822988139e-03
nan	1.898400000000000091e+03	1.898400000000000087e+00	nan	2.712963590306571859e-02	1.790188238195253648e-02	2.895096664452294615e-03
nan	1.883599999999999909e+03	1.883599999999999941e+00	nan	2.777399295132454426e-02	1.731468068628230425e-02	2.897474454112513795e-03
nan	1.963000000000000000e+03	1.962999999999999856e+00	nan	2.806701884132962663e-02	1.781414691520340904e-02	2.849287401105538801e-03
nan	1.960599999999999909e+03	1.960600000000000120e+00	nan	3.081767838457381142e-02	1.713882740908233976e-02	2.856013142978795598e-03
nan	2.006200000000000045e+03	2.006199999999999761e+00	nan	3.215708987081598164e-02	1.745848458451584179e-02	2.853997452138995559e-03
nan	2.024400000000000091e+03	2.024399999999999977e+00	nan	3.433615131361875822e-02	1.806597406997825089e-02	2.895285631566317519e-03
nan	2.086400000000000091e+03	2.086400000000000254e+00	nan	3.522469989752607944e-02	1.680380857309235476e-02	2.913924854401889111e-03
nan	2.101000000000000000e+03	2.100999999999999979e+00	nan	3.687760034376878771e-02	1.597927022968729377e-02	2.862139430581353214e-03
nan	2.119400000000000091e+03	2.119399999999999729e+00	nan	3.810529190141096617e-02	1.772718500045816076e-02	2.888096932940233466e-03
nan	2.206000000000000000e+03	2.206000000000000405e+00	nan	3.924785363092268831e-02	1.762542516939181320e-02	2.806516328746158119e-03
nan	2.192199999999999818e+03	2.192200000000000149e+00	nan	3.900672513395875285e-02	1.576490096053775880e-02	2.864957982632246845e-03
nan	2.214199999999999818e+03	2.214199999999999946e+00	nan	4.158714093509843085e-02	1.639869138736638893e-02	2.850445348742176692e-03
nan	2.279800000000000182e+03	2.279799999999999827e+00	nan	4.082303876316473179e-02	1.746583112615080272e-02	2.831410379428227903e-03
nan	2.325199999999999818e+03	2.325200000000000156e+00	nan	4.385317372089048149e-02	1.633679509767528223e-02	2.883617195377756286e-03
nan	7.172000000000000455e+02	7.172000000000000597e-01	nan	2.784185052291832108e-03	4.476680794225727789e-02	2.276544383488519289e-03
nan	9.680000000000000000e+02	9.679999999999999716e-01	nan	5.205551968276722792e-03	4.045230112067653427e-02	2.235982040210143015e-03
nan	1.104599999999999909e+03	1.104600000000000026e+00	nan	6.164654993796148119e-03	3.424747163631963742e-02	2.271499541170193467e-03
nan	1.291000000000000000e+03	1.290999999999999925e+00	nan	8.072111733093833771e-03	3.095021328802287711e-02	2.305296498695012450e-03
nan	1.434200000000000045e+03	1.434199999999999919e+00	nan	9.035388599465931855e-03	3.169333294074724167e-02	2.324553696094047456e-03
nan	1.538799999999999955e+03	1.538799999999999946e+00	nan	1.089181062121724608e-02	2.943917311160635514e-02	2.365653729865074308e-03
nan	1.659400000000000091e+03	1.659400000000000208e+00	nan	1.209357034999811696e-02	2.698094185692452920e-02	2.358042853762280355e-03
nan	1.766000000000000000e+03	1.766000000000000014e+00	nan	1.382501966218114761e-02	2.607026596681271541e-02	2.390957028022990156e-03
nan	1.893799999999999955e+03	1.893800000000000150e+00	nan	1.595232196357301152e-02	2.501048511124616749e-02	2.342908169558412766e-03
nan	1.979200000000000045e+03	1.979200000000000070e+00	nan	1.876162280818789371e-02	2.275087898132733405e-02	2.345960044811930007e-03
nan	2.051599999999999909e+03	2.051599999999999646e+00	nan	1.972497311794541019e-02	2.168032633355047173e-02	2.375541723874258389e-03
nan	2.153400000000000091e+03	2.153399999999999981e+00	nan	2.192746927028110804e-02	2.152209517918364859e-02	2.396307295379017984e-03
nan	2.265400000000000091e+03	2.265400000000000524e+00	nan	2.556306018884697481e-02	2.191109508061065206e-02	2.360253981820220701e-03
nan	2.375000000000000000e+03	2.375000000000000000e+00	nan	2.669771022272016125e-02	2.197751337597441887e-02	2.380047674371335836e-03
nan	2.405599999999999909e+03	2.405600000000000627e+00	nan	2.625039146448671090e-02	2.214945563363873021e-02	2.370500959123994847e-03
nan	2.521400000000000091e+03	2.521399999999999864e+00	nan	3.181001221537371748e-02	2.098179759953770415e-02	2.361026093325578612e-03
nan	2.559800000000000182e+03	2.559800000000000075e+00	nan	3.033334741396629536e-02	2.023331066404315814e-02	2.399878345978921981e-03
nan	2.617199999999999818e+03	2.617199999999999527e+00	nan	3.347508705874133877e-02	2.008616015146699740e-02	2.363731510379165571e-03
nan	2.694000000000000000e+03	2.694000000000000394e+00	nan	3.686955250511800980e-02	2.070273863343160409e-02	2.369568473070498421e-03
nan	2.750800000000000182e+03	2.750800000000000356e+00	nan	3.801411867716524007e-02	1.995131087807116427e-02	2.380816581028093702e-03
nan	2.884599999999999909e+03	2.884599999999999831e+00	nan	4.102997889435755496e-02	1.927317533356246587e-02	2.368354156768735612e-03
nan	2.889199999999999818e+03	2.889199999999999768e+00	nan	4.382539672983511853e-02	1.754189633752879438e-02	2.374798308991480419e-03
nan	2.975599999999999909e+03	2.975600000000000023e+00	nan	4.723216535617211914e-02	1.907199971887655471e-02	2.375236311279894409e-03
nan	2.993800000000000182e+03	2.993799999999999795e+00	nan	4.721541805274682979e-02	1.875268415094597657e-02	2.396416806481610397e-03
nan	3.092199999999999818e+03	3.092199999999999616e+00	nan	5.107221173216203169e-02	1.827205737614142483e-02	2.386341778375573354e-03
nan	3.177199999999999818e+03	3.177200000000000024e+00	nan	5.261144444884848642e-02	1.850162249451474741e-02	2.378976789642703749e-03
nan	3.223400000000000091e+03	3.223400000000000265e+00	nan	5.258861666175107530e-02	1.698970899832981038e-02	2.394589343808724465e-03
nan	3.222400000000000091e+03	3.222399999999999487e+00	nan	5.785372458130950968e-02	1.821372604972609083e-02	2.392755812144764949e-03
nan	3.276599999999999909e+03	3.276600000000000623e+00	nan	5.845879634989614715e-02	1.727163829741656248e-02	2.398422244670359808e-03
nan	3.348800000000000182e+03	3.348799999999999777e+00	nan	5.946278415858614885e-02	1.722279472706400236e-02	2.400450455786975155e-03
nan	3.373400000000000091e+03	3.373400000000000176e+00	nan	6.202469792956435274e-02	1.763229763107769868e-02	2.400741629940086712e-03
nan	3.402199999999999818e+03	3.402199999999999669e+00	nan	7.004958047268701471e-02	1.831815274944671376e-02	2.425637290388144539e-03
nan	3.492800000000000182e+03	3.492799999999999905e+00	nan	6.354757578360477333e-02	1.816939837621954837e-02	2.398612435085164130e-03
nan	3.536599999999999909e+03	3.536599999999999966e+00	nan	6.835954209454939146e-02	1.677034989928321423e-02	2.397515777841721825e-03
nan	3.637199999999999818e+03	3.637199999999999989e+00	nan	6.823125609080307741e-02	1.617863400274214755e-02	2.393196236569383219e-03
nan	3.725400000000000091e+03	3.725400000000000489e+00	nan	7.678526580034486515e-02	1.742187625586829811e-02	2.405841856457066868e-03
nan	3.688599999999999909e+03	3.688600000000000101e+00	nan	7.812753828457061345e-02	1.648723435968254408e-02	2.376789527544233803e-03
nan	3.762800000000000182e+03	3.762799999999999923e+00	nan	7.761929690891519740e-02	1.658709218549667130e-02	2.408023804458302077e-03
nan	3.796800000000000182e+03	3.796800000000000175e+00	nan	8.677941874352654295e-02	1.660224720835130549e-02	2.389367580393252869e-03
nan	5.150000000000000000e+02	5.150000000000000133e-01	nan	2.064521746473246648e-03	4.661887779075938459e-02	2.059375979349883749e-03
nan	6.770000000000000000e+02	6.769999999999999352e-01	nan	2.657149073763776046e-03	3.774998385960245256e-02	2.240224917876415360e-03
nan	8.226000000000000227e+02	8.226000000000001089e-01	nan	4.865689555560948239e-03	3.440330464155522128e-02	2.274072999972464888e-03
nan	9.247999999999999545e+02	9.247999999999999554e-01	nan	5.246070386630208131e-03	3.362828387186679591e-02	2.325219371416916651e-03
nan	1.011200000000000045e+03	1.011200000000000099e+00	nan	6.900083142556923295e-03	3.074400315044591506e-02	2.305870422195097254e-03
nan	1.100799999999999955e+03	1.100800000000000001e+00	nan	7.729616501069358665e-03	2.473027561692051415e-02	2.302235061622570460e-03
nan	1.167599999999999909e+03	1.167599999999999971e+00	nan	9.069677876527747901e-03	2.478767250264089436e-02	2.321289761266883550e-03
nan	1.274599999999999909e+03	1.274599999999999955e+00	nan	1.009075050733372267e-02	2.580011240875006509e-02	2.347553688718771302e-03
nan	1.347799999999999955e+03	1.347799999999999887e+00	nan	1.180788276441262566e-02	2.262654097366925687e-02	2.347273585169292777e-03
nan	1.412599999999999909e+03	1.412599999999999856e+00	nan	1.318411993181598484e-02	2.344497443508024651e-02	2.387734862005161558e-03
nan	1.504400000000000091e+03	1.504399999999999959e+00	nan	1.354604372058929550e-02	2.165405432859177776e-02	2.336269001623630243e-03
nan	1.533799999999999955e+03	1.533800000000000052e+00	nan	1.611777507735041512e-02	2.459724716526603266e-02	2.361731602670412433e-03
nan	1.637400000000000091e+03	1.637399999999999967e+00	nan	1.741992145937274611e-02	2.033492977722343997e-02	2.374444418085636284e-03
nan	1.628400000000000091e+03	1.628400000000000292e+00	nan	1.853741935155994724e-02	2.125505320516834357e-02	2.365947712641663318e-03
nan	1.669400000000000091e+03	1.669400000000000217e+00	nan	1.855503787553516165e-02	2.028721251848564916e-02	2.340380278377615208e-03
nan	1.751000000000000000e+03	1.751000000000000112e+00	nan	2.081140639654677216e-02	2.097023307825584756e-02	2.353388540454704955e-03
nan	1.782400000000000091e+03	1.782400000000000206e+00	nan	2.319312310451095843e-02	2.011300519211352625e-02	2.369705923761867509e-03
nan	1.866599999999999909e+03	1.866599999999999593e+00	nan	2.292299193277358427e-02	1.972016232294455593e-02	2.399675202641859875e-03
nan	1.931200000000000045e+03	1.931200000000000028e+00	nan	2.652281243304059968e-02	1.947199893840136087e-02	2.380767137960019056e-03
nan	1.975799999999999955e+03	1.975800000000000001e+00	nan	2.771767830058706819e-02	1.882191838995952299e-02	2.379798100814924794e-03
nan	1.993599999999999909e+03	1.993600000000000039e+00	nan	2.629455420151316503e-02	1.796363638037860172e-02	2.347093448424215911e-03
nan	2.031000000000000000e+03	2.031000000000000139e+00	nan	3.058358650455374889e-02	1.738988016809211307e-02	2.406929392734792963e-03
nan	2.058800000000000182e+03	2.058799999999999741e+00	nan	3.194219646120473322e-02	1.901394256461543322e-02	2.388601785088882538e-03
nan	2.140800000000000182e+03	2.140800000000000036e+00	nan	3.399158907573109761e-02	1.908382281882475134e-02	2.375352610703990262e-03
nan	2.185199999999999818e+03	2.185200000000000475e+00	nan	3.541940844820601342e-02	1.728243238116792396e-02	2.421467317457438439e-03
nan	2.150000000000000000e+03	2.149999999999999911e+00	nan	3.620341942132654367e-02	1.871985550535122320e-02	2.403623341925066950e-03
nan	2.256400000000000091e+03	2.256400000000000183e+00	nan	3.905999170274299104e-02	1.845310820275764679e-02	2.364193179258367809e-03
nan	2.334599999999999909e+03	2.334600000000000453e+00	nan	3.764493209314423439e-02	1.796657175992067909e-02	2.394049302926330378e-03
nan	2.305800000000000182e+03	2.305800000000000072e+00	nan	3.992667328298012130e-02	1.761693897874016396e-02	2.363338531586337866e-03
nan	2.388400000000000091e+03	2.388399999999999856e+00	nan	4.005683150717231911e-02	1.784404022511352703e-02	2.368127736359716511e-03
nan	2.361400000000000091e+03	2.361400000000000166e+00	nan	4.294831453389633819e-02	1.683634063107003823e-02	2.411608234216993003e-03
nan	2.469000000000000000e+03	2.468999999999999861e+00	nan	4.636597603357586056e-02	1.790319347551348403e-02	2.349120946203332814e-03
nan	2.490800000000000182e+03	2.490800000000000125e+00	nan	4.965008112458235701e-02	1.640826384946787037e-02	2.402856157786645384e-03
nan	2.541199999999999818e+03	2.541199999999999903e+00	nan	5.019417718021941532e-02	1.731793991923590362e-02	2.366555020849549305e-03
nan	2.501199999999999818e+03	2.501199999999999868e+00	nan	4.872309610450429457e-02	1.740522646745398805e-02	2.378928694952773919e-03
nan	2.614400000000000091e+03	2.614399999999999835e+00	nan	5.114017507576136545e-02	1.713300325376685904e-02	2.362592400691565162e-03
nan	2.620000000000000000e+03	2.620000000000000107e+00	nan	5.487526721663016360e-02	1.688368443152802809e-02	2.375907583893981795e-03
nan	2.651000000000000000e+03	2.650999999999999801e+00	nan	5.466509092102569273e-02	1.517338414547673119e-02	2.390641873500631842e-03
nan	2.737599999999999909e+03	2.737599999999999589e+00	nan	5.819917247717967118e-02	1.519971651772363333e-02	2.407881025787436159e-03
nan	3.590000000000000000e+02	3.589999999999999858e-01	nan	1.369994680081276697e-03	4.266718242788133247e-02	2.084539430837078523e-03
nan	4.836000000000000227e+02	4.836000000000000298e-01	nan	2.356118229624826026e-03	3.812093345905563646e-02	2.229396213850039915e-03
nan	5.523999999999999773e+02	5.524000000000000021e-01	nan	3.056749877254105827e-03	3.573388346418367861e-02	2.260326142503074013e-03
nan	6.283999999999999773e+02	6.283999999999999586e-01	nan	3.684991700430373298e-03	2.987530911662376193e-02	2.260508627749805745e-03
nan	6.942000000000000455e+02	6.942000000000000393e-01	nan	4.590454499066254357e-03	3.134038923761657547e-02	2.268307785239901536e-03
nan	7.827999999999999545e+02	7.827999999999999403e-01	nan	5.819434218483366013e-03	2.811480581287929478e-02	2.353568468648485797e-03
nan	8.433999999999999773e+02	8.434000000000001496e-01	nan	6.236760504123139981e-03	2.435680270384987106e-02	2.280571666930491636e-03
nan	8.766000000000000227e+02	8.766000000000000458e-01	nan	7.498502372504845317e-03	2.538312281827829336e-02	2.373484991194820589e-03
nan	9.367999999999999545e+02	9.368000000000000771e-01	nan	8.038087116062797577e-03	2.305830648375340602e-02	2.335898105303756481e-03
nan	9.867999999999999545e+02	9.867999999999998995e-01	nan	8.990300315031164030e-03	2.243158370787830952e-02	2.317232178969668745e-03
nan	1.047000000000000000e+03	1.046999999999999931e+00	nan	1.037020505307282257e-02	2.284679131889072456e-02	2.353352925537304310e-03
nan	1.079599999999999909e+03	1.079599999999999893e+00	nan	1.063121657496140030e-02	2.018832821376595477e-02	2.292209179541744666e-03
nan	1.118599999999999909e+03	1.118600000000000039e+00	nan	1.188923267093286960e-02	2.373411048329136450e-02	2.334492432657331914e-03
nan	1.160799999999999955e+03	1.160800000000000054e+00	nan	1.266311896961269667e-02	1.988252273639405654e-02	2.335927351566388643e-03
nan	1.216400000000000091e+03	1.216399999999999926e+00	nan	1.306615820462866430e-02	2.050355523231777582e-02	2.377987496275702634e-03
nan	1.259400000000000091e+03	1.259400000000000075e+00	nan	1.456829308651776990e-02	1.969847955429152725e-02	2.387647950266206555e-03
nan	1.245599999999999909e+03	1.245600000000000041e+00	nan	1.636672225358779681e-02	2.056948039900685643e-02	2.365824706128363993e-03
nan	1.324599999999999909e+03	1.324600000000000000e+00	nan	1.577511695011253254e-02	2.064686614146247351e-02	2.350619187096756896e-03
nan	1.350400000000000091e+03	1.350400000000000045e+00	nan	1.786739463707363168e-02	1.956591403093153880e-02	2.379905087714540794e-03
nan	1.391400000000000091e+03	1.391399999999999970e+00	nan	1.895124724578636094e-02	1.826593732414927979e-02	2.325888736997530626e-03
nan	1.410799999999999955e+03	1.410800000000000054e+00	nan	2.069786199335794594e-02	1.856344285659045079e-02	2.385054768760493799e-03
nan	1.423599999999999909e+03	1.423599999999999977e+00	nan	2.200422979858558323e-02	1.813922525108858236e-02	2.400461348497303499e-03
nan	1.475400000000000091e+03	1.475400000000000045e+00	nan	2.162221207577203971e-02	1.932466327977139242e-02	2.408047034113324977e-03
nan	1.497200000000000045e+03	1.497199999999999864e+00	nan	2.272614154221628407e-02	1.854222841778074143e-02	2.354764813401559291e-03
nan	1.552000000000000000e+03	1.552000000000000046e+00	nan	2.427125658655313739e-02	1.843887089023256085e-02	2.366478572918866412e-03
nan	1.546400000000000091e+03	1.546399999999999997e+00	nan	2.408450622388045442e-02	1.715690853564970017e-02	2.392042757349895944e-03
nan	1.592799999999999955e+03	1.592799999999999994e+00	nan	2.426607691495519248e-02	1.805415508605064459e-02	2.373578276200516337e-03
nan	1.608200000000000045e+03	1.608200000000000074e+00	nan	2.778277229422201205e-02	1.782954511798270220e-02	2.324752436701307736e-03
nan	1.668000000000000000e+03	1.667999999999999927e+00	nan	2.828279232753629774e-02	1.796046447293567910e-02	2.383703204284812194e-03
nan	1.663400000000000091e+03	1.663399999999999990e+00	nan	3.194350819589999307e-02	1.740945103219333073e-02	2.357322704345338367e-03
nan	1.674799999999999955e+03	1.674800000000000066e+00	nan	2.800912676993903144e-02	1.722243630214542048e-02	2.370681734674026826e-03
nan	1.750599999999999909e+03	1.750599999999999934e+00	nan	3.242026838752280760e-02	1.644353526558189199e-02	2.377174945520928173e-03
nan	1.732799999999999955e+03	1.732799999999999896e+00	nan	3.247431282538855435e-02	1.721640102876767497e-02	2.384836127678938156e-03
nan	1.761000000000000000e+03	1.760999999999999899e+00	nan	3.724142125474827481e-02	1.647853194800984883e-02	2.375949924454192046e-03
nan	1.813000000000000000e+03	1.812999999999999945e+00	nan	3.659549784842965753e-02	1.714649014220175072e-02	2.390500075442626802e-03
nan	1.832400000000000091e+03	1.832399999999999807e+00	nan	3.697034234146485965e-02	1.517109873855652068e-02	2.366493989413648996e-03
nan	1.838200000000000045e+03	1.838199999999999834e+00	nan	3.846353864510092258e-02	1.661264035642421449e-02	2.368179208551006529e-03
nan	1.901599999999999909e+03	1.901599999999999735e+00	nan	3.920546644376372847e-02	1.653595491699147435e-02	2.384033569680264145e-03
nan	1.898200000000000045e+03	1.898199999999999887e+00	nan	4.177762004796932438e-02	1.717836346882257656e-02	2.401320836168228164e-03
nan	5.412000000000000455e+02	5.412000000000001254e-01	nan	2.969168444738557074e-03	4.456912920373330006e-02	1.686704938673559044e-03
nan	7.683999999999999773e+02	7.683999999999999719e-01	nan	4.695385202808211034e-03	3.602706536821243671e-02	1.731058664530033594e-03
nan	8.890000000000000000e+02	8.890000000000000124e-01	nan	6.036148099684624131e-03	3.365476183463295135e-02	1.797411156219688722e-03
nan	1.012000000000000000e+03	1.012000000000000011e+00	nan	7.179121662233001189e-03	3.116871869857338467e-02	1.819387712866941259e-03
nan	1.134400000000000091e+03	1.134400000000000075e+00	nan	9.293379613507114084e-03	2.982136438732110179e-02	1.830754546778087192e-03
nan	1.207400000000000091e+03	1.207400000000000029e+00	nan	1.123920325901508512e-02	2.709578634714521206e-02	1.822327981448047720e-03
nan	1.307400000000000091e+03	1.307399999999999896e+00	nan	1.271367137446759513e-02	2.422196442139885886e-02	1.880832662661516188e-03
nan	1.411200000000000045e+03	1.411200000000000010e+00	nan	1.546451400233763741e-02	2.512338266225398395e-02	1.849468972070726375e-03
nan	1.474000000000000000e+03	1.473999999999999977e+00	nan	1.497961894616537358e-02	2.434298646823124940e-02	1.912528957622502707e-03
nan	1.580599999999999909e+03	1.580600000000000005e+00	nan	1.727623439819581108e-02	2.277715178365568791e-02	1.897260443013798177e-03
nan	1.675599999999999909e+03	1.675599999999999978e+00	nan	1.965669036712824891e-02	2.457503093589545606e-02	1.866959691536210957e-03
nan	1.699000000000000000e+03	1.698999999999999844e+00	nan	2.134700968333618290e-02	2.157809562674846068e-02	1.882084484985176165e-03
nan	1.776599999999999909e+03	1.776600000000000179e+00	nan	2.450170192262248609e-02	2.212674865545614239e-02	1.916591483667313706e-03
nan	1.847400000000000091e+03	1.847399999999999931e+00	nan	2.362367003686358796e-02	2.200576788822706728e-02	1.894569870090966317e-03
nan	1.913799999999999955e+03	1.913800000000000168e+00	nan	2.819518567998784489e-02	2.059617212402663558e-02	1.889084034055198190e-03
nan	1.961400000000000091e+03	1.961400000000000032e+00	nan	2.792687167579970334e-02	2.135035550336992355e-02	1.896084267079108749e-03
nan	2.043799999999999955e+03	2.043800000000000061e+00	nan	2.990606946207208239e-02	1.951141988436212379e-02	1.899781656158350653e-03
nan	2.110800000000000182e+03	2.110800000000000232e+00	nan	3.322536222381131804e-02	1.953243048738934756e-02	1.907565788700266076e-03
nan	2.164599999999999909e+03	2.164599999999999635e+00	nan	3.479004458347390027e-02	1.855975516341492465e-02	1.893412779523022654e-03
nan	2.226000000000000000e+03	2.225999999999999979e+00	nan	3.582210604149622946e-02	1.834187238538297765e-02	1.938880346590440840e-03
nan	2.237599999999999909e+03	2.237600000000000033e+00	nan	3.807309638400511315e-02	1.965489674545072354e-02	1.924215663661366701e-03
nan	2.311199999999999818e+03	2.311200000000000365e+00	nan	3.877663579314685055e-02	1.737665552883986206e-02	1.881089148228539971e-03
nan	2.381400000000000091e+03	2.381400000000000183e+00	nan	4.313158844865938590e-02	1.829637319869231032e-02	1.880501302990992022e-03
nan	2.436599999999999909e+03	2.436599999999999877e+00	nan	4.620765326599211853e-02	1.713229366305128037e-02	1.879256518200735733e-03
nan	2.467400000000000091e+03	2.467400000000000038e+00	nan	4.378431436039136038e-02	1.837581665949002477e-02	1.917143137082132813e-03
nan	2.518199999999999818e+03	2.518200000000000216e+00	nan	5.012600798941093533e-02	1.778319109028989736e-02	1.909378447548470709e-03
nan	2.575400000000000091e+03	2.575400000000000134e+00	nan	4.971846882021964398e-02	1.777149060318958251e-02	1.912340832308977168e-03
nan	2.565599999999999909e+03	2.565599999999999881e+00	nan	4.974606787677657987e-02	1.837941250837777860e-02	1.914880240515636585e-03
nan	2.621800000000000182e+03	2.621799999999999908e+00	nan	5.328510132690098683e-02	1.759660604399001030e-02	1.913372717193291290e-03
nan	2.699000000000000000e+03	2.698999999999999844e+00	nan	5.508861931666615697e-02	1.710695451056816127e-02	1.907508540167759947e-03
nan	2.726000000000000000e+03	2.725999999999999979e+00	nan	5.570015244479691041e-02	1.725172099821365573e-02	1.920248922393530313e-03
nan	2.780599999999999909e+03	2.780600000000000183e+00	nan	6.046671653812154407e-02	1.745812513647573491e-02	1.889683166796466470e-03
nan	2.773800000000000182e+03	2.773800000000000043e+00	nan	6.165951620105260961e-02	1.777575915703245163e-02	1.919315180367214867e-03
nan	2.852199999999999818e+03	2.852199999999999847e+00	nan	6.181813793814398827e-02	1.645874268147919095e-02	1.908871384812406034e-03
nan	2.892599999999999909e+03	2.892599999999999838e+00	nan	6.912411366884044228e-02	1.597394875014169352e-02	1.904790695321748051e-03
nan	2.921599999999999909e+03	2.921600000000000197e+00	nan	6.648823590571736886e-02	1.677873480231090869e-02	1.930132855109238611e-03
nan	2.951400000000000091e+03	2.951400000000000468e+00	nan	6.763143168764144952e-02	1.579114210757043626e-02	1.909965327388585656e-03
nan	2.998000000000000000e+03	2.998000000000000220e+00	nan	7.023771363419654967e-02	1.720050107294258598e-02	1.913263175650304748e-03
nan	3.013000000000000000e+03	3.012999999999999901e+00	nan	7.631992037031523624e-02	1.626660612372453352e-02	1.893406229668106620e-03
nan	3.848000000000000114e+02	3.847999999999999754e-01	nan	2.037020466525518800e-03	4.243035592596179628e-02	1.656888328472303634e-03
nan	5.350000000000000000e+02	5.349999999999999201e-01	nan	3.138642259818880034e-03	3.904069950428040725e-02	1.758391664177462368e-03
nan	6.307999999999999545e+02	6.308000000000000274e-01	nan	4.350559369765960409e-03	3.513234144500834016e-02	1.758018538143889557e-03
nan	6.987999999999999545e+02	6.987999999999999767e-01	nan	5.152479873214588051e-03	2.935040465236312540e-02	1.766427836978808411e-03
nan	7.937999999999999545e+02	7.938000000000000611e-01	nan	6.833331936047670578e-03	3.053633110679175935e-02	1.816784577533220573e-03
nan	8.513999999999999773e+02	8.514000000000001567e-01	nan	7.461087116871567906e-03	2.649529262339583857e-02	1.847622983848875352e-03
nan	9.377999999999999545e+02	9.377999999999999670e-01	nan	8.478895505197670338e-03	2.521470449871231548e-02	1.844912682451197534e-03
nan	1.001600000000000023e+03	1.001600000000000046e+00	nan	9.401051634006308069e-03	2.487230859838440028e-02	1.826490985148179671e-03
nan	1.064599999999999909e+03	1.064599999999999991e+00	nan	1.116821386273159078e-02	2.476105120531092024e-02	1.876917393004708503e-03
nan	1.115200000000000045e+03	1.115199999999999969e+00	nan	1.190255233937023184e-02	2.228094179048486362e-02	1.876771814969793424e-03
nan	1.176400000000000091e+03	1.176400000000000112e+00	nan	1.345153126012519317e-02	2.280928072301579082e-02	1.897490902046986743e-03
nan	1.202400000000000091e+03	1.202399999999999913e+00	nan	1.456593918899216043e-02	2.158111747244914613e-02	1.880169410950265465e-03
nan	1.256599999999999909e+03	1.256600000000000161e+00	nan	1.558071272304459819e-02	2.038332678890239155e-02	1.913015055417473893e-03
nan	1.351000000000000000e+03	1.350999999999999979e+00	nan	1.697643799750494370e-02	2.310859860730739984e-02	1.884723989883356748e-03
nan	1.360000000000000000e+03	1.359999999999999876e+00	nan	1.913339624152286117e-02	2.153910947642485169e-02	1.902932142319610064e-03
nan	1.415400000000000091e+03	1.415400000000000214e+00	nan	2.176847900834672986e-02	1.962802611519454815e-02	1.886423507367236685e-03
nan	1.458599999999999909e+03	1.458600000000000119e+00	nan	2.241362563233906258e-02	1.996212274655040364e-02	1.880090292623066246e-03
nan	1.462400000000000091e+03	1.462399999999999922e+00	nan	2.078204739379998361e-02	2.049870296939881181e-02	1.911011119881734100e-03
nan	1.483599999999999909e+03	1.483600000000000030e+00	nan	2.359373565366240655e-02	1.983505498804369674e-02	1.902271122626802676e-03
nan	1.547599999999999909e+03	1.547599999999999865e+00	nan	2.560790004649788829e-02	1.873121484731245581e-02	1.897031651040462837e-03
nan	1.589200000000000045e+03	1.589199999999999946e+00	nan	2.806052935352454369e-02	1.887461185455085316e-02	1.871366430881270942e-03
nan	1.624400000000000091e+03	1.624400000000000066e+00	nan	2.909262737289282016e-02	1.837780873066530152e-02	1.907418334881747250e-03
nan	1.676000000000000000e+03	1.675999999999999712e+00	nan	3.021169394592106844e-02	1.798286232212022856e-02	1.903439493681627738e-03
nan	1.694000000000000000e+03	1.693999999999999728e+00	nan	3.108254989028864587e-02	1.826856170677941885e-02	1.891889041393838775e-03
nan	1.738599999999999909e+03	1.738599999999999923e+00	nan	3.291957337105486797e-02	1.904466014919445685e-02	1.899730203658242479e-03
nan	1.787799999999999955e+03	1.787800000000000056e+00	nan	3.242299317894321853e-02	1.823736409551855037e-02	1.919366849077123321e-03
nan	1.794200000000000045e+03	1.794200000000000017e+00	nan	3.679530415206500038e-02	1.755565390976501078e-02	1.877217962272019047e-03
nan	1.815200000000000045e+03	1.815200000000000147e+00	nan	3.665570487123659404e-02	1.771231436573177109e-02	1.890112194887950178e-03
nan	1.864799999999999955e+03	1.864800000000000013e+00	nan	3.664643646266085852e-02	1.639757601976709125e-02	1.918269528173690338e-03
nan	1.909000000000000000e+03	1.909000000000000030e+00	nan	4.353162768197762350e-02	1.815481312033152828e-02	1.894665501146343412e-03
nan	1.923000000000000000e+03	1.923000000000000043e+00	nan	4.116696305891309748e-02	1.805246249216225368e-02	1.888510866424157608e-03
nan	1.964799999999999955e+03	1.964799999999999880e+00	nan	3.864334363852321708e-02	1.668485564477050626e-02	1.929031960833496855e-03
nan	1.996200000000000045e+03	1.996199999999999974e+00	nan	4.333412900541588897e-02	1.698238782495725338e-02	1.906113750538079897e-03
nan	2.043200000000000045e+03	2.043200000000000127e+00	nan	4.711869014286094309e-02	1.663806490576811084e-02	1.901666063561357990e-03
nan	2.060199999999999818e+03	2.060200000000000031e+00	nan	4.548115885299921363e-02	1.530316659782537426e-02	1.889991002453146997e-03
nan	2.098000000000000000e+03	2.097999999999999865e+00	nan	4.875148117507706325e-02	1.627591807743794181e-02	1.919742896452461631e-03
nan	2.095199999999999818e+03	2.095200000000000173e+00	nan	5.139721887767336600e-02	1.646838545196752102e-02	1.916901348845244076e-03
nan	2.148199999999999818e+03	2.148200000000000109e+00	nan	4.762500473602813283e-02	1.724555472487147509e-02	1.882475496313218378e-03
nan	2.191800000000000182e+03	2.191799999999999748e+00	nan	5.281742093870889221e-02	1.614734904073044167e-02	1.921471953049871994e-03
nan	2.648000000000000114e+02	2.647999999999999798e-01	nan	1.494267607850474676e-03	4.518067570961454421e-02	1.580776816334288678e-03
nan	3.716000000000000227e+02	3.715999999999999859e-01	nan	2.008153654520583500e-03	3.989861073472805025e-02	1.659821580956231165e-03
nan	4.358000000000000114e+02	4.358000000000000762e-01	nan	3.173774933515005614e-03	3.066078161409886010e-02	1.745262955770180476e-03
nan	5.000000000000000000e+02	5.000000000000000000e-01	nan	3.494441534394354763e-03	2.977724740410224100e-02	1.729440774809551428e-03
nan	5.642000000000000455e+02	5.641999999999999238e-01	nan	4.549335334036186569e-03	2.978810766663697596e-02	1.783613382855215495e-03
nan	6.177999999999999545e+02	6.178000000000001268e-01	nan	5.001967336147572843e-03	2.704279810286024446e-02	1.830629503512376608e-03
nan	6.450000000000000000e+02	6.450000000000000178e-01	nan	6.041015771381807661e-03	2.554867619958183303e-02	1.813832874339051712e-03
nan	7.053999999999999773e+02	7.054000000000000270e-01	nan	6.990905232589739518e-03	2.281977193596154696e-02	1.854575694658126394e-03
nan	7.520000000000000000e+02	7.520000000000000018e-01	nan	7.667644269292850541e-03	2.178609224395777755e-02	1.858167047960050406e-03
nan	7.807999999999999545e+02	7.807999999999999385e-01	nan	8.859649171176898000e-03	2.347571152919183599e-02	1.851842967918617246e-03
nan	8.167999999999999545e+02	8.168000000000000815e-01	nan	9.388214045134190416e-03	2.244331251732703883e-02	1.851345622218548287e-03
nan	8.602000000000000455e+02	8.602000000000000757e-01	nan	1.111650142538564943e-02	2.019179983382765262e-02	1.839157805191113989e-03
nan	8.912000000000000455e+02	8.912000000000001032e-01	nan	1.155419006531701633e-02	2.157793860826387466e-02	1.855268198471644262e-03
nan	9.270000000000000000e+02	9.269999999999999352e-01	nan	1.181645779195150681e-02	2.074799341577284600e-02	1.860729279781374269e-03
nan	9.552000000000000455e+02	9.551999999999999380e-01	nan	1.251639814931877412e-02	2.080233916965085889e-02	1.870836641807225057e-03
nan	9.910000000000000000e+02	9.909999999999999920e-01	nan	1.347539679459259718e-02	2.093357159054783437e-02	1.884138260537626675e-03
nan	1.018600000000000023e+03	1.018599999999999950e+00	nan	1.520420501256012323e-02	1.925603054586135648e-02	1.916359424466934983e-03
nan	1.054000000000000000e+03	1.054000000000000048e+00	nan	1.595456239297163986e-02	1.925154053608096535e-02	1.918895327171002418e-03
nan	1.075599999999999909e+03	1.075600000000000112e+00	nan	1.589367169424349413e-02	2.074635823380479444e-02	1.890270973464589638e-03
nan	1.114599999999999909e+03	1.114600000000000035e+00	nan	1.907096034829009953e-02	1.858447959312337083e-02	1.888833704503152782e-03
nan	1.164200000000000045e+03	1.164200000000000124e+00	nan	1.746950759525134345e-02	1.902501869420928499e-02	1.912995018690296506e-03
nan	1.137799999999999955e+03	1.137799999999999923e+00	nan	1.886382177694940696e-02	1.897436818391037838e-02	1.893977337811288087e-03
nan	1.192200000000000045e+03	1.192200000000000149e+00	nan	1.890443909983332421e-02	1.920129685633925609e-02	1.905188448524732046e-03
nan	1.197400000000000091e+03	1.197400000000000020e+00	nan	2.113228075813822215e-02	1.774046057799670909e-02	1.863883968857888221e-03
nan	1.242200000000000045e+03	1.242199999999999971e+00	nan	2.271432124630336918e-02	1.583784269373091427e-02	1.885868479691569415e-03
nan	1.230400000000000091e+03	1.230399999999999938e+00	nan	2.309657318892277544e-02	2.001030785032151954e-02	1.884586969732174279e-03
nan	1.268000000000000000e+03	1.268000000000000016e+00	nan	2.452297233908211707e-02	1.742256125175242754e-02	1.887452180643373056e-03
nan	1.293000000000000000e+03	1.292999999999999927e+00	nan	2.535843713449139475e-02	1.698782639084921858e-02	1.885613305348360705e-03
nan	1.306000000000000000e+03	1.305999999999999828e+00	nan	2.545827174640180601e-02	1.850187582296580757e-02	1.869190230860766008e-03
nan	1.348599999999999909e+03	1.348600000000000021e+00	nan	2.965188586431395310e-02	1.744771521051982285e-02	1.913512091904088315e-03
nan	1.372799999999999955e+03	1.372800000000000020e+00	nan	2.746217374456137034e-02	1.666339003924122153e-02	1.902047233883315301e-03
nan	1.398000000000000000e+03	1.398000000000000131e+00	nan	3.040157832801924226e-02	1.674516064261380791e-02	1.882090684576171249e-03
nan	1.410799999999999955e+03	1.410800000000000054e+00	nan	3.047600691634215833e-02	1.652947732931924624e-02	1.903325278289643482e-03
nan	1.409400000000000091e+03	1.409400000000000208e+00	nan	3.125429004289799473e-02	1.736742192488038850e-02	1.887257787009060609e-03
nan	1.444599999999999909e+03	1.444599999999999884e+00	nan	3.154382405027718328e-02	1.559933893839146081e-02	1.895536490829098902e-03
nan	1.482200000000000045e+03	1.482199999999999962e+00	nan	3.165224726167252534e-02	1.624535695157893270e-02	1.934679858004654434e-03
nan	1.471799999999999955e+03	1.471799999999999997e+00	nan	3.459190381531698083e-02	1.790678662412562017e-02	1.890556947033140327e-03
nan	1.458000000000000000e+03	1.457999999999999963e+00	nan	3.699260905968913132e-02	1.699336259733619930e-02	1.892231512191316998e-03
nan	1.513200000000000045e+03	1.513199999999999878e+00	nan	3.809069038597954343e-02	1.593685359664423484e-02	1.903268411370158701e-03
nan	4.123999999999999773e+02	4.123999999999999888e-01	nan	8.808606132333807615e-04	4.512324905768460431e-02	2.560323171849533067e-03
nan	6.273999999999999773e+02	6.274000000000000687e-01	nan	1.528261274444275841e-03	4.193278937695020525e-02	2.535746663689710575e-03
nan	8.266000000000000227e+02	8.266000000000000014e-01	nan	2.200260528081798665e-03	3.734318089209849589e-02	2.476653089430145248e-03
nan	9.857999999999999545e+02	9.858000000000000096e-01	nan	3.402846069161569002e-03	3.058617357731179681e-02	2.569318702732502954e-03
nan	1.121200000000000045e+03	1.121199999999999974e+00	nan	4.463241734890743481e-03	2.933169992022333084e-02	2.610383270264414989e-03
nan	1.214400000000000091e+03	1.214399999999999924e+00	nan	5.294570181672497537e-03	2.837005729799176382e-02	2.678621551300700791e-03
nan	1.279000000000000000e+03	1.278999999999999915e+00	nan	6.885914537144799050e-03	2.489018355443472358e-02	2.604494832985020970e-03
nan	1.362000000000000000e+03	1.362000000000000099e+00	nan	8.020680723245732918e-03	2.385327612751360349e-02	2.652949992479408485e-03
nan	1.471000000000000000e+03	1.471000000000000085e+00	nan	9.419502822856884797e-03	2.356863279346986875e-02	2.651406112194093674e-03
nan	1.547200000000000045e+03	1.547199999999999909e+00	nan	1.086799763568251434e-02	2.325349704032408579e-02	2.650089832221791050e-03
nan	1.622000000000000000e+03	1.622000000000000330e+00	nan	1.220137155949032638e-02	2.401063371603725377e-02	2.786725850517650978e-03
nan	1.689799999999999955e+03	1.689799999999999969e+00	nan	1.429496124969773484e-02	2.277795259087815952e-02	2.706160030255428360e-03
nan	1.763200000000000045e+03	1.763200000000000101e+00	nan	1.590260108964685129e-02	2.197288948410658013e-02	2.754559484537315826e-03
nan	1.832799999999999955e+03	1.832799999999999985e+00	nan	1.762032370702399861e-02	2.027082051043619521e-02	2.739691857410616292e-03
nan	1.889799999999999955e+03	1.889799999999999924e+00	nan	1.941754967240285484e-02	2.074237522626867086e-02	2.748196103875303817e-03
nan	1.934599999999999909e+03	1.934600000000000097e+00	nan	2.187177950772820761e-02	2.024320225457079681e-02	2.811720725775256925e-03
nan	1.992000000000000000e+03	1.991999999999999771e+00	nan	2.364602446973549515e-02	2.007584977202655011e-02	2.741223676815060691e-03
nan	2.044400000000000091e+03	2.044400000000000439e+00	nan	2.542493247667607786e-02	1.802098014846715418e-02	2.757252584062386096e-03
nan	2.100199999999999818e+03	2.100200000000000067e+00	nan	2.782454058271923575e-02	1.853808716147679544e-02	2.744146411489261327e-03
nan	2.117800000000000182e+03	2.117799999999999905e+00	nan	2.958200370212580449e-02	1.853039991666549646e-02	2.760224176329457903e-03
nan	2.246199999999999818e+03	2.246200000000000419e+00	nan	3.169351304472911579e-02	1.854204904295224735e-02	2.800192026677813997e-03
nan	2.234400000000000091e+03	2.234399999999999942e+00	nan	3.381996206521762499e-02	1.909716145393436718e-02	2.758929918447760796e-03
nan	2.283800000000000182e+03	2.283800000000000274e+00	nan	3.602235750131512620e-02	1.861715876308551315e-02	2.825953350581542501e-03
nan	2.334599999999999909e+03	2.334600000000000009e+00	nan	3.827415340319930553e-02	1.908873082393943224e-02	2.791362578957293488e-03
nan	2.424599999999999909e+03	2.424599999999999866e+00	nan	4.014146850686302337e-02	1.723520361648478438e-02	2.786707319880715912e-03
nan	2.419599999999999909e+03	2.419599999999999973e+00	nan	4.287234462503874965e-02	1.866742926321975776e-02	2.779253742718185323e-03
nan	2.477599999999999909e+03	2.477599999999999802e+00	nan	4.592402078446866653e-02	1.746407191459514729e-02	2.807684437295179195e-03
nan	2.517000000000000000e+03	2.516999999999999904e+00	nan	4.882417809863000280e-02	1.805384732871100767e-02	2.769733442483521529e-03
nan	2.580400000000000091e+03	2.580400000000000027e+00	nan	5.118321140116677270e-02	1.739972316395397428e-02	2.816874852759605578e-03
nan	2.279400000000000091e+03	2.279399999999999871e+00	nan	5.321559643625732583e-02	1.588381491887056601e-02	2.890399185898395729e-03
nan	1.709000000000000000e+03	1.709000000000000075e+00	nan	5.694992255744182191e-02	1.739451009045235585e-02	2.945881724787738961e-03
nan	9.760000000000000000e+02	9.759999999999999787e-01	nan	5.722656686048140096e-02	1.639211235855421445e-02	3.001130466486426167e-03
nan	3.691999999999999886e+02	3.691999999999999726e-01	nan	5.922266393922655248e-02	1.484051026428554951e-02	3.063079072598702025e-03
nan	0.000000000000000000e+00	0.000000000000000000e+00	0.000000000000000000e+00	0.000000000000000000e+00	0.000000000000000000e+00	0.000000000000000000e+00
nan	0.000000000000000000e+00	0.000000000000000000e+00	0.000000000000000000e+00	0.000000000000000000e+00	0.000000000000000000e+00	0.000000000000000000e+00
nan	0.000000000000000000e+00	0.000000000000000000e+00	0.000000000000000000e+00	0.000000000000000000e+00	0.000000000000000000e+00	0.000000000000000000e+00
nan	0.000000000000000000e+00	0.000000000000000000e+00	0.000000000000000000e+00	0.000000000000000000e+00	0.000000000000000000e+00	0.000000000000000000e+00
nan	0.000000000000000000e+00	0.000000000000000000e+00	0.000000000000000000e+00	0.000000000000000000e+00	0.000000000000000000e+00	0.000000000000000000e+00
nan	0.000000000000000000e+00	0.000000000000000000e+00	0.000000000000000000e+00	0.000000000000000000e+00	0.000000000000000000e+00	0.000000000000000000e+00
nan	3.063999999999999773e+02	3.064000000000000057e-01	nan	5.515330770322179454e-04	4.592354523829957069e-02	2.463392638460083859e-03
nan	4.618000000000000114e+02	4.618000000000000438e-01	nan	1.073174318571545969e-03	4.167207786399829139e-02	2.428776630055656197e-03
nan	6.157999999999999545e+02	6.157999999999999030e-01	nan	1.667660632614342917e-03	3.579898475274030656e-02	2.389561243333727849e-03
nan	7.532000000000000455e+02	7.531999999999999806e-01	nan	2.338940903518960026e-03	3.156775031088228378e-02	2.498698249137039275e-03
nan	8.823999999999999773e+02	8.823999999999999622e-01	nan	3.071666671098682942e-03	3.042169614780492262e-02	2.631580159493845765e-03
nan	9.912000000000000455e+02	9.912000000000000810e-01	nan	3.994727492852234718e-03	2.985578777820352414e-02	2.464579923899092809e-03
nan	1.106000000000000000e+03	1.106000000000000094e+00	nan	4.571550415869296211e-03	2.324113389075328079e-02	2.571598339677696587e-03
nan	1.203400000000000091e+03	1.203400000000000025e+00	nan	5.556478630398942360e-03	2.534061546428999570e-02	2.555149619961795925e-03
nan	1.265000000000000000e+03	1.265000000000000124e+00	nan	6.641344071306320637e-03	2.514771728135375278e-02	2.592254542013057699e-03
nan	1.338000000000000000e+03	1.337999999999999856e+00	nan	7.650965308630475366e-03	2.540468310470665042e-02	2.586143966765930714e-03
nan	1.405599999999999909e+03	1.405600000000000183e+00	nan	8.867675472902191575e-03	2.293090754652937768e-02	2.640397777610357238e-03
nan	1.434599999999999909e+03	1.434600000000000097e+00	nan	9.643209642831607198e-03	2.206306665771413239e-02	2.675707233921099330e-03
nan	1.529200000000000045e+03	1.529199999999999893e+00	nan	1.121317148079015169e-02	2.193520304346721975e-02	2.644136800494517516e-03
nan	1.541200000000000045e+03	1.541199999999999903e+00	nan	1.212209731893381173e-02	2.107309449398470438e-02	2.719691225035239350e-03
nan	1.619599999999999909e+03	1.619600000000000151e+00	nan	1.371239491093092545e-02	2.140468957652620283e-02	2.678878791626745481e-03
nan	1.645799999999999955e+03	1.645799999999999930e+00	nan	1.474075523858573399e-02	1.995841574477691394e-02	2.707404778858371087e-03
nan	1.745599999999999909e+03	1.745600000000000041e+00	nan	1.651389222865873307e-02	2.011992012302655022e-02	2.788846468403044423e-03
nan	1.789799999999999955e+03	1.789800000000000058e+00	nan	1.766403490055381414e-02	2.001945461729856199e-02	2.627876283789237679e-03
nan	1.792200000000000045e+03	1.792200000000000015e+00	nan	1.968612557393498858e-02	1.850690170513866889e-02	2.757700641642892546e-03
nan	1.840000000000000000e+03	1.840000000000000302e+00	nan	2.014627668299908553e-02	2.128487012751113100e-02	2.652981834073668641e-03
nan	1.886400000000000091e+03	1.886400000000000077e+00	nan	2.191030054318616679e-02	1.908066318338799347e-02	2.796094910317419805e-03
nan	1.931000000000000000e+03	1.930999999999999828e+00	nan	2.368625047884052176e-02	1.858022463490817747e-02	2.777201389242608173e-03
nan	1.946599999999999909e+03	1.946600000000000108e+00	nan	2.551351740175960073e-02	1.919656750453586219e-02	2.701468008972355249e-03
nan	2.030200000000000045e+03	2.030199999999999783e+00	nan	2.692912378297478496e-02	1.860125026754675878e-02	2.725876506160431617e-03
nan	2.049000000000000000e+03	2.048999999999999932e+00	nan	2.932510355599333637e-02	1.743193518358889665e-02	2.703046456732224705e-03
nan	2.088199999999999818e+03	2.088199999999999612e+00	nan	3.005722081948079133e-02	1.810954059069912886e-02	2.765710911348134328e-03
nan	2.152000000000000000e+03	2.152000000000000135e+00	nan	3.165767190357655914e-02	1.728360818830299711e-02	2.756615313606803307e-03
nan	2.183199999999999818e+03	2.183200000000000252e+00	nan	3.410908921950976669e-02	1.709436802073110301e-02	2.816212792803304138e-03
nan	2.224000000000000000e+03	2.224000000000000199e+00	nan	3.610036941990983628e-02	1.846672403161995352e-02	2.786530128169990416e-03
nan	2.262000000000000000e+03	2.262000000000000011e+00	nan	3.755694873661923061e-02	1.715928839345388923e-02	2.729825340533292496e-03
nan	2.237599999999999909e+03	2.237599999999999589e+00	nan	3.973219163081011945e-02	1.659536834148965176e-02	2.828706696673065433e-03
nan	2.363800000000000182e+03	2.363800000000000345e+00	nan	4.075244656678478350e-02	1.687761516164653156e-02	2.741546392855777510e-03
nan	2.354400000000000091e+03	2.354400000000000048e+00	nan	4.286040859228705535e-02	1.777508263413783013e-02	2.817902409778738453e-03
nan	2.390800000000000182e+03	2.390800000000000036e+00	nan	4.387787997347913915e-02	1.777750512103841440e-02	2.779917798661337390e-03
nan	2.429000000000000000e+03	2.428999999999999826e+00	nan	4.752518145910471226e-02	1.641809514152338043e-02	2.804557401296788825e-03
nan	2.475599999999999909e+03	2.475600000000000023e+00	nan	5.003487571107143733e-02	1.712627823977347710e-02	2.837313354135019648e-03
nan	2.480599999999999909e+03	2.480599999999999916e+00	nan	5.077607180778613560e-02	1.773713362573773114e-02	2.855050600342468048e-03
nan	2.529599999999999909e+03	2.529599999999999849e+00	nan	5.355296159150384205e-02	1.587161685980470124e-02	2.811487235988333576e-03
nan	2.542599999999999909e+03	2.542600000000000193e+00	nan	5.518451191483109142e-02	1.602649047593563553e-02	2.794466018892628138e-03
nan	2.038000000000000114e+02	2.037999999999999812e-01	nan	3.784669468331003589e-04	4.718122752705875000e-02	2.220858856720936414e-03
nan	3.253999999999999773e+02	3.253999999999999670e-01	nan	6.792339088974586048e-04	3.393758297361569587e-02	2.504290981832053755e-03
nan	4.328000000000000114e+02	4.328000000000000180e-01	nan	1.182235556746036222e-03	3.522929604965645972e-02	2.345096714620527757e-03
nan	5.393999999999999773e+02	5.393999999999998796e-01	nan	1.455402233187896898e-03	3.330332819900113511e-02	2.456326342310209687e-03
nan	6.220000000000000000e+02	6.219999999999999973e-01	nan	2.255855151315699740e-03	3.251185743889337815e-02	2.543873474880019303e-03
nan	7.000000000000000000e+02	7.000000000000000666e-01	nan	2.685238529943490080e-03	2.603382355935508069e-02	2.555136776641651116e-03
nan	7.972000000000000455e+02	7.972000000000000197e-01	nan	3.271393973682279379e-03	2.782983857323710272e-02	2.588050645413789846e-03
nan	8.690000000000000000e+02	8.690000000000001057e-01	nan	3.982150191518485371e-03	2.689300710684804779e-02	2.509296852542784468e-03
nan	9.387999999999999545e+02	9.387999999999999678e-01	nan	4.405392126943752547e-03	2.671191676996692577e-02	2.726558962848952931e-03
nan	9.972000000000000455e+02	9.971999999999999753e-01	nan	5.328208368382547633e-03	2.338425837992440942e-02	2.729408878385442515e-03
nan	1.044200000000000045e+03	1.044200000000000017e+00	nan	6.041793593908550974e-03	2.294902558678595453e-02	2.608356682147821345e-03
nan	1.109599999999999909e+03	1.109599999999999920e+00	nan	6.997709075790226052e-03	2.247660593961850126e-02	2.587583122279603180e-03
nan	1.167599999999999909e+03	1.167599999999999971e+00	nan	7.717283660281282036e-03	2.058222038740480445e-02	2.671921179377720421e-03
nan	1.214599999999999909e+03	1.214600000000000124e+00	nan	8.603030345602747167e-03	1.906542579255516776e-02	2.665101580096374163e-03
nan	1.264799999999999955e+03	1.264799999999999924e+00	nan	9.260122682371729405e-03	1.986195465261738138e-02	2.743158710700323126e-03
nan	1.321599999999999909e+03	1.321600000000000108e+00	nan	1.020193213162201573e-02	2.051599925512852599e-02	2.647199549196015307e-03
nan	1.378799999999999955e+03	1.378799999999999804e+00	nan	1.119534411923268566e-02	1.954297097577704229e-02	2.667632590634123717e-03
nan	1.423200000000000045e+03	1.423200000000000021e+00	nan	1.206275157901473029e-02	2.022998951329452871e-02	2.701905758825219779e-03
nan	1.420200000000000045e+03	1.420199999999999907e+00	nan	1.345010399020338775e-02	2.001066403458143933e-02	2.749626805749794383e-03
nan	1.443200000000000045e+03	1.443200000000000038e+00	nan	1.417247827598657785e-02	1.759366607891008766e-02	2.689531641624916172e-03
nan	1.513599999999999909e+03	1.513599999999999834e+00	nan	1.508944015390625316e-02	2.147567349221804478e-02	2.777791743869321116e-03
nan	1.512599999999999909e+03	1.512599999999999945e+00	nan	1.667427575871443038e-02	1.945711863086014431e-02	2.711594900353549425e-03
nan	1.560000000000000000e+03	1.560000000000000053e+00	nan	1.751923123742926691e-02	1.882314767488905624e-02	2.709903442952928294e-03
nan	1.588599999999999909e+03	1.588600000000000012e+00	nan	1.856500237481668522e-02	1.796982850236434823e-02	2.696674441435306744e-03
nan	1.628799999999999955e+03	1.628800000000000026e+00	nan	2.034621105549376877e-02	1.840945460712518911e-02	2.732385047536354562e-03
nan	1.643000000000000000e+03	1.643000000000000016e+00	nan	2.138980699783132877e-02	1.796709703819930962e-02	2.667453506966975529e-03
nan	1.684799999999999955e+03	1.684799999999999853e+00	nan	2.260529484487960872e-02	1.816552576262267515e-02	2.722944303021891145e-03
nan	1.694200000000000045e+03	1.694199999999999706e+00	nan	2.362300392437646085e-02	1.815894783953695552e-02	2.765169744393629250e-03
nan	1.796799999999999955e+03	1.796799999999999953e+00	nan	2.501870199362201536e-02	1.763484584508851621e-02	2.754317996007888628e-03
nan	1.782200000000000045e+03	1.782199999999999562e+00	nan	2.644213613289139037e-02	1.708120108864936634e-02	2.730974160646531396e-03
nan	1.815799999999999955e+03	1.815800000000000081e+00	nan	2.740242375753041554e-02	1.777614189656316970e-02	2.735921407501860914e-03
nan	1.850000000000000000e+03	1.850000000000000089e+00	nan	2.887455413642783103e-02	1.712473118020997956e-02	2.679688627613029204e-03
nan	1.865000000000000000e+03	1.864999999999999769e+00	nan	3.006441930078835797e-02	1.756255381156616308e-02	2.756365121839308378e-03
nan	1.872200000000000045e+03	1.872200000000000086e+00	nan	3.164789455054232981e-02	1.693564404085839623e-02	2.692902450603423987e-03
nan	1.915200000000000045e+03	1.915200000000000014e+00	nan	3.312607970015050973e-02	1.579633578673032140e-02	2.773510720372177139e-03
nan	1.941400000000000091e+03	1.941399999999999793e+00	nan	3.453587457456706172e-02	1.624326479118692879e-02	2.772556133036944113e-03
nan	1.964000000000000000e+03	1.963999999999999968e+00	nan	3.684656628956872737e-02	1.628014877209527783e-02	2.756699984780204473e-03
nan	1.940599999999999909e+03	1.940599999999999881e+00	nan	3.715210103882782278e-02	1.489027897570269557e-02	2.731849208756286299e-03
nan	2.008599999999999909e+03	2.008599999999999941e+00	nan	3.991842195628123730e-02	1.676504588726210332e-02	2.745968575579841708e-03
nan	3.346000000000000227e+02	3.346000000000000085e-01	nan	6.905523130910750772e-04	4.684902779652362625e-02	2.051240115021395801e-03
nan	5.226000000000000227e+02	5.226000000000000645e-01	nan	1.305429424434123575e-03	3.586997626694117536e-02	2.142420741337606235e-03
nan	6.777999999999999545e+02	6.777999999999999581e-01	nan	1.861506873171947475e-03	3.469852539643919487e-02	2.080141258582539256e-03
nan	8.033999999999999773e+02	8.034000000000001140e-01	nan	2.731653143541734607e-03	3.211088484948985966e-02	2.067798736322392413e-03
nan	9.070000000000000000e+02	9.070000000000000284e-01	nan	3.577452479180465335e-03	2.622344748111702512e-02	2.208302777479010087e-03
nan	9.872000000000000455e+02	9.871999999999999664e-01	nan	4.437118286602981243e-03	2.624186109593631966e-02	2.194302546634804233e-03
nan	1.072200000000000045e+03	1.072200000000000042e+00	nan	5.436655344453811267e-03	2.574305857739630360e-02	2.188234964771711578e-03
nan	1.161799999999999955e+03	1.161799999999999944e+00	nan	6.725521618227503842e-03	2.700465931353383461e-02	2.229297116912396307e-03
nan	1.226799999999999955e+03	1.226800000000000113e+00	nan	7.521785047015327845e-03	2.445003566895139618e-02	2.205911697431300281e-03
nan	1.290200000000000045e+03	1.290200000000000014e+00	nan	8.839748134573711252e-03	2.242806196938605320e-02	2.188538055491151026e-03
nan	1.358200000000000045e+03	1.358199999999999852e+00	nan	1.019121264528166648e-02	2.103623104824520890e-02	2.290381074294310475e-03
nan	1.387599999999999909e+03	1.387599999999999945e+00	nan	1.148963873483808094e-02	2.450926520807755055e-02	2.239236662313330399e-03
nan	1.470200000000000045e+03	1.470199999999999729e+00	nan	1.292620053984592197e-02	2.417296888838742913e-02	2.345822619275991609e-03
nan	1.497000000000000000e+03	1.496999999999999886e+00	nan	1.499737787978574523e-02	2.012246034797218752e-02	2.308884729027057235e-03
nan	1.538599999999999909e+03	1.538599999999999968e+00	nan	1.608642101675741148e-02	1.962031857023796566e-02	2.290708969063278647e-03
nan	1.662000000000000000e+03	1.662000000000000144e+00	nan	1.745344970418045635e-02	1.957384282662192471e-02	2.322992581735022852e-03
nan	1.660400000000000091e+03	1.660399999999999876e+00	nan	1.913643113550733688e-02	2.156704054012530125e-02	2.304228985939808707e-03
nan	1.714200000000000045e+03	1.714199999999999946e+00	nan	2.132267076503922137e-02	1.883300575015040695e-02	2.311132930624673707e-03
nan	1.745000000000000000e+03	1.744999999999999885e+00	nan	2.209212825302984268e-02	1.944353449889467747e-02	2.305290102573132917e-03
nan	1.794400000000000091e+03	1.794399999999999995e+00	nan	2.435858874396217358e-02	1.925338574390095606e-02	2.267129976756656999e-03
nan	1.841000000000000000e+03	1.840999999999999970e+00	nan	2.664590373074133753e-02	1.852950556369822865e-02	2.318213362658526431e-03
nan	1.875200000000000045e+03	1.875200000000000200e+00	nan	2.767661081766164058e-02	2.004769401245819899e-02	2.323829207652506213e-03
nan	1.890000000000000000e+03	1.890000000000000124e+00	nan	3.017136799394393165e-02	1.853902521365450445e-02	2.334460451513299412e-03
nan	1.971000000000000000e+03	1.970999999999999641e+00	nan	3.215951160873373876e-02	1.717456689267298289e-02	2.267958951004193403e-03
nan	1.982000000000000000e+03	1.981999999999999984e+00	nan	3.367705038203894219e-02	1.810656689109413006e-02	2.335795454074447199e-03
nan	2.017400000000000091e+03	2.017399999999999860e+00	nan	3.458618650374774284e-02	1.848265897776385155e-02	2.312850669961949174e-03
nan	2.075599999999999909e+03	2.075600000000000112e+00	nan	3.848840662344628349e-02	1.791122178913654231e-02	2.263377840825500815e-03
nan	2.122800000000000182e+03	2.122800000000000242e+00	nan	4.020238906814484203e-02	1.785574707670580311e-02	2.337354135551294836e-03
nan	2.143199999999999818e+03	2.143199999999999772e+00	nan	4.175815120352126264e-02	1.821502734148661151e-02	2.307162885872409471e-03
nan	1.856799999999999955e+03	1.856800000000000228e+00	nan	4.514067518043703153e-02	1.781539032146416818e-02	2.406353012918585003e-03
nan	1.361599999999999909e+03	1.361600000000000144e+00	nan	4.615026580222547636e-02	1.801421427257738836e-02	2.432309754094379942e-03
nan	8.343999999999999773e+02	8.344000000000001416e-01	nan	4.831773173436886004e-02	1.605985463882928996e-02	2.524368668633912485e-03
nan	2.988000000000000114e+02	2.988000000000000655e-01	nan	4.505100318751829175e-02	1.495728772021705580e-02	2.447665415537543521e-03
nan	0.000000000000000000e+00	0.000000000000000000e+00	0.000000000000000000e+00	0.000000000000000000e+00	0.000000000000000000e+00	0.000000000000000000e+00
nan	0.000000000000000000e+00	0.000000000000000000e+00	0.000000000000000000e+00	0.000000000000000000e+00	0.000000000000000000e+00	0.000000000000000000e+00
nan	0.000000000000000000e+00	0.000000000000000000e+00	0.000000000000000000e+00	0.000000000000000000e+00	0.000000000000000000e+00	0.000000000000000000e+00
nan	0.000000000000000000e+00	0.000000000000000000e+00	0.000000000000000000e+00	0.000000000000000000e+00	0.000000000000000000e+00	0.000000000000000000e+00
nan	0.000000000000000000e+00	0.000000000000000000e+00	0.000000000000000000e+00	0.000000000000000000e+00	0.000000000000000000e+00	0.000000000000000000e+00
nan	0.000000000000000000e+00	0.000000000000000000e+00	0.000000000000000000e+00	0.000000000000000000e+00	0.000000000000000000e+00	0.000000000000000000e+00
nan	2.288000000000000114e+02	2.288000000000000311e-01	nan	4.811822690953704187e-04	4.410983771789648428e-02	1.887780564114116240e-03
nan	3.713999999999999773e+02	3.714000000000000079e-01	nan	8.304487595637511039e-04	4.186362305377341886e-02	2.063066149581405107e-03
nan	4.858000000000000114e+02	4.858000000000000651e-01	nan	1.357939530657859082e-03	3.013106601484420027e-02	2.025198013361140942e-03
nan	6.190000000000000000e+02	6.189999999999999947e-01	nan	1.903987603429868570e-03	3.444501408344249199e-02	2.183441964276994999e-03
nan	7.360000000000000000e+02	7.359999999999999876e-01	nan	2.530111911516996683e-03	3.124877758748661333e-02	2.161243644818535131e-03
nan	8.443999999999999773e+02	8.444000000000000394e-01	nan	3.163732202995106664e-03	2.612091165024139558e-02	2.130296945615361894e-03
nan	9.247999999999999545e+02	9.248000000000000664e-01	nan	3.750128332251279149e-03	2.622119921135605131e-02	2.084187705621436647e-03
nan	9.796000000000000227e+02	9.796000000000001373e-01	nan	4.562998737719680883e-03	2.575074881885362071e-02	2.163249848226150678e-03
nan	1.034599999999999909e+03	1.034599999999999964e+00	nan	5.394036564939597329e-03	2.331883830306186178e-02	2.159566732966922316e-03
nan	1.092200000000000045e+03	1.092200000000000060e+00	nan	6.241746825321570040e-03	2.378918665114935355e-02	2.205718831582712588e-03
nan	1.164599999999999909e+03	1.164599999999999858e+00	nan	7.158254332534852264e-03	2.360455770797647082e-02	2.138826649982534297e-03
nan	1.205200000000000045e+03	1.205200000000000049e+00	nan	8.119668386325430004e-03	2.067511055863703942e-02	2.264417752061002789e-03
nan	1.215200000000000045e+03	1.215199999999999836e+00	nan	8.918782629439191839e-03	2.028243738112518735e-02	2.133463880731029712e-03
nan	1.278000000000000000e+03	1.278000000000000025e+00	nan	9.783231198548491755e-03	2.167734743847792717e-02	2.210246473657355871e-03
nan	1.332799999999999955e+03	1.332799999999999985e+00	nan	1.104556458283241158e-02	2.040824240400115896e-02	2.253157917369508906e-03
nan	1.404799999999999955e+03	1.404800000000000049e+00	nan	1.232525103127954900e-02	2.102070422767527563e-02	2.216952891697768907e-03
nan	1.433200000000000045e+03	1.433200000000000029e+00	nan	1.315013960092983360e-02	2.161010535651045755e-02	2.252437240469927753e-03
nan	1.487200000000000045e+03	1.487200000000000077e+00	nan	1.490862831622052909e-02	1.925793841724245808e-02	2.286299419009478473e-03
nan	1.518799999999999955e+03	1.518800000000000150e+00	nan	1.528305314420777029e-02	1.932361301360806596e-02	2.260275357388668964e-03
nan	1.532599999999999909e+03	1.532599999999999962e+00	nan	1.684058900282252649e-02	1.997622442209379817e-02	2.226863158358631696e-03
nan	1.581599999999999909e+03	1.581599999999999895e+00	nan	1.822940818460665538e-02	1.885482359617046341e-02	2.267399341175750649e-03
nan	1.614200000000000045e+03	1.614199999999999857e+00	nan	1.939287806435458991e-02	1.893392792474587333e-02	2.274248392474614855e-03
nan	1.681799999999999955e+03	1.681799999999999740e+00	nan	2.075959407861773659e-02	1.758994655210719890e-02	2.325200594676688024e-03
nan	1.681799999999999955e+03	1.681799999999999740e+00	nan	2.240721905450300186e-02	1.703693572578391519e-02	2.311047074753730217e-03
nan	1.691400000000000091e+03	1.691399999999999793e+00	nan	2.354657177434092002e-02	1.893755256343486459e-02	2.321246496962372195e-03
nan	1.757599999999999909e+03	1.757600000000000051e+00	nan	2.442059543313917017e-02	1.851230837209543595e-02	2.289885422278283705e-03
nan	1.794400000000000091e+03	1.794399999999999995e+00	nan	2.648937993822073761e-02	1.823126392104159471e-02	2.339643415927472776e-03
nan	1.830000000000000000e+03	1.830000000000000071e+00	nan	2.834510215166119451e-02	1.805558162594238930e-02	2.273918099338319461e-03
nan	1.860599999999999909e+03	1.860600000000000254e+00	nan	2.903343915731966193e-02	1.764956232650026838e-02	2.262872512257977330e-03
nan	1.859000000000000000e+03	1.858999999999999986e+00	nan	3.131756552265869964e-02	1.742167742424891377e-02	2.256735570270786053e-03
nan	1.904599999999999909e+03	1.904600000000000293e+00	nan	3.200256023028487384e-02	1.773058903387225022e-02	2.302383920590640471e-03
nan	1.946799999999999955e+03	1.946800000000000086e+00	nan	3.458862760812735082e-02	1.701241043672584510e-02	2.289627490443668124e-03
nan	1.950599999999999909e+03	1.950600000000000112e+00	nan	3.544670489459349205e-02	1.727279790196254577e-02	2.310341491109049739e-03
nan	1.995599999999999909e+03	1.995600000000000041e+00	nan	3.700763959791401880e-02	1.629756919804703497e-02	2.378589337421866019e-03
nan	2.038599999999999909e+03	2.038599999999999746e+00	nan	3.906800882100469607e-02	1.522422873938694687e-02	2.317596542122739821e-03
nan	2.037000000000000000e+03	2.036999999999999922e+00	nan	4.049693563397340629e-02	1.566090559448838834e-02	2.345112863240287303e-03
nan	2.114599999999999909e+03	2.114599999999999813e+00	nan	4.233658586940691748e-02	1.658795206429335492e-02	2.313435483316197798e-03
nan	2.104599999999999909e+03	2.104600000000000026e+00	nan	4.435551455380846303e-02	1.667889731095630393e-02	2.339752879171643103e-03
nan	2.117000000000000000e+03	2.116999999999999993e+00	nan	4.656609171388481627e-02	1.710126075742019955e-02	2.317058712585482252e-03
nan	1.728000000000000114e+02	1.728000000000000091e-01	nan	2.739133717113872882e-04	4.892664049713924684e-02	1.882958432395392609e-03
nan	2.591999999999999886e+02	2.591999999999999860e-01	nan	6.451833560049635924e-04	4.053061889566500486e-02	1.953471193081437584e-03
nan	3.423999999999999773e+02	3.423999999999999821e-01	nan	9.576379368127163833e-04	3.741096884540813516e-02	2.126942002268967288e-03
nan	4.593999999999999773e+02	4.594000000000000306e-01	nan	1.164605571403853901e-03	2.791541265999285606e-02	2.101750364017970600e-03
nan	5.030000000000000000e+02	5.030000000000000027e-01	nan	1.702567785036990158e-03	2.657317436019585727e-02	2.139950587695306321e-03
nan	5.966000000000000227e+02	5.966000000000001302e-01	nan	2.273388475475712940e-03	2.621828538178894857e-02	2.142027257061996596e-03
nan	6.446000000000000227e+02	6.445999999999999508e-01	nan	2.747124988889027182e-03	2.592735822344997484e-02	2.072638369073822630e-03
nan	7.090000000000000000e+02	7.089999999999999636e-01	nan	3.211990670354225759e-03	2.437074744119559905e-02	2.073586746343696573e-03
nan	7.837999999999999545e+02	7.838000000000000522e-01	nan	3.708375493272342109e-03	2.601198930670881732e-02	2.104577660479078818e-03
nan	8.246000000000000227e+02	8.245999999999999996e-01	nan	4.457165179110234368e-03	2.190764328430318611e-02	2.191145208035206928e-03
nan	8.867999999999999545e+02	8.868000000000000327e-01	nan	5.112958356380659271e-03	2.172657651704934870e-02	2.094995828900686908e-03
nan	9.197999999999999545e+02	9.198000000000000620e-01	nan	5.550026743730995631e-03	2.163882409312039429e-02	2.225377304897817234e-03
nan	9.703999999999999773e+02	9.704000000000000403e-01	nan	6.354178762194351293e-03	2.241470165691057670e-02	2.216322111309344291e-03
nan	1.025400000000000091e+03	1.025399999999999867e+00	nan	7.123804300204028377e-03	2.102328373834561059e-02	2.183302747639052910e-03
nan	1.050000000000000000e+03	1.050000000000000044e+00	nan	7.777125533516482045e-03	1.908670752779442759e-02	2.216161891432069566e-03
nan	1.093000000000000000e+03	1.092999999999999972e+00	nan	8.443599101838117349e-03	1.897668342218275864e-02	2.206579614336307699e-03
nan	1.126599999999999909e+03	1.126599999999999824e+00	nan	9.579372823782249941e-03	1.877945822259025413e-02	2.189446805285214220e-03
nan	1.183400000000000091e+03	1.183400000000000007e+00	nan	9.793028464832787341e-03	1.868007373875543026e-02	2.186525360847165443e-03
nan	1.189400000000000091e+03	1.189400000000000013e+00	nan	1.127211127673035697e-02	1.922398632756503606e-02	2.278136288893182863e-03
nan	1.187200000000000045e+03	1.187200000000000033e+00	nan	1.212093970971181954e-02	1.998608362528723342e-02	2.246500658274683260e-03
nan	1.254799999999999955e+03	1.254799999999999915e+00	nan	1.326766623337789427e-02	1.958601701690245930e-02	2.259240145618121760e-03
nan	1.266000000000000000e+03	1.266000000000000014e+00	nan	1.383292854120554694e-02	1.776644679841995339e-02	2.179984760915340547e-03
nan	1.313200000000000045e+03	1.313199999999999923e+00	nan	1.463481874843637273e-02	1.931268418727142416e-02	2.250625812781609399e-03
nan	1.333200000000000045e+03	1.333200000000000163e+00	nan	1.541110488537924574e-02	1.778313210093349778e-02	2.244604988418677505e-03
nan	1.371000000000000000e+03	1.370999999999999996e+00	nan	1.681126978210158857e-02	1.790971936930337710e-02	2.282286397171867133e-03
nan	1.404799999999999955e+03	1.404799999999999827e+00	nan	1.805813414230215269e-02	1.753714473309402749e-02	2.311818576786865004e-03
nan	1.411200000000000045e+03	1.411199999999999788e+00	nan	1.856765384818572645e-02	1.813041706297764677e-02	2.278656791373315834e-03
nan	1.379400000000000091e+03	1.379400000000000182e+00	nan	1.984191593383002189e-02	1.808937900449462260e-02	2.248756480900475883e-03
nan	1.463000000000000000e+03	1.463000000000000300e+00	nan	2.099114385282518924e-02	1.699610085036223558e-02	2.323193803709306445e-03
nan	1.472000000000000000e+03	1.472000000000000197e+00	nan	2.152958969850260473e-02	1.803962863445497666e-02	2.271406582759657490e-03
nan	1.475799999999999955e+03	1.475800000000000001e+00	nan	2.255841712799338053e-02	1.840920394888917108e-02	2.241454660696953240e-03
nan	1.513200000000000045e+03	1.513199999999999878e+00	nan	2.387733038399346766e-02	1.606270427516215057e-02	2.309324857821642030e-03
nan	1.551200000000000045e+03	1.551199999999999912e+00	nan	2.466181942659204790e-02	1.693421819080111884e-02	2.276167616444683874e-03
nan	1.577400000000000091e+03	1.577399999999999913e+00	nan	2.646470601148393983e-02	1.659401764505890470e-02	2.243742593904727873e-03
nan	1.610000000000000000e+03	1.609999999999999876e+00	nan	2.725369096742724651e-02	1.634399282944189180e-02	2.283823483284419791e-03
nan	1.623599999999999909e+03	1.623599999999999710e+00	nan	2.855312303181562969e-02	1.642292070448447133e-02	2.309663935414718768e-03
nan	1.640200000000000045e+03	1.640200000000000102e+00	nan	2.938338910025777365e-02	1.718221919366929099e-02	2.285979275197055731e-03
nan	1.696799999999999955e+03	1.696800000000000086e+00	nan	3.087245158635596592e-02	1.517221358034455056e-02	2.218850066219107530e-03
nan	1.692599999999999909e+03	1.692600000000000104e+00	nan	3.174725685498742955e-02	1.687915106854620192e-02	2.314384608459924865e-03
nan	2.465999999999999943e+02	2.466000000000000136e-01	nan	5.751551108403418332e-04	4.927168959961462230e-02	1.515197420293196108e-03
nan	3.986000000000000227e+02	3.985999999999999543e-01	nan	1.073036679832739450e-03	3.323004343027339408e-02	1.661038147578288880e-03
nan	5.230000000000000000e+02	5.230000000000000204e-01	nan	1.580035616638042527e-03	3.721569949289552093e-02	1.758153896281102217e-03
nan	6.266000000000000227e+02	6.266000000000000458e-01	nan	2.192405988682821945e-03	2.880234732586918825e-02	1.625040249845669015e-03
nan	7.292000000000000455e+02	7.291999999999999593e-01	nan	2.716928111669858655e-03	2.826451770821688386e-02	1.652707302003947245e-03
nan	8.136000000000000227e+02	8.135999999999998789e-01	nan	3.551770427930023115e-03	2.837880088238369652e-02	1.719773596141943497e-03
nan	8.620000000000000000e+02	8.619999999999998774e-01	nan	4.447679231645906839e-03	2.537360942128118885e-02	1.717126769627381382e-03
nan	8.997999999999999545e+02	8.997999999999999332e-01	nan	5.391663528359913644e-03	2.401497088351734963e-02	1.780294316906369826e-03
nan	9.680000000000000000e+02	9.679999999999999716e-01	nan	5.999379127001702554e-03	2.408952620054672158e-02	1.816552724538534128e-03
nan	1.050000000000000000e+03	1.050000000000000044e+00	nan	7.150115048193583962e-03	2.311291480712853591e-02	1.775129775787488359e-03
nan	1.070400000000000091e+03	1.070400000000000018e+00	nan	8.375949994228904655e-03	2.152104147581453825e-02	1.751077386491419570e-03
nan	1.104200000000000045e+03	1.104200000000000070e+00	nan	9.010188194747571072e-03	2.203862722869064442e-02	1.781504624117529519e-03
nan	1.140799999999999955e+03	1.140800000000000036e+00	nan	1.031334089516349264e-02	2.125331854679221588e-02	1.776393163271939397e-03
nan	1.193799999999999955e+03	1.193799999999999972e+00	nan	1.161086287781927170e-02	2.009245673260949896e-02	1.779008961909433724e-03
nan	1.240400000000000091e+03	1.240400000000000169e+00	nan	1.276192479444944114e-02	1.959992111897258457e-02	1.772465018756083036e-03
nan	1.319799999999999955e+03	1.319800000000000084e+00	nan	1.397518722258155391e-02	2.052653267522767250e-02	1.784911878796584250e-03
nan	1.287599999999999909e+03	1.287599999999999856e+00	nan	1.513946022705567850e-02	1.949000633393556045e-02	1.825481864048667576e-03
nan	1.356200000000000045e+03	1.356199999999999850e+00	nan	1.672914204325479798e-02	1.699606542815911350e-02	1.811505541870714678e-03
nan	1.373400000000000091e+03	1.373399999999999954e+00	nan	1.744236893655397649e-02	1.902538662488995752e-02	1.837734744272112196e-03
nan	1.415599999999999909e+03	1.415599999999999969e+00	nan	1.966549220169326942e-02	1.753534255504845055e-02	1.812758380868908278e-03
nan	1.463799999999999955e+03	1.463799999999999990e+00	nan	1.995832570401034900e-02	1.920684577547343910e-02	1.846466310284717140e-03
nan	1.490599999999999909e+03	1.490600000000000147e+00	nan	2.147128829642497294e-02	2.013214255016125900e-02	1.791161983411151655e-03
nan	1.547599999999999909e+03	1.547600000000000087e+00	nan	2.419692112907796330e-02	1.793737412519532184e-02	1.899671455710144011e-03
nan	1.561200000000000045e+03	1.561199999999999921e+00	nan	2.499386516924460150e-02	1.869836207512644288e-02	1.832109144948322176e-03
nan	1.606799999999999955e+03	1.606799999999999784e+00	nan	2.593444581816584105e-02	1.868110917127408996e-02	1.829059133739710128e-03
nan	1.589000000000000000e+03	1.588999999999999968e+00	nan	2.886855871174702839e-02	1.902102246149698153e-02	1.810275099516090542e-03
nan	1.643400000000000091e+03	1.643400000000000194e+00	nan	3.031943797986969003e-02	1.834922354915261011e-02	1.877557715201124203e-03
nan	1.670400000000000091e+03	1.670400000000000107e+00	nan	3.151681543968152394e-02	1.713061956777992695e-02	1.849594118530729914e-03
nan	1.739000000000000000e+03	1.739000000000000101e+00	nan	3.289997730535106080e-02	1.673023976120038142e-02	1.834097236140816347e-03
nan	1.501799999999999955e+03	1.501800000000000024e+00	nan	3.401508101983381771e-02	1.632787639272558627e-02	1.893994527008483917e-03
nan	1.100000000000000000e+03	1.100000000000000089e+00	nan	3.637304545004553524e-02	1.681783691071275094e-02	1.922347684093639623e-03
nan	6.606000000000000227e+02	6.605999999999999650e-01	nan	3.719388612462352917e-02	1.674363025112554637e-02	2.033447831397015761e-03
nan	2.435999999999999943e+02	2.436000000000000387e-01	nan	3.873993520446674527e-02	1.379186876681493500e-02	1.828684513529258522e-03
nan	0.000000000000000000e+00	0.000000000000000000e+00	0.000000000000000000e+00	0.000000000000000000e+00	0.000000000000000000e+00	0.000000000000000000e+00
nan	0.000000000000000000e+00	0.000000000000000000e+00	0.000000000000000000e+00	0.000000000000000000e+00	0.000000000000000000e+00	0.000000000000000000e+00
nan	0.000000000000000000e+00	0.000000000000000000e+00	0.000000000000000000e+00	0.000000000000000000e+00	0.000000000000000000e+00	0.000000000000000000e+00
nan	0.000000000000000000e+00	0.000000000000000000e+00	0.000000000000000000e+00	0.000000000000000000e+00	0.000000000000000000e+00	0.000000000000000000e+00
nan	0.000000000000000000e+00	0.000000000000000000e+00	0.000000000000000000e+00	0.000000000000000000e+00	0.000000000000000000e+00	0.000000000000000000e+00
nan	0.000000000000000000e+00	0.000000000000000000e+00	0.000000000000000000e+00	0.000000000000000000e+00	0.000000000000000000e+00	0.000000000000000000e+00
nan	1.790000000000000000e+02	1.789999999999999925e-01	nan	4.248954728922171961e-04	4.659647532628506672e-02	1.507196241704011550e-03
nan	2.996000000000000227e+02	2.995999999999999774e-01	nan	6.728404646878516360e-04	2.949078302950502301e-02	1.606195408873558423e-03
nan	4.080000000000000000e+02	4.080000000000000293e-01	nan	9.140884036412444185e-04	3.685126654538047747e-02	1.679138053058583076e-03
nan	4.950000000000000000e+02	4.949999999999999400e-01	nan	1.603137533822973594e-03	3.142358491663670844e-02	1.715043580393224663e-03
nan	5.736000000000000227e+02	5.735999999999999988e-01	nan	1.844627247760399812e-03	3.008643584809393007e-02	1.658256461657607855e-03
nan	6.507999999999999545e+02	6.507999999999999341e-01	nan	2.446903654049492789e-03	2.825811178464444212e-02	1.705033022176026536e-03
nan	7.160000000000000000e+02	7.159999999999999698e-01	nan	3.134292177821862597e-03	2.626898690974062076e-02	1.706523334315790483e-03
nan	7.843999999999999773e+02	7.843999999999999861e-01	nan	3.746582889527871971e-03	2.473278909726673441e-02	1.803991063415024548e-03
nan	8.272000000000000455e+02	8.272000000000000464e-01	nan	4.458852204129471267e-03	2.433152819145294535e-02	1.737051575610896060e-03
nan	8.707999999999999545e+02	8.708000000000000185e-01	nan	4.781598343242876581e-03	2.396161318584173056e-02	1.782525109682430321e-03
nan	9.063999999999999773e+02	9.063999999999999835e-01	nan	5.876206668312988421e-03	2.332194368033881429e-02	1.749553909660533143e-03
nan	9.842000000000000455e+02	9.842000000000000748e-01	nan	6.390789470492564198e-03	2.298911895716367407e-02	1.751824636606267400e-03
nan	9.993999999999999773e+02	9.994000000000001771e-01	nan	7.473161495295243921e-03	2.306505696644611109e-02	1.780379455997583129e-03
nan	1.024000000000000000e+03	1.023999999999999799e+00	nan	8.141415251952822257e-03	2.123476591894375015e-02	1.726620916158319672e-03
nan	1.062400000000000091e+03	1.062399999999999789e+00	nan	8.656326792379331198e-03	2.004424621478271412e-02	1.769025208215638982e-03
nan	1.113200000000000045e+03	1.113200000000000189e+00	nan	9.194599029456185235e-03	2.183930574974819044e-02	1.746210812832731021e-03
nan	1.132200000000000045e+03	1.132200000000000095e+00	nan	1.032246465777006926e-02	2.053070371185715046e-02	1.793612188925007567e-03
nan	1.142799999999999955e+03	1.142799999999999816e+00	nan	1.124629011944762100e-02	1.956441790321603036e-02	1.777823697919062376e-03
nan	1.232000000000000000e+03	1.231999999999999984e+00	nan	1.278986764123146713e-02	2.084689062032314341e-02	1.804034129696651138e-03
nan	1.244000000000000000e+03	1.243999999999999773e+00	nan	1.336366741729761928e-02	1.884983651285202302e-02	1.844366599007273315e-03
nan	1.207400000000000091e+03	1.207400000000000251e+00	nan	1.380288496552566427e-02	1.707343195902646243e-02	1.777023764710687972e-03
nan	1.288799999999999955e+03	1.288799999999999946e+00	nan	1.474841970416491607e-02	1.706348885853325309e-02	1.780190429100024464e-03
nan	1.298400000000000091e+03	1.298399999999999999e+00	nan	1.674455535767265316e-02	1.748290921954871388e-02	1.795373302701121178e-03
nan	1.327400000000000091e+03	1.327399999999999913e+00	nan	1.730701419428442092e-02	1.707441422758867317e-02	1.806767970427420851e-03
nan	1.425000000000000000e+03	1.425000000000000044e+00	nan	1.866142097760530374e-02	1.933091274295299991e-02	1.832786624529107993e-03
nan	1.364599999999999909e+03	1.364599999999999813e+00	nan	2.035507746586517897e-02	1.618772872259089876e-02	1.795978701151240307e-03
nan	1.413200000000000045e+03	1.413200000000000012e+00	nan	2.119259815149234644e-02	1.771229984066405305e-02	1.814677245289670520e-03
nan	1.437000000000000000e+03	1.437000000000000055e+00	nan	2.233532381778786588e-02	1.736953554843334580e-02	1.834706613472678006e-03
nan	1.470599999999999909e+03	1.470600000000000129e+00	nan	2.321290648915237328e-02	1.770281295832521612e-02	1.850720609868221605e-03
nan	1.519200000000000045e+03	1.519200000000000106e+00	nan	2.483594133027509226e-02	1.646239512788220255e-02	1.873467687119234528e-03
nan	1.530799999999999955e+03	1.530799999999999939e+00	nan	2.624865108723497403e-02	1.642810264744119092e-02	1.810780425845241346e-03
nan	1.560400000000000091e+03	1.560400000000000009e+00	nan	2.666290034026132932e-02	1.795975219985779942e-02	1.830822918909949830e-03
nan	1.575000000000000000e+03	1.574999999999999956e+00	nan	2.851584668060240871e-02	1.700938288048363042e-02	1.849046029551296762e-03
nan	1.584799999999999955e+03	1.584799999999999986e+00	nan	3.014624400843786065e-02	1.736858247329449781e-02	1.825369163183822654e-03
nan	1.616200000000000045e+03	1.616199999999999859e+00	nan	2.995518423140310776e-02	1.451798861893937621e-02	1.867692736061990228e-03
nan	1.591599999999999909e+03	1.591600000000000126e+00	nan	3.272252978022151954e-02	1.571658918098796376e-02	1.854823152476295280e-03
nan	1.693599999999999909e+03	1.693599999999999994e+00	nan	3.396689981077542775e-02	1.819118770290503381e-02	1.828759246663438920e-03
nan	1.669599999999999909e+03	1.669599999999999751e+00	nan	3.494733911970797358e-02	1.738960678726208034e-02	1.810811341619463681e-03
nan	1.723200000000000045e+03	1.723199999999999843e+00	nan	3.680331841974293638e-02	1.630354940334125674e-02	1.868803233132060575e-03
nan	1.217999999999999972e+02	1.217999999999999916e-01	nan	3.332038245787316447e-04	4.520287161167802631e-02	1.560754625393767072e-03
nan	2.041999999999999886e+02	2.042000000000000204e-01	nan	5.303475542291380841e-04	4.686680748298664018e-02	1.483953404824553098e-03
nan	2.733999999999999773e+02	2.733999999999999764e-01	nan	8.153322535179085900e-04	3.438232046062833502e-02	1.545468899637654882e-03
nan	3.196000000000000227e+02	3.195999999999999952e-01	nan	9.590603818423915506e-04	2.807354535386439448e-02	1.651227364380417669e-03
nan	3.970000000000000000e+02	3.970000000000000195e-01	nan	1.375160361510552234e-03	2.991976645109101218e-02	1.724156692433141333e-03
nan	4.376000000000000227e+02	4.375999999999999335e-01	nan	1.808877803841824018e-03	2.610508302240621692e-02	1.614794948476827585e-03
nan	5.176000000000000227e+02	5.176000000000000600e-01	nan	2.016746657284329645e-03	2.594417275246322860e-02	1.671184754910012794e-03
nan	5.686000000000000227e+02	5.685999999999999943e-01	nan	2.639241218503229902e-03	2.731676613599611642e-02	1.736131185462313608e-03
nan	5.986000000000000227e+02	5.986000000000000210e-01	nan	3.018538978130891250e-03	2.438200652057092091e-02	1.723859608435526682e-03
nan	6.403999999999999773e+02	6.403999999999999693e-01	nan	3.561786166824276560e-03	2.235292536694885590e-02	1.697433088892927235e-03
nan	6.820000000000000000e+02	6.820000000000001616e-01	nan	3.953595994335046444e-03	2.334397288655111133e-02	1.661479642399009415e-03
nan	7.547999999999999545e+02	7.548000000000000265e-01	nan	4.619479277380378335e-03	2.086420439081556472e-02	1.688907123983361680e-03
nan	7.583999999999999773e+02	7.583999999999999631e-01	nan	5.073080724628198368e-03	2.204088892685897999e-02	1.771472406406295833e-03
nan	8.033999999999999773e+02	8.033999999999998920e-01	nan	5.587997907264252370e-03	1.917121878831759552e-02	1.751115196598396987e-03
nan	8.167999999999999545e+02	8.167999999999999705e-01	nan	6.094767734498418750e-03	2.095800691923604617e-02	1.735815444934701206e-03
nan	8.647999999999999545e+02	8.648000000000000131e-01	nan	6.896197231640144309e-03	1.955893297349597243e-02	1.770333600639107481e-03
nan	9.102000000000000455e+02	9.102000000000000091e-01	nan	7.050282363229598906e-03	2.079275967398432762e-02	1.706387254159047505e-03
nan	9.246000000000000227e+02	9.245999999999998664e-01	nan	8.070601025087853833e-03	2.116119565876970268e-02	1.777750426347422027e-03
nan	9.400000000000000000e+02	9.399999999999998357e-01	nan	8.828931400148575664e-03	1.775058770362111099e-02	1.778281796368846564e-03
nan	9.840000000000000000e+02	9.839999999999999858e-01	nan	8.949035862360687349e-03	1.888579563917883522e-02	1.769092997913675625e-03
nan	1.031200000000000045e+03	1.031199999999999894e+00	nan	1.052590807180422451e-02	1.988369281729018140e-02	1.813287652533955487e-03
nan	1.025400000000000091e+03	1.025399999999999867e+00	nan	1.046614095707809611e-02	1.735762579123626206e-02	1.722775068420727375e-03
nan	1.037599999999999909e+03	1.037599999999999856e+00	nan	1.143243350202283182e-02	1.872468422314666966e-02	1.798781039958344307e-03
nan	1.077200000000000045e+03	1.077199999999999935e+00	nan	1.222446383630995149e-02	1.745927940537802744e-02	1.838807302730706417e-03
nan	1.070400000000000091e+03	1.070399999999999796e+00	nan	1.247976481899968314e-02	1.693530750298859883e-02	1.769512141808858271e-03
nan	1.107400000000000091e+03	1.107399999999999940e+00	nan	1.381170094109620584e-02	1.861612838684347654e-02	1.786576352591444762e-03
nan	1.121400000000000091e+03	1.121399999999999952e+00	nan	1.461606730122184603e-02	1.741425536106788047e-02	1.783285909695855225e-03
nan	1.128799999999999955e+03	1.128800000000000026e+00	nan	1.538844940687340498e-02	1.625746752406073345e-02	1.810172725376094343e-03
nan	1.188000000000000000e+03	1.188000000000000167e+00	nan	1.673503056467779901e-02	1.629641738831840922e-02	1.818726910823981885e-03
nan	1.167799999999999955e+03	1.167799999999999949e+00	nan	1.692935750106698903e-02	1.674275307172238061e-02	1.833914907678263571e-03
nan	1.217400000000000091e+03	1.217400000000000038e+00	nan	1.813288750013270986e-02	1.789038161416300204e-02	1.826571328788235927e-03
nan	1.216200000000000045e+03	1.216199999999999948e+00	nan	1.875885391705196456e-02	1.478210770013085873e-02	1.776472868120907919e-03
nan	1.236200000000000045e+03	1.236199999999999743e+00	nan	1.962840185424283984e-02	1.662279407393229408e-02	1.864081450403981110e-03
nan	1.250799999999999955e+03	1.250799999999999912e+00	nan	2.090634364967627196e-02	1.555685525481221090e-02	1.836629337470175065e-03
nan	1.230000000000000000e+03	1.229999999999999982e+00	nan	2.185743938011910220e-02	1.718663763943039519e-02	1.813624314335109166e-03
nan	1.301799999999999955e+03	1.301799999999999846e+00	nan	2.228793123822470079e-02	1.560930012123720734e-02	1.800696730111756060e-03
nan	1.294000000000000000e+03	1.294000000000000039e+00	nan	2.249473181623216217e-02	1.631810729832529339e-02	1.854844266269045248e-03
nan	1.362400000000000091e+03	1.362399999999999833e+00	nan	2.452995872208703007e-02	1.631185970822602443e-02	1.841350635181961560e-03
nan	1.348200000000000045e+03	1.348199999999999843e+00	nan	2.532787386271593416e-02	1.710825261657179450e-02	1.824108345144745099e-03
