# SourcePhotonFlux	NumberRaysSurvived	PercentageRaysSurvived	PhotonFlux	Bandwidth	HorizontalFocusFWHM	VerticalFocusFWHM
nan	1.810400000000000205e+02	1.810400000000000065e-01	nan	7.040558403014074299e-04	9.532612915161628106e-03	5.249957055338517163e-04
nan	2.323599999999999852e+02	2.323599999999999832e-01	nan	8.813988593124122764e-04	8.263101138474957322e-03	5.434081711621996467e-04
nan	2.744800000000000182e+02	2.744800000000000018e-01	nan	1.293251679639979531e-03	7.246453253595947115e-03	5.592522958404655062e-04
nan	3.154800000000000182e+02	3.154800000000000382e-01	nan	1.526266929392932053e-03	6.935004079786854896e-03	5.647433296268074407e-04
nan	3.478799999999999955e+02	3.478799999999999670e-01	nan	2.025215613143700223e-03	6.073221982921221153e-03	5.588928887041542818e-04
nan	3.747599999999999909e+02	3.747600000000000930e-01	nan	2.322420202394823944e-03	5.388752754052918321e-03	5.591689402344595956e-04
nan	4.051599999999999682e+02	4.051600000000000756e-01	nan	2.686332250830219051e-03	5.181633999751855679e-03	5.618231414930714143e-04
nan	4.298399999999999750e+02	4.298399999999999999e-01	nan	2.978691402838649048e-03	5.349051189291695665e-03	5.674862084460177919e-04
nan	4.548799999999999955e+02	4.548800000000000066e-01	nan	3.739279670296582429e-03	4.906420115868699930e-03	5.713144364969037926e-04
nan	4.808399999999999750e+02	4.808400000000000452e-01	nan	3.738334551962907513e-03	4.865014172108714403e-03	5.674689227608702190e-04
nan	5.001200000000000045e+02	5.001200000000000090e-01	nan	4.012605737120793041e-03	4.584202073353989444e-03	5.766800164058253622e-04
nan	5.163999999999999773e+02	5.163999999999999702e-01	nan	4.302974911715864471e-03	4.264502810948497466e-03	5.733021120955907653e-04
nan	5.387599999999999909e+02	5.387600000000001277e-01	nan	5.142367676198774176e-03	4.459964230453554099e-03	5.739808437285340639e-04
nan	5.518799999999999955e+02	5.518799999999999262e-01	nan	5.571418730191908530e-03	4.540938273823830369e-03	5.680059416078559300e-04
nan	5.727599999999999909e+02	5.727599999999999358e-01	nan	5.936759231135511558e-03	4.120905825524813666e-03	5.681456414608260144e-04
nan	5.928799999999999955e+02	5.928800000000000736e-01	nan	6.150457056564846356e-03	4.023596929598514428e-03	5.752059085940800388e-04
nan	6.202400000000000091e+02	6.202400000000000135e-01	nan	7.096873771115497047e-03	4.228356739395153566e-03	5.765425076489763328e-04
nan	6.237999999999999545e+02	6.237999999999999101e-01	nan	7.230027666446403253e-03	3.967671873226631500e-03	5.780468439046103921e-04
nan	6.465199999999999818e+02	6.465199999999999836e-01	nan	7.597181130468015457e-03	3.884496903635280187e-03	5.729102667899705834e-04
nan	6.681600000000000819e+02	6.681600000000000872e-01	nan	8.412609993256410859e-03	4.102094513209136352e-03	5.681371085573949783e-04
nan	6.763199999999999363e+02	6.763199999999999212e-01	nan	8.398966379700141885e-03	3.737397393783340079e-03	5.767614093571306203e-04
nan	6.994399999999999409e+02	6.994400000000000617e-01	nan	8.799227984882236273e-03	3.927873564102010023e-03	5.746741404554856283e-04
nan	7.207999999999999545e+02	7.207999999999999963e-01	nan	9.541094093419815250e-03	3.683102453808766337e-03	5.759015888008997205e-04
nan	7.268799999999999955e+02	7.268800000000000816e-01	nan	1.099098153445993500e-02	3.728169365994306404e-03	5.754476102943358821e-04
nan	7.373199999999999363e+02	7.373199999999999754e-01	nan	1.074739198304086943e-02	3.624697617795125896e-03	5.688132845803302653e-04
nan	7.393999999999999773e+02	7.394000000000000572e-01	nan	1.027739888872929511e-02	3.756774986745699089e-03	5.766077779177162773e-04
nan	7.603199999999999363e+02	7.603199999999998848e-01	nan	1.106926665136597973e-02	3.778348193079577449e-03	5.701941373686447755e-04
nan	7.755600000000000591e+02	7.755599999999999161e-01	nan	1.217312494360157926e-02	3.633226200780472794e-03	5.696214270917209031e-04
nan	7.836800000000000637e+02	7.836800000000001543e-01	nan	1.245715040014147221e-02	3.391201427420856458e-03	5.690283823686985128e-04
nan	8.117200000000000273e+02	8.117199999999999971e-01	nan	1.234880313928442795e-02	3.589602019700437793e-03	5.706073490344537851e-04
nan	8.181600000000000819e+02	8.181599999999999984e-01	nan	1.296327818462486917e-02	3.331249024093448693e-03	5.751567988130916898e-04
nan	8.377999999999999545e+02	8.377999999999999892e-01	nan	1.358677478728168367e-02	3.477678420193468234e-03	5.687433504591429606e-04
nan	8.405200000000000955e+02	8.405199999999999338e-01	nan	1.407272560922137941e-02	3.323040318883230346e-03	5.798831593785659048e-04
nan	8.519200000000000728e+02	8.519200000000001216e-01	nan	1.540925215946117519e-02	3.294032786163055785e-03	5.695210234886910515e-04
nan	8.664799999999999045e+02	8.664799999999998059e-01	nan	1.609999920816335486e-02	3.552492952887208351e-03	5.795070604660086579e-04
nan	8.851200000000001182e+02	8.851200000000000179e-01	nan	1.630132049032909092e-02	3.312018639801521565e-03	5.824290152267845447e-04
nan	8.902799999999999727e+02	8.902800000000000713e-01	nan	1.700197010822194002e-02	3.400572284615718723e-03	5.779551353936098488e-04
nan	9.099600000000000364e+02	9.099600000000001021e-01	nan	1.740145104601651879e-02	3.324874375765236867e-03	5.775035079431575227e-04
nan	9.077599999999999909e+02	9.077600000000000113e-01	nan	1.761330640565574729e-02	3.352726466865939454e-03	5.798637450952715206e-04
nan	1.306800000000000068e+02	1.306799999999999906e-01	nan	4.581270675845417091e-04	1.020598066835337950e-02	5.189782239849610214e-04
nan	1.631599999999999966e+02	1.631600000000000272e-01	nan	6.761821984287053229e-04	7.153618170896358305e-03	5.385574334174791531e-04
nan	1.978400000000000034e+02	1.978399999999999881e-01	nan	8.273144977169976082e-04	7.180046194307477050e-03	5.382853412151544390e-04
nan	2.224399999999999977e+02	2.224400000000000266e-01	nan	1.191204850474605415e-03	6.449921126999620842e-03	5.498150313634682937e-04
nan	2.423199999999999932e+02	2.423200000000000076e-01	nan	1.371055944364343382e-03	5.796183741032474857e-03	5.633907826304749514e-04
nan	2.639599999999999795e+02	2.639600000000000279e-01	nan	1.617653004432213423e-03	5.627646241112362752e-03	5.549754746576685081e-04
nan	2.894399999999999977e+02	2.894400000000000306e-01	nan	1.804351560749637524e-03	5.215446933107549879e-03	5.721334263089691971e-04
nan	3.022800000000000296e+02	3.022799999999999931e-01	nan	2.080068363627560809e-03	4.932525674231106813e-03	5.684036324437936102e-04
nan	3.207199999999999704e+02	3.207200000000000051e-01	nan	2.299168688784902683e-03	4.875073084346667404e-03	5.698040902714251359e-04
nan	3.304800000000000182e+02	3.304799999999999960e-01	nan	2.682332071585733814e-03	4.617752111200203700e-03	5.620821998420560874e-04
nan	3.529199999999999591e+02	3.529200000000000115e-01	nan	2.907022078366026333e-03	4.590549058108460943e-03	5.595948862832032496e-04
nan	3.678799999999999955e+02	3.678799999999999848e-01	nan	3.209039106300224601e-03	4.199215989815531687e-03	5.660239748087305062e-04
nan	3.785600000000000023e+02	3.785599999999999521e-01	nan	3.690451086235953249e-03	4.455570390752555156e-03	5.701571310638193666e-04
nan	4.041200000000000045e+02	4.041199999999999792e-01	nan	3.618650065291149388e-03	4.118449307522548813e-03	5.628448429263781727e-04
nan	4.060000000000000000e+02	4.060000000000000275e-01	nan	4.271557132551606455e-03	4.416035222605414583e-03	5.655749461150212914e-04
nan	4.288399999999999750e+02	4.288399999999999990e-01	nan	4.216948208672874863e-03	4.168103626943982232e-03	5.736410180865385115e-04
nan	4.381600000000000250e+02	4.381600000000000494e-01	nan	4.624079687528137410e-03	3.977563716290678612e-03	5.759015895851512905e-04
nan	4.495600000000000591e+02	4.495600000000000707e-01	nan	5.210911487770317554e-03	4.365604624095338268e-03	5.719184612115159544e-04
nan	4.621999999999999886e+02	4.621999999999999997e-01	nan	5.014337247839648765e-03	4.011356919133270138e-03	5.768374127421730876e-04
nan	4.714800000000000182e+02	4.714799999999999547e-01	nan	5.744748118113420995e-03	3.750919180889377390e-03	5.662385768468676311e-04
nan	4.764800000000000182e+02	4.764800000000000146e-01	nan	5.858166285079278481e-03	4.057051917100948889e-03	5.719859017718363550e-04
nan	4.856399999999999864e+02	4.856400000000000716e-01	nan	6.357444791065062703e-03	3.639178497624754628e-03	5.657523974626424293e-04
nan	4.970399999999999636e+02	4.970399999999999818e-01	nan	6.615261451624973414e-03	3.587456232172475841e-03	5.747542586395338552e-04
nan	5.040800000000000409e+02	5.040799999999999725e-01	nan	6.731817731542832570e-03	3.673127067527057719e-03	5.741638180467208965e-04
nan	5.179600000000000364e+02	5.179599999999999760e-01	nan	7.488656490550056957e-03	3.706380168846729571e-03	5.696716497587607942e-04
nan	5.264800000000000182e+02	5.264799999999999480e-01	nan	7.762954949139385004e-03	3.420463320085242922e-03	5.725165009155869147e-04
nan	5.418799999999999955e+02	5.418799999999999173e-01	nan	8.127908548840424158e-03	3.396461473521200473e-03	5.742596703178982258e-04
nan	5.452799999999999727e+02	5.452799999999999869e-01	nan	8.858620732380587809e-03	3.809067083829312163e-03	5.704291884219761652e-04
nan	5.563600000000000136e+02	5.563599999999999657e-01	nan	9.084941180453824650e-03	3.562815239900055976e-03	5.663852738597653560e-04
nan	5.687999999999999545e+02	5.688000000000000833e-01	nan	9.048831447125848734e-03	3.581627443455662804e-03	5.699041850118327689e-04
nan	5.870399999999999636e+02	5.870400000000001173e-01	nan	9.568260249843659956e-03	3.481904643761542847e-03	5.799471586175023070e-04
nan	5.782000000000000455e+02	5.782000000000000473e-01	nan	1.029427394412778078e-02	3.350201370195374923e-03	5.737149518844395597e-04
nan	5.991600000000000819e+02	5.991600000000000259e-01	nan	9.769192358535291193e-03	3.301589689487281678e-03	5.819292601377297350e-04
nan	6.102799999999999727e+02	6.102800000000000447e-01	nan	1.078238185929876643e-02	3.525569741411381606e-03	5.756470868661824189e-04
nan	6.212799999999999727e+02	6.212799999999999434e-01	nan	1.098114755099231787e-02	3.515784362327915163e-03	5.663070476996807370e-04
nan	6.239600000000000364e+02	6.239599999999999591e-01	nan	1.094575714929305922e-02	3.447655014754735618e-03	5.776280349002332632e-04
nan	6.240800000000000409e+02	6.240800000000000791e-01	nan	1.191953094915334035e-02	3.310639933550966335e-03	5.801266900171294077e-04
nan	6.456399999999999864e+02	6.456399999999999917e-01	nan	1.202339635076896292e-02	3.343015008899093230e-03	5.800865395069294220e-04
nan	6.423199999999999363e+02	6.423200000000000021e-01	nan	1.269818346329884551e-02	3.281212752480736940e-03	5.721412487963083941e-04
nan	8.896000000000000796e+01	8.896000000000001129e-02	nan	3.216330425317437403e-04	1.031140815418057563e-02	5.130032524556946355e-04
nan	1.137999999999999972e+02	1.137999999999999845e-01	nan	4.285762731808517574e-04	7.527902056464534815e-03	5.351190166922845147e-04
nan	1.447199999999999989e+02	1.447200000000000153e-01	nan	6.136277349355623301e-04	7.418666210102139655e-03	5.448088217096828598e-04
nan	1.582800000000000011e+02	1.582800000000000040e-01	nan	8.053543355447344548e-04	5.869946679238409459e-03	5.309412914852066831e-04
nan	1.721999999999999886e+02	1.721999999999999920e-01	nan	8.797269285969377874e-04	5.721717689226766233e-03	5.619772404322429795e-04
nan	1.906800000000000068e+02	1.906800000000000161e-01	nan	1.185232284456105845e-03	5.617770308328422051e-03	5.524280382191168806e-04
nan	1.994399999999999977e+02	1.994400000000000062e-01	nan	1.208593046158057405e-03	5.162042960001335737e-03	5.688537729842789306e-04
nan	2.158400000000000034e+02	2.158399999999999763e-01	nan	1.375542778548606224e-03	5.024237402000990629e-03	5.639149058794219261e-04
nan	2.242400000000000091e+02	2.242399999999999949e-01	nan	1.623279311097576127e-03	4.922401890917154146e-03	5.691105400811596491e-04
nan	2.411599999999999966e+02	2.411599999999999855e-01	nan	1.794976253340791915e-03	4.722441676408623522e-03	5.663495099031455940e-04
nan	2.473599999999999852e+02	2.473599999999999688e-01	nan	2.119383743884100009e-03	4.648168843015058199e-03	5.696991451478335394e-04
nan	2.628799999999999955e+02	2.628800000000000026e-01	nan	2.179279975525787432e-03	4.611525945840144920e-03	5.772460698466487647e-04
nan	2.701599999999999682e+02	2.701600000000000112e-01	nan	2.633674408007209526e-03	4.316867084099666740e-03	5.651060209525911229e-04
nan	2.811200000000000045e+02	2.811200000000000365e-01	nan	2.754312891056542867e-03	4.398420537589349880e-03	5.796983193755561852e-04
nan	2.921200000000000045e+02	2.921199999999999908e-01	nan	2.939037720589112498e-03	4.223892221086393908e-03	5.728770388464662563e-04
nan	2.963600000000000136e+02	2.963600000000000678e-01	nan	3.111402195604569092e-03	4.379530709501646205e-03	5.671616655210709240e-04
nan	3.088400000000000318e+02	3.088400000000000034e-01	nan	3.266160750004019116e-03	3.718062374563536280e-03	5.743662825015321324e-04
nan	3.158400000000000318e+02	3.158399999999999541e-01	nan	3.573681968409801128e-03	3.768440693799683574e-03	5.653948124533129472e-04
nan	3.243199999999999932e+02	3.243200000000000527e-01	nan	3.691164293072688764e-03	3.928523261606937239e-03	5.675815830259551501e-04
nan	3.372400000000000091e+02	3.372400000000000397e-01	nan	3.871973655514011903e-03	3.938486367588421230e-03	5.695862555849633135e-04
nan	3.378000000000000114e+02	3.377999999999999892e-01	nan	4.082158510027511338e-03	3.759608334487417151e-03	5.640459155690037479e-04
nan	3.498799999999999955e+02	3.498800000000000243e-01	nan	3.891420035979535792e-03	3.708524821805355039e-03	5.746908954894402923e-04
nan	3.478799999999999955e+02	3.478799999999999670e-01	nan	4.674078328280302161e-03	3.722493066470226788e-03	5.679623740815432833e-04
nan	3.615199999999999818e+02	3.615200000000000080e-01	nan	4.862710169309138880e-03	3.707372025997699664e-03	5.630038128703786096e-04
nan	3.707599999999999909e+02	3.707600000000000340e-01	nan	5.221304998749474145e-03	3.602967200500513216e-03	5.683789953645976278e-04
nan	3.796800000000000068e+02	3.796800000000000175e-01	nan	5.425927180613143892e-03	3.580376476390507469e-03	5.790193328904589664e-04
nan	3.767199999999999704e+02	3.767199999999999993e-01	nan	5.554798590264908680e-03	3.462936137256460763e-03	5.794948908225027373e-04
nan	3.926000000000000227e+02	3.925999999999999490e-01	nan	5.613403768265925152e-03	3.562829383040681634e-03	5.698574802211077818e-04
nan	3.921200000000000045e+02	3.921200000000000241e-01	nan	6.163535676914762458e-03	3.427765481816467952e-03	5.712026285957591413e-04
nan	4.012400000000000091e+02	4.012399999999999300e-01	nan	6.431417974163196327e-03	3.491696916903168271e-03	5.707994904277991551e-04
nan	4.048799999999999955e+02	4.048800000000000177e-01	nan	6.867230262723751817e-03	3.613194813995650092e-03	5.790571263132634604e-04
nan	4.172800000000000296e+02	4.172800000000000398e-01	nan	7.044939979505215714e-03	3.360761714618471039e-03	5.827849708803778655e-04
nan	4.201999999999999886e+02	4.202000000000000179e-01	nan	7.375520068753757888e-03	3.195854045937458841e-03	5.724278861162706645e-04
nan	4.238799999999999955e+02	4.238799999999999235e-01	nan	7.621058380282192887e-03	3.545437000091632238e-03	5.776193865880466499e-04
nan	4.411999999999999886e+02	4.412000000000000921e-01	nan	7.849570726184538008e-03	3.525085033878362639e-03	5.613032657492316238e-04
nan	4.384399999999999409e+02	4.384400000000000519e-01	nan	7.801345026791750570e-03	3.152980192107551760e-03	5.729915965264493474e-04
nan	4.428399999999999750e+02	4.428400000000000114e-01	nan	8.317428187019686170e-03	3.279738277473277785e-03	5.700890697484352950e-04
nan	4.559600000000000364e+02	4.559599999999999764e-01	nan	8.164607752632946358e-03	3.493166225230160717e-03	5.662820758856456239e-04
nan	4.650399999999999636e+02	4.650400000000000089e-01	nan	8.770634744178096992e-03	3.267359019535056360e-03	5.767234390755512138e-04
nan	1.434399999999999977e+02	1.434400000000000119e-01	nan	5.568370104583663998e-04	8.953361588451455924e-03	4.553088766977038794e-04
nan	1.935999999999999943e+02	1.935999999999999943e-01	nan	1.041110393655344472e-03	8.090460224135306508e-03	4.471964080420286246e-04
nan	2.209199999999999875e+02	2.209200000000000053e-01	nan	1.232930998759229537e-03	6.849494327263927138e-03	4.542999082340386718e-04
nan	2.581999999999999886e+02	2.581999999999999851e-01	nan	1.614422346618766798e-03	6.190042657604575595e-03	4.610592997390024900e-04
nan	2.868400000000000318e+02	2.868399999999999839e-01	nan	1.807077719893186328e-03	6.338666588149448160e-03	4.649107392188095021e-04
nan	3.077599999999999909e+02	3.077599999999999780e-01	nan	2.178362124243449389e-03	5.887834622321270681e-03	4.731307459730148507e-04
nan	3.318799999999999955e+02	3.318800000000000638e-01	nan	2.418714069999623479e-03	5.396188371384906014e-03	4.716085707524560818e-04
nan	3.531999999999999886e+02	3.532000000000000139e-01	nan	2.765003932436229609e-03	5.214053193362542735e-03	4.781914056045980205e-04
nan	3.787599999999999909e+02	3.787600000000000411e-01	nan	3.190464392714602217e-03	5.002097022249233325e-03	4.685816339116825641e-04
nan	3.958400000000000318e+02	3.958400000000000252e-01	nan	3.752324561637578916e-03	4.550175796265466810e-03	4.691920089623860123e-04
nan	4.103199999999999932e+02	4.103199999999999070e-01	nan	3.944994623589081692e-03	4.336065266710094172e-03	4.751083447748516994e-04
nan	4.306800000000000068e+02	4.306800000000000073e-01	nan	4.385493854056221434e-03	4.304419035836729718e-03	4.792614590758036077e-04
nan	4.530800000000000409e+02	4.530800000000000938e-01	nan	5.112612037769395136e-03	4.382219016122130238e-03	4.720507963640441619e-04
nan	4.750000000000000000e+02	4.749999999999999778e-01	nan	5.339542044544032598e-03	4.395502675194883427e-03	4.760095348742671671e-04
nan	4.811200000000000045e+02	4.811200000000001031e-01	nan	5.250078292897341833e-03	4.429891126727746389e-03	4.741001918247989694e-04
nan	5.042800000000000296e+02	5.042799999999999505e-01	nan	6.362002443074743843e-03	4.196359519907540830e-03	4.722052186651157007e-04
nan	5.119600000000000364e+02	5.119599999999999707e-01	nan	6.066669482793258725e-03	4.046662132808631629e-03	4.799756691957843963e-04
nan	5.234399999999999409e+02	5.234399999999999054e-01	nan	6.695017411748267581e-03	4.017232030293399654e-03	4.727463020758331143e-04
nan	5.387999999999999545e+02	5.388000000000000567e-01	nan	7.373910501023601960e-03	4.140547726686320991e-03	4.739136946140997059e-04
nan	5.501600000000000819e+02	5.501600000000000934e-01	nan	7.602823735433047667e-03	3.990262175614232854e-03	4.761633162056187513e-04
nan	5.769199999999999591e+02	5.769199999999999884e-01	nan	8.205995778871511340e-03	3.854635066712493088e-03	4.736708313537471115e-04
nan	5.778399999999999181e+02	5.778399999999999093e-01	nan	8.765079345967024399e-03	3.508379267505758702e-03	4.749596617982960729e-04
nan	5.951200000000000045e+02	5.951199999999999823e-01	nan	9.446433071234423481e-03	3.814399943775310942e-03	4.750472622559789035e-04
nan	5.987599999999999909e+02	5.987599999999999589e-01	nan	9.443083610549365958e-03	3.750536830189195227e-03	4.792833612963220686e-04
nan	6.184399999999999409e+02	6.184399999999998787e-01	nan	1.021444234643240599e-02	3.654411475228284880e-03	4.772683556751146708e-04
nan	6.354399999999999409e+02	6.354400000000000048e-01	nan	1.052228888976969659e-02	3.700324498902949396e-03	4.757953579285407499e-04
nan	6.446800000000000637e+02	6.446800000000000308e-01	nan	1.051772333235021471e-02	3.397941799665962163e-03	4.789178687617448712e-04
nan	6.444800000000000182e+02	6.444799999999999418e-01	nan	1.157074491626190228e-02	3.642745209945218079e-03	4.785511624289530115e-04
nan	6.553199999999999363e+02	6.553200000000001246e-01	nan	1.169175926997922943e-02	3.454327659483312669e-03	4.796844489340719615e-04
nan	6.697599999999999909e+02	6.697599999999999110e-01	nan	1.189255683171723012e-02	3.444558945412800471e-03	4.800900911573950203e-04
nan	6.746800000000000637e+02	6.746800000000000574e-01	nan	1.240493958591287055e-02	3.526459526215539909e-03	4.801483259880173532e-04
nan	6.804399999999999409e+02	6.804399999999999338e-01	nan	1.400991609453740294e-02	3.663630549889342579e-03	4.851274580776289078e-04
nan	6.985600000000000591e+02	6.985599999999999588e-01	nan	1.270951515672095501e-02	3.633879675243909847e-03	4.797224870170328477e-04
nan	7.073199999999999363e+02	7.073199999999999488e-01	nan	1.367190841890987898e-02	3.354069979856642760e-03	4.795031555683443867e-04
nan	7.274399999999999409e+02	7.274399999999999755e-01	nan	1.364625121816061618e-02	3.235726800548429597e-03	4.786392473138766221e-04
nan	7.450800000000000409e+02	7.450800000000000756e-01	nan	1.535705316006897268e-02	3.484375251173659621e-03	4.811683712914133844e-04
nan	7.377200000000000273e+02	7.377200000000000424e-01	nan	1.562550765691412408e-02	3.297446871936508990e-03	4.753579055088467606e-04
nan	7.525600000000000591e+02	7.525600000000000067e-01	nan	1.552385938178304017e-02	3.317418437099334087e-03	4.816047608916603938e-04
nan	7.593600000000000136e+02	7.593600000000000350e-01	nan	1.735588374870530859e-02	3.320449441670261185e-03	4.778735160786505955e-04
nan	1.030000000000000000e+02	1.030000000000000082e-01	nan	4.129043492946493188e-04	9.323775558151876572e-03	4.118751958699767282e-04
nan	1.354000000000000057e+02	1.353999999999999926e-01	nan	5.314298147527552092e-04	7.549996771920490859e-03	4.480449835752830503e-04
nan	1.645200000000000102e+02	1.645200000000000273e-01	nan	9.731379111121896044e-04	6.880660928311044602e-03	4.548145999944929992e-04
nan	1.849599999999999795e+02	1.849599999999999855e-01	nan	1.049214077326041539e-03	6.725656774373358834e-03	4.650438742833833193e-04
nan	2.022400000000000091e+02	2.022400000000000309e-01	nan	1.380016628511384616e-03	6.148800630089183358e-03	4.611740844390194291e-04
nan	2.201599999999999966e+02	2.201599999999999946e-01	nan	1.545923300213871820e-03	4.946055123384102831e-03	4.604470123245140811e-04
nan	2.335199999999999818e+02	2.335200000000000053e-01	nan	1.813935575305549537e-03	4.957534500528179219e-03	4.642579522533767209e-04
nan	2.549199999999999875e+02	2.549199999999999799e-01	nan	2.018150101466744534e-03	5.160022481750013365e-03	4.695107377437542388e-04
nan	2.695600000000000023e+02	2.695599999999999663e-01	nan	2.361576552882525132e-03	4.525308194733851028e-03	4.694547170338585662e-04
nan	2.825199999999999818e+02	2.825199999999999934e-01	nan	2.636823986363196794e-03	4.688994887016049301e-03	4.775469724010323333e-04
nan	3.008799999999999955e+02	3.008799999999999808e-01	nan	2.709208744117859186e-03	4.330810865718355551e-03	4.672538003247260268e-04
nan	3.067599999999999909e+02	3.067600000000000326e-01	nan	3.223555015470083024e-03	4.919449433053206359e-03	4.723463205340824650e-04
nan	3.274800000000000182e+02	3.274799999999999933e-01	nan	3.483984291874549135e-03	4.066985955444688168e-03	4.748888836171272459e-04
nan	3.256800000000000068e+02	3.256800000000000805e-01	nan	3.707483870311989275e-03	4.251010641033668366e-03	4.731895425283326418e-04
nan	3.338799999999999955e+02	3.338800000000000656e-01	nan	3.711007575107032417e-03	4.057442503697129658e-03	4.680760556755230524e-04
nan	3.501999999999999886e+02	3.502000000000000113e-01	nan	4.162281279309354605e-03	4.194046615651169686e-03	4.706777080909409910e-04
nan	3.564800000000000182e+02	3.564800000000000191e-01	nan	4.638624620902191686e-03	4.022601038422704903e-03	4.739411847523735235e-04
nan	3.733199999999999932e+02	3.733199999999999297e-01	nan	4.584598386554716680e-03	3.944032464588910838e-03	4.799350405283719641e-04
nan	3.862400000000000091e+02	3.862400000000000277e-01	nan	5.304562486608119763e-03	3.894399787680272347e-03	4.761534275920037895e-04
nan	3.951599999999999682e+02	3.951600000000000112e-01	nan	5.543535660117413465e-03	3.764383677991904424e-03	4.759596201629849588e-04
nan	3.987199999999999704e+02	3.987200000000000188e-01	nan	5.258910840302633352e-03	3.592727276075720431e-03	4.694186896848431823e-04
nan	4.061999999999999886e+02	4.062000000000000055e-01	nan	6.116717300910750124e-03	3.477976033618422527e-03	4.813858785469585710e-04
nan	4.117600000000000477e+02	4.117599999999999594e-01	nan	6.388439292240946817e-03	3.802788512923086471e-03	4.777203570177765077e-04
nan	4.281600000000000250e+02	4.281599999999999850e-01	nan	6.798317815146219523e-03	3.816764563764950356e-03	4.750705221407980632e-04
nan	4.370399999999999636e+02	4.370400000000000951e-01	nan	7.083881689641202857e-03	3.456486476233584619e-03	4.842934634914877095e-04
nan	4.300000000000000000e+02	4.299999999999999933e-01	nan	7.240683884265308908e-03	3.743971101070244639e-03	4.807246683850133792e-04
nan	4.512800000000000296e+02	4.512800000000000145e-01	nan	7.811998340548598554e-03	3.690621640551529185e-03	4.728386358516735617e-04
nan	4.669199999999999591e+02	4.669200000000001127e-01	nan	7.528986418628846530e-03	3.593314351984135645e-03	4.788098605852660972e-04
nan	4.611600000000000250e+02	4.611600000000000144e-01	nan	7.985334656596024261e-03	3.523387795748032791e-03	4.726677063172675516e-04
nan	4.776800000000000068e+02	4.776799999999999935e-01	nan	8.011366301434463127e-03	3.568808045022705318e-03	4.736255472719432913e-04
nan	4.722800000000000296e+02	4.722800000000000331e-01	nan	8.589662906779267637e-03	3.367268126214007645e-03	4.823216468433985790e-04
nan	4.938000000000000114e+02	4.937999999999999612e-01	nan	9.273195206715172459e-03	3.580638695102696892e-03	4.698241892406665736e-04
nan	4.981600000000000250e+02	4.981600000000000472e-01	nan	9.930016224916470707e-03	3.281652769893574160e-03	4.805712315573290876e-04
nan	5.082399999999999523e+02	5.082400000000000251e-01	nan	1.003883543604388272e-02	3.463587983847180550e-03	4.733110041699098826e-04
nan	5.002399999999999523e+02	5.002400000000000180e-01	nan	9.744619220900859607e-03	3.481045293490797523e-03	4.757857389905547837e-04
nan	5.228799999999999955e+02	5.228800000000000114e-01	nan	1.022803501515227344e-02	3.426600650753371894e-03	4.725184801383130106e-04
nan	5.240000000000000000e+02	5.240000000000000213e-01	nan	1.097505344332603237e-02	3.376736886305605704e-03	4.751815167787963807e-04
nan	5.302000000000000455e+02	5.302000000000000046e-01	nan	1.093301818420513820e-02	3.034676829095346237e-03	4.781283747001263684e-04
nan	5.475199999999999818e+02	5.475199999999998957e-01	nan	1.163983449543593354e-02	3.039943303544726493e-03	4.815762051574872427e-04
nan	7.179999999999999716e+01	7.180000000000000271e-02	nan	2.739989360162553502e-04	8.533436485576266842e-03	4.169078861674157047e-04
nan	9.671999999999999886e+01	9.672000000000000042e-02	nan	4.712236459249652051e-04	7.624186691811127292e-03	4.458792427700079722e-04
nan	1.104799999999999898e+02	1.104799999999999949e-01	nan	6.113499754508212088e-04	7.146776692836735549e-03	4.520652285006147809e-04
nan	1.256799999999999926e+02	1.256799999999999862e-01	nan	7.369983400860746379e-04	5.975061823324752386e-03	4.521017255499611490e-04
nan	1.388400000000000034e+02	1.388400000000000190e-01	nan	9.180908998132509147e-04	6.268077847523314920e-03	4.536615570479802855e-04
nan	1.565600000000000023e+02	1.565599999999999770e-01	nan	1.163886843696673116e-03	5.622961162575859130e-03	4.707136937296971593e-04
nan	1.686800000000000068e+02	1.686800000000000244e-01	nan	1.247352100824627909e-03	4.871360540769973865e-03	4.561143333860983272e-04
nan	1.753199999999999932e+02	1.753200000000000036e-01	nan	1.499700474500968977e-03	5.076624563655658673e-03	4.746969982389641286e-04
nan	1.873599999999999852e+02	1.873600000000000265e-01	nan	1.607617423212559602e-03	4.611661296750680858e-03	4.671796210607512961e-04
nan	1.973599999999999852e+02	1.973599999999999799e-01	nan	1.798060063006232806e-03	4.486316741575661730e-03	4.634464357939337706e-04
nan	2.094000000000000057e+02	2.093999999999999750e-01	nan	2.074041010614564341e-03	4.569358263778145086e-03	4.706705851074608729e-04
nan	2.159199999999999875e+02	2.159199999999999731e-01	nan	2.126243314992279972e-03	4.037665642753191127e-03	4.584418359083489115e-04
nan	2.237199999999999704e+02	2.237200000000000022e-01	nan	2.377846534186573747e-03	4.746822096658272899e-03	4.668984865314663611e-04
nan	2.321599999999999966e+02	2.321600000000000052e-01	nan	2.532623793922539161e-03	3.976504547278811308e-03	4.671854703132777504e-04
nan	2.432800000000000296e+02	2.432799999999999963e-01	nan	2.613231640925732773e-03	4.100711046463555165e-03	4.755974992551405050e-04
nan	2.518800000000000239e+02	2.518799999999999928e-01	nan	2.913658617303554153e-03	3.939695910858305450e-03	4.775295900532413218e-04
nan	2.491199999999999761e+02	2.491200000000000081e-01	nan	3.273344450717559275e-03	4.113896079801370939e-03	4.731649412256727985e-04
nan	2.649199999999999591e+02	2.649199999999999888e-01	nan	3.155023390022506334e-03	4.129373228292494702e-03	4.701238374193513901e-04
nan	2.700800000000000409e+02	2.700799999999999867e-01	nan	3.573478927414726336e-03	3.913182806186308108e-03	4.759810175429081479e-04
nan	2.782800000000000296e+02	2.782799999999999718e-01	nan	3.790249449157272014e-03	3.653187464829856044e-03	4.651777473995061035e-04
nan	2.821599999999999682e+02	2.821600000000000219e-01	nan	4.139572398671589014e-03	3.712688571318090072e-03	4.770109537520987705e-04
nan	2.847199999999999704e+02	2.847199999999999731e-01	nan	4.400845959717116992e-03	3.627845050217716472e-03	4.800922696994606781e-04
nan	2.950800000000000409e+02	2.950800000000000090e-01	nan	4.324442415154407769e-03	3.864932655954278484e-03	4.816094068226649955e-04
nan	2.994399999999999977e+02	2.994399999999999840e-01	nan	4.545228308443257162e-03	3.708445683556148200e-03	4.709529626803118365e-04
nan	3.103999999999999773e+02	3.104000000000000092e-01	nan	4.854251317310627825e-03	3.687774178046511996e-03	4.732957145837732717e-04
nan	3.092800000000000296e+02	3.092799999999999994e-01	nan	4.816901244776091058e-03	3.431381707129939947e-03	4.784085514699792105e-04
nan	3.185600000000000023e+02	3.185600000000000098e-01	nan	4.853215382991038322e-03	3.610831017210128831e-03	4.747156552401032891e-04
nan	3.216399999999999864e+02	3.216400000000000370e-01	nan	5.556554458844402584e-03	3.565909023596540439e-03	4.649504873402615689e-04
nan	3.336000000000000227e+02	3.336000000000000076e-01	nan	5.656558465507259374e-03	3.592092894587135994e-03	4.767406408569624604e-04
nan	3.326800000000000068e+02	3.326799999999999757e-01	nan	6.388701639179998962e-03	3.481890206438666147e-03	4.714645408690676842e-04
nan	3.349599999999999795e+02	3.349600000000000355e-01	nan	5.601825353987806462e-03	3.444487260429084097e-03	4.741363469348053761e-04
nan	3.501200000000000045e+02	3.501199999999999868e-01	nan	6.484053677504561172e-03	3.288707053116378572e-03	4.754349891041856563e-04
nan	3.465600000000000023e+02	3.465599999999999792e-01	nan	6.494862565077710870e-03	3.443280205753534821e-03	4.769672255357876528e-04
nan	3.521999999999999886e+02	3.521999999999999575e-01	nan	7.448284250949654614e-03	3.295706389601969852e-03	4.751899848908384201e-04
nan	3.626000000000000227e+02	3.625999999999999779e-01	nan	7.319099569685931159e-03	3.429298028440350230e-03	4.781000150885253387e-04
nan	3.664800000000000182e+02	3.664799999999999724e-01	nan	7.394068468292972277e-03	3.034219747711304222e-03	4.732987978827298101e-04
nan	3.676399999999999864e+02	3.676399999999999668e-01	nan	7.692707729020184515e-03	3.322528071284842986e-03	4.736358417102012951e-04
nan	3.803199999999999932e+02	3.803199999999999359e-01	nan	7.841093288752746041e-03	3.307190983398294870e-03	4.768067139360528291e-04
nan	3.796399999999999864e+02	3.796399999999999775e-01	nan	8.355524009593865223e-03	3.435672693764515312e-03	4.802641672336456545e-04
nan	1.082400000000000091e+02	1.082400000000000306e-01	nan	5.938336889477113714e-04	8.913825840746660012e-03	3.373409877347118306e-04
nan	1.536800000000000068e+02	1.536799999999999833e-01	nan	9.390770405616422284e-04	7.205413073642486996e-03	3.462117329060067404e-04
nan	1.778000000000000114e+02	1.778000000000000136e-01	nan	1.207229619936924913e-03	6.730952366926589922e-03	3.594822312439377335e-04
nan	2.024000000000000057e+02	2.023999999999999966e-01	nan	1.435824332446600238e-03	6.233743739714676588e-03	3.638775425733882627e-04
nan	2.268800000000000239e+02	2.268800000000000261e-01	nan	1.858675922701422817e-03	5.964272877464220704e-03	3.661509093556174275e-04
nan	2.414800000000000182e+02	2.414800000000000002e-01	nan	2.247840651803017023e-03	5.419157269429042412e-03	3.644655962896095548e-04
nan	2.614800000000000182e+02	2.614799999999999902e-01	nan	2.542734274893519025e-03	4.844392884279772118e-03	3.761665325323032376e-04
nan	2.822400000000000091e+02	2.822399999999999909e-01	nan	3.092902800467527569e-03	5.024676532450796616e-03	3.698937944141452968e-04
nan	2.948000000000000114e+02	2.948000000000000065e-01	nan	2.995923789233074890e-03	4.868597293646250226e-03	3.825057915245005631e-04
nan	3.161200000000000045e+02	3.161200000000000121e-01	nan	3.455246879639162216e-03	4.555430356731137755e-03	3.794520886027596355e-04
nan	3.351200000000000045e+02	3.351199999999999735e-01	nan	3.931338073425649608e-03	4.915006187179091213e-03	3.733919383072421697e-04
nan	3.398000000000000114e+02	3.397999999999999909e-01	nan	4.269401936667236754e-03	4.315619125349692137e-03	3.764168969970352113e-04
nan	3.553199999999999932e+02	3.553200000000000247e-01	nan	4.900340384524496870e-03	4.425349731091228651e-03	3.833182967334627304e-04
nan	3.694800000000000182e+02	3.694799999999999751e-01	nan	4.724734007372717419e-03	4.401153577645413803e-03	3.789139740181932852e-04
nan	3.827599999999999909e+02	3.827600000000000446e-01	nan	5.639037135997568631e-03	4.119234424805327463e-03	3.778168068110396381e-04
nan	3.922800000000000296e+02	3.922800000000000176e-01	nan	5.585374335159940321e-03	4.270071100673985057e-03	3.792168534158217716e-04
nan	4.087599999999999909e+02	4.087600000000000122e-01	nan	5.981213892414416651e-03	3.902283976872424846e-03	3.799563312316701089e-04
nan	4.221600000000000250e+02	4.221600000000000352e-01	nan	6.645072444762263608e-03	3.906486097477869339e-03	3.815131577400532152e-04
nan	4.329199999999999591e+02	4.329199999999999160e-01	nan	6.958008916694779881e-03	3.711951032682985017e-03	3.786825559046045524e-04
nan	4.451999999999999886e+02	4.451999999999999846e-01	nan	7.164421208299245718e-03	3.668374477076595530e-03	3.877760693180881571e-04
nan	4.475199999999999818e+02	4.475200000000000289e-01	nan	7.614619276801022629e-03	3.930979349090145056e-03	3.848431327322733618e-04
nan	4.622399999999999523e+02	4.622400000000000952e-01	nan	7.755327158629370284e-03	3.475331105767972412e-03	3.762178296457080158e-04
nan	4.762800000000000296e+02	4.762800000000000367e-01	nan	8.626317689731877181e-03	3.659274639738461978e-03	3.761002605981983828e-04
nan	4.873199999999999932e+02	4.873199999999999754e-01	nan	9.241530653198423706e-03	3.426458732610256162e-03	3.758513036401471682e-04
nan	4.934800000000000182e+02	4.934800000000000297e-01	nan	8.756862872078271381e-03	3.675163331898005127e-03	3.834286274164265410e-04
nan	5.036399999999999864e+02	5.036400000000000876e-01	nan	1.002520159788218741e-02	3.556638218057979646e-03	3.818756895096941310e-04
nan	5.150800000000000409e+02	5.150799999999999823e-01	nan	9.943693764043928796e-03	3.554298120637916329e-03	3.824681664617954227e-04
nan	5.131200000000000045e+02	5.131200000000000205e-01	nan	9.949213575355315628e-03	3.675882501675555806e-03	3.829760481031273169e-04
nan	5.243600000000000136e+02	5.243599999999999373e-01	nan	1.065702026538019667e-02	3.519321208798002060e-03	3.826745434386582797e-04
nan	5.397999999999999545e+02	5.397999999999999465e-01	nan	1.101772386333323139e-02	3.421390902113632341e-03	3.815017080335520003e-04
nan	5.452000000000000455e+02	5.452000000000000179e-01	nan	1.114003048895938208e-02	3.450344199642731320e-03	3.840497844787060843e-04
nan	5.561200000000000045e+02	5.561200000000000587e-01	nan	1.209334330762430916e-02	3.491625027295146982e-03	3.779366333592932832e-04
nan	5.547599999999999909e+02	5.547600000000000309e-01	nan	1.233190324021052157e-02	3.555151831406490413e-03	3.838630360734429734e-04
nan	5.704399999999999409e+02	5.704399999999999471e-01	nan	1.236362758762879835e-02	3.291748536295838190e-03	3.817742769624811960e-04
nan	5.785199999999999818e+02	5.785199999999999232e-01	nan	1.382482273376808846e-02	3.194789750028338877e-03	3.809581390643495885e-04
nan	5.843199999999999363e+02	5.843200000000000616e-01	nan	1.329764718114347447e-02	3.355746960462181738e-03	3.860265710218477330e-04
nan	5.902799999999999727e+02	5.902800000000001379e-01	nan	1.352628633752829025e-02	3.158228421514087426e-03	3.819930654777171203e-04
nan	5.996000000000000227e+02	5.996000000000000218e-01	nan	1.404754272683931063e-02	3.440100214588517284e-03	3.826526351300609387e-04
nan	6.026000000000000227e+02	6.026000000000000245e-01	nan	1.526398407406304690e-02	3.253321224744906703e-03	3.786812459336213023e-04
nan	7.696000000000000796e+01	7.696000000000000063e-02	nan	4.074040933051037601e-04	8.486071185192359256e-03	3.313776656944607052e-04
nan	1.070000000000000000e+02	1.069999999999999840e-01	nan	6.277284519637760067e-04	7.808139900856081103e-03	3.516783328354924736e-04
nan	1.261599999999999966e+02	1.261599999999999944e-01	nan	8.701118739531920601e-04	7.026468289001668206e-03	3.516037076287779222e-04
nan	1.397599999999999909e+02	1.397599999999999953e-01	nan	1.030495974642917567e-03	5.870080930472624907e-03	3.532855673957616713e-04
nan	1.587599999999999909e+02	1.587600000000000122e-01	nan	1.366666387209534072e-03	6.107266221358351871e-03	3.633569155066441363e-04
nan	1.702800000000000011e+02	1.702800000000000424e-01	nan	1.492217423374313581e-03	5.299058524679167888e-03	3.695245967697750704e-04
nan	1.875600000000000023e+02	1.875600000000000045e-01	nan	1.695779101039534068e-03	5.042940899742462922e-03	3.689825364902395068e-04
nan	2.003199999999999932e+02	2.003199999999999981e-01	nan	1.880210326801261614e-03	4.974461719676880056e-03	3.652981970296359450e-04
nan	2.129199999999999875e+02	2.129199999999999982e-01	nan	2.233642772546318243e-03	4.952210241062184395e-03	3.753834786009417222e-04
nan	2.230400000000000205e+02	2.230399999999999883e-01	nan	2.380510467874046542e-03	4.456188358096972897e-03	3.753543629939586740e-04
nan	2.352800000000000296e+02	2.352800000000000169e-01	nan	2.690306252025038806e-03	4.561856144603157991e-03	3.794981804093973594e-04
nan	2.404800000000000182e+02	2.404799999999999716e-01	nan	2.913187837798432000e-03	4.316223494489829400e-03	3.760338821900531146e-04
nan	2.513199999999999932e+02	2.513200000000000434e-01	nan	3.116142544608919724e-03	4.076665357780478137e-03	3.826030110834947678e-04
nan	2.701999999999999886e+02	2.701999999999999957e-01	nan	3.395287599500988653e-03	4.621719721461479795e-03	3.769447979766713279e-04
nan	2.720000000000000000e+02	2.719999999999999640e-01	nan	3.826679248304572147e-03	4.307821895284970164e-03	3.805864284639220345e-04
nan	2.830800000000000409e+02	2.830800000000000538e-01	nan	4.353695801669345798e-03	3.925605223038909804e-03	3.772847014734473370e-04
nan	2.917199999999999704e+02	2.917200000000000348e-01	nan	4.482725126467812689e-03	3.992424549310080555e-03	3.760180585246132600e-04
nan	2.924800000000000182e+02	2.924799999999999622e-01	nan	4.156409478759996723e-03	4.099740593879762363e-03	3.822022239763467983e-04
nan	2.967199999999999704e+02	2.967199999999999838e-01	nan	4.718747130732480963e-03	3.967010997608739521e-03	3.804542245253605568e-04
nan	3.095199999999999818e+02	3.095199999999999618e-01	nan	5.121580009299577310e-03	3.746242969462491076e-03	3.794063302080925783e-04
nan	3.178400000000000318e+02	3.178400000000000114e-01	nan	5.612105870704908392e-03	3.774922370910170633e-03	3.742732861762541885e-04
nan	3.248799999999999955e+02	3.248800000000000021e-01	nan	5.818525474578563686e-03	3.675561746133060217e-03	3.814836669763494283e-04
nan	3.351999999999999886e+02	3.351999999999999424e-01	nan	6.042338789184214035e-03	3.596572464424045799e-03	3.806878987363255368e-04
nan	3.388000000000000114e+02	3.387999999999999345e-01	nan	6.216509978057728827e-03	3.653712341355883596e-03	3.783778082787677549e-04
nan	3.477199999999999704e+02	3.477199999999999736e-01	nan	6.583914674210973247e-03	3.808932029838891457e-03	3.799460407316485066e-04
nan	3.575600000000000023e+02	3.575599999999999890e-01	nan	6.484598635788643359e-03	3.647472819103709900e-03	3.838733698154246643e-04
nan	3.588400000000000318e+02	3.588399999999999923e-01	nan	7.359060830413000250e-03	3.511130781953002242e-03	3.754435924544038310e-04
nan	3.630400000000000205e+02	3.630400000000000293e-01	nan	7.331140974247318982e-03	3.542462873146354392e-03	3.780224389775900572e-04
nan	3.729599999999999795e+02	3.729600000000000137e-01	nan	7.329287292532171531e-03	3.279515203953418164e-03	3.836539056347380676e-04
nan	3.818000000000000114e+02	3.818000000000000282e-01	nan	8.706325536395524353e-03	3.630962624066305742e-03	3.789331002292687040e-04
nan	3.846000000000000227e+02	3.845999999999999974e-01	nan	8.233392611782620191e-03	3.610492498432450563e-03	3.777021732848315216e-04
nan	3.929599999999999795e+02	3.929599999999999760e-01	nan	7.728668727704643242e-03	3.336971128954101078e-03	3.858063921666993819e-04
nan	3.992400000000000091e+02	3.992399999999999838e-01	nan	8.666825801083178488e-03	3.396477564991450503e-03	3.812227501076159578e-04
nan	4.086399999999999864e+02	4.086400000000000032e-01	nan	9.423738028572188966e-03	3.327612981153622081e-03	3.803332127122715763e-04
nan	4.120399999999999636e+02	4.120400000000000174e-01	nan	9.096231770599842378e-03	3.060633319565075026e-03	3.779982004906294103e-04
nan	4.196000000000000227e+02	4.195999999999999730e-01	nan	9.750296235015411955e-03	3.255183615487588448e-03	3.839485792904923154e-04
nan	4.190399999999999636e+02	4.190400000000000236e-01	nan	1.027944377553467389e-02	3.293677090393504377e-03	3.833802697690487935e-04
nan	4.296399999999999864e+02	4.296400000000000219e-01	nan	9.525000947205626914e-03	3.449110944974295018e-03	3.764950992626436973e-04
nan	4.383600000000000136e+02	4.383599999999999719e-01	nan	1.056348418774177844e-02	3.229469808146088246e-03	3.842943906099744096e-04
nan	5.296000000000000085e+01	5.295999999999999319e-02	nan	2.988535215700949136e-04	9.036135141922908148e-03	3.161553632668577139e-04
nan	7.432000000000000739e+01	7.431999999999999718e-02	nan	4.016307309041166783e-04	7.979722146945610051e-03	3.319643161912462222e-04
nan	8.715999999999999659e+01	8.716000000000001524e-02	nan	6.347549867030011662e-04	6.132156322819772368e-03	3.490525911540360736e-04
nan	1.000000000000000000e+02	1.000000000000000056e-01	nan	6.988883068788709959e-04	5.955449480820448373e-03	3.458881549619103072e-04
nan	1.128400000000000034e+02	1.128399999999999820e-01	nan	9.098670668072373355e-04	5.957621533327395018e-03	3.567226765710430772e-04
nan	1.235599999999999881e+02	1.235600000000000309e-01	nan	1.000393467229514655e-03	5.408559620572048893e-03	3.661259007024752999e-04
nan	1.290000000000000000e+02	1.290000000000000036e-01	nan	1.208203154276361576e-03	5.109735239916366953e-03	3.627665748678103532e-04
nan	1.410799999999999841e+02	1.410800000000000110e-01	nan	1.398181046517947990e-03	4.563954387192309739e-03	3.709151389316253005e-04
nan	1.504000000000000057e+02	1.504000000000000059e-01	nan	1.533528853858570152e-03	4.357218448791555510e-03	3.716334095920100595e-04
nan	1.561599999999999966e+02	1.561599999999999933e-01	nan	1.771929834235379557e-03	4.695142305838367024e-03	3.703685935837234492e-04
nan	1.633599999999999852e+02	1.633600000000000052e-01	nan	1.877642809026838040e-03	4.488662503465407419e-03	3.702691244437096791e-04
nan	1.720400000000000205e+02	1.720400000000000262e-01	nan	2.223300285077129974e-03	4.038359966765530523e-03	3.678315610382228195e-04
nan	1.782400000000000091e+02	1.782400000000000095e-01	nan	2.310838013063403178e-03	4.315587721652774933e-03	3.710536396943288524e-04
nan	1.854000000000000057e+02	1.853999999999999815e-01	nan	2.363291558390301448e-03	4.149598683154569374e-03	3.721458559562748755e-04
nan	1.910400000000000205e+02	1.910399999999999876e-01	nan	2.503279629863754650e-03	4.160467833930171604e-03	3.741673283614450332e-04
nan	1.981999999999999886e+02	1.981999999999999873e-01	nan	2.695079358918519435e-03	4.186714318109566700e-03	3.768276521075253566e-04
nan	2.037199999999999989e+02	2.037199999999999844e-01	nan	3.040841002512024733e-03	3.851206109172271297e-03	3.832718848933869965e-04
nan	2.108000000000000114e+02	2.108000000000000151e-01	nan	3.190912478594327972e-03	3.850308107216193158e-03	3.837790654342004837e-04
nan	2.151199999999999761e+02	2.151200000000000334e-01	nan	3.178734338848699000e-03	4.149271646760958540e-03	3.780541946929179384e-04
nan	2.229199999999999875e+02	2.229200000000000070e-01	nan	3.814192069658019907e-03	3.716895918624674167e-03	3.777667409006305347e-04
nan	2.328400000000000034e+02	2.328400000000000192e-01	nan	3.493901519050268689e-03	3.805003738841856997e-03	3.825990037380593012e-04
nan	2.275600000000000023e+02	2.275599999999999845e-01	nan	3.772764355389881218e-03	3.794873636782075677e-03	3.787954675622575958e-04
nan	2.384399999999999977e+02	2.384400000000000408e-01	nan	3.780887819966665016e-03	3.840259371267851045e-03	3.810376897049463983e-04
nan	2.394800000000000182e+02	2.394799999999999984e-01	nan	4.226456151627644431e-03	3.548092115599341817e-03	3.727767937715776659e-04
nan	2.484399999999999977e+02	2.484399999999999942e-01	nan	4.542864249260673490e-03	3.167568538746183028e-03	3.771736959383138830e-04
nan	2.460800000000000125e+02	2.460799999999999932e-01	nan	4.619314637784555436e-03	4.002061570064304255e-03	3.769173939464348774e-04
nan	2.535999999999999943e+02	2.535999999999999921e-01	nan	4.904594467816423588e-03	3.484512250350485507e-03	3.774904361286745896e-04
nan	2.586000000000000227e+02	2.585999999999999965e-01	nan	5.071687426898278950e-03	3.397565278169843890e-03	3.771226610696721193e-04
nan	2.611999999999999886e+02	2.611999999999999877e-01	nan	5.091654349280360856e-03	3.700375164593161688e-03	3.738380461721532125e-04
nan	2.697199999999999704e+02	2.697200000000000153e-01	nan	5.930377172862790619e-03	3.489543042103964744e-03	3.827024183808176846e-04
nan	2.745600000000000023e+02	2.745600000000000263e-01	nan	5.492434748912274241e-03	3.332678007848244132e-03	3.804094467766630386e-04
nan	2.796000000000000227e+02	2.796000000000000152e-01	nan	6.080315665603848278e-03	3.349032128522761494e-03	3.764181369152342499e-04
nan	2.821599999999999682e+02	2.821600000000000219e-01	nan	6.095201383268431493e-03	3.305895465863849334e-03	3.806650556579287072e-04
nan	2.818799999999999955e+02	2.818800000000000194e-01	nan	6.250858008579598599e-03	3.473484384976077699e-03	3.774515574018121001e-04
nan	2.889199999999999591e+02	2.889199999999999546e-01	nan	6.308764810055436482e-03	3.119867787678292075e-03	3.791072981658197803e-04
nan	2.964399999999999977e+02	2.964399999999999813e-01	nan	6.330449452334505067e-03	3.249071390315786713e-03	3.869359716009308759e-04
nan	2.943600000000000136e+02	2.943600000000000105e-01	nan	6.918380763063396340e-03	3.581357324825124120e-03	3.781113894066280763e-04
nan	2.916000000000000227e+02	2.915999999999999703e-01	nan	7.398521811937825918e-03	3.398672519467239774e-03	3.784463024382633996e-04
nan	3.026399999999999864e+02	3.026399999999999646e-01	nan	7.618138077195908513e-03	3.187370719328847055e-03	3.806536822740317618e-04
nan	8.247999999999998977e+01	8.247999999999999776e-02	nan	1.761721226466761469e-04	9.024649811536920169e-03	5.120646343699066568e-04
nan	1.254799999999999898e+02	1.254800000000000082e-01	nan	3.056522548888551466e-04	8.386557875390041050e-03	5.071493327379421583e-04
nan	1.653199999999999932e+02	1.653199999999999947e-01	nan	4.400521056163597547e-04	7.468636178419699005e-03	4.953306178860290062e-04
nan	1.971599999999999966e+02	1.971600000000000019e-01	nan	6.805692138323138438e-04	6.117234715462359536e-03	5.138637405465005690e-04
nan	2.242400000000000091e+02	2.242399999999999949e-01	nan	8.926483469781486962e-04	5.866339984044665994e-03	5.220766540528830411e-04
nan	2.428800000000000239e+02	2.428799999999999848e-01	nan	1.058914036334499421e-03	5.674011459598352937e-03	5.357243102601401798e-04
nan	2.558000000000000114e+02	2.557999999999999718e-01	nan	1.377182907428959897e-03	4.978036710886944716e-03	5.208989665970041507e-04
nan	2.723999999999999773e+02	2.724000000000000310e-01	nan	1.604136144649146540e-03	4.770655225502721045e-03	5.305899984958817187e-04
nan	2.941999999999999886e+02	2.942000000000000171e-01	nan	1.883900564571377046e-03	4.713726558693973577e-03	5.302812224388187348e-04
nan	3.094399999999999977e+02	3.094399999999999928e-01	nan	2.173599527136502868e-03	4.650699408064817506e-03	5.300179664443581667e-04
nan	3.243999999999999773e+02	3.244000000000000772e-01	nan	2.440274311898065190e-03	4.802126743207450754e-03	5.573451701035302174e-04
nan	3.379599999999999795e+02	3.379599999999999826e-01	nan	2.858992249939546794e-03	4.555590518175631730e-03	5.412320060510856286e-04
nan	3.526399999999999864e+02	3.526400000000000090e-01	nan	3.180520217929370345e-03	4.394577896821316200e-03	5.509118969074631869e-04
nan	3.665600000000000023e+02	3.665599999999999969e-01	nan	3.524064741404799896e-03	4.054164102087238694e-03	5.479383714821232584e-04
nan	3.779599999999999795e+02	3.779599999999999627e-01	nan	3.883509934480570882e-03	4.148475045253734346e-03	5.496392207750607634e-04
nan	3.869199999999999591e+02	3.869200000000000417e-01	nan	4.374355901545641870e-03	4.048640450914159361e-03	5.623441451550513850e-04
nan	3.983999999999999773e+02	3.983999999999999764e-01	nan	4.729204893947099378e-03	4.015169954405309848e-03	5.482447353630121598e-04
nan	4.088799999999999955e+02	4.088800000000000767e-01	nan	5.084986495335215226e-03	3.604196029693430923e-03	5.514505168124772408e-04
nan	4.200399999999999636e+02	4.200400000000000245e-01	nan	5.564908116543846976e-03	3.707617432295359089e-03	5.488292822978522219e-04
nan	4.235600000000000591e+02	4.235599999999999921e-01	nan	5.916400740425160898e-03	3.706079983333099119e-03	5.520448352658916241e-04
nan	4.492399999999999523e+02	4.492400000000000837e-01	nan	6.338702608945823332e-03	3.708409808590449556e-03	5.600384053355627560e-04
nan	4.468799999999999955e+02	4.468799999999999994e-01	nan	6.763992413043524651e-03	3.819432290786873522e-03	5.517859836895521808e-04
nan	4.567600000000000477e+02	4.567600000000000549e-01	nan	7.204471500263025067e-03	3.723431752617102457e-03	5.651906701163085002e-04
nan	4.669199999999999591e+02	4.669200000000000017e-01	nan	7.654830680639860933e-03	3.817746164787886361e-03	5.582725157914586542e-04
nan	4.849199999999999591e+02	4.849199999999999622e-01	nan	8.028293701372604674e-03	3.447040723296956790e-03	5.573414639761431390e-04
nan	4.839199999999999591e+02	4.839200000000000168e-01	nan	8.574468925007749237e-03	3.733485852643951466e-03	5.558507485436371080e-04
nan	4.955199999999999818e+02	4.955199999999999605e-01	nan	9.184804156893733654e-03	3.492814382919029285e-03	5.615368874590357957e-04
nan	5.033999999999999773e+02	5.033999999999999586e-01	nan	9.764835619726000907e-03	3.610769465742201534e-03	5.539466884967043491e-04
nan	5.160800000000000409e+02	5.160799999999999832e-01	nan	1.023664228023335454e-02	3.479944632790795030e-03	5.633749705519211157e-04
nan	4.558799999999999955e+02	4.558799999999999519e-01	nan	1.064311928725146517e-02	3.176762983774113029e-03	5.780798371796791024e-04
nan	3.418000000000000114e+02	3.417999999999999927e-01	nan	1.138998451148836438e-02	3.478902018090471258e-03	5.891763449575478356e-04
nan	1.951999999999999886e+02	1.951999999999999846e-01	nan	1.144531337209627950e-02	3.278422471710842716e-03	6.002260932972851900e-04
nan	7.384000000000000341e+01	7.383999999999998898e-02	nan	1.184453278784531119e-02	2.968102052857109988e-03	6.126158145197404484e-04
nan	0.000000000000000000e+00	0.000000000000000000e+00	0.000000000000000000e+00	0.000000000000000000e+00	0.000000000000000000e+00	0.000000000000000000e+00
nan	0.000000000000000000e+00	0.000000000000000000e+00	0.000000000000000000e+00	0.000000000000000000e+00	0.000000000000000000e+00	0.000000000000000000e+00
nan	0.000000000000000000e+00	0.000000000000000000e+00	0.000000000000000000e+00	0.000000000000000000e+00	0.000000000000000000e+00	0.000000000000000000e+00
nan	0.000000000000000000e+00	0.000000000000000000e+00	0.000000000000000000e+00	0.000000000000000000e+00	0.000000000000000000e+00	0.000000000000000000e+00
nan	0.000000000000000000e+00	0.000000000000000000e+00	0.000000000000000000e+00	0.000000000000000000e+00	0.000000000000000000e+00	0.000000000000000000e+00
nan	0.000000000000000000e+00	0.000000000000000000e+00	0.000000000000000000e+00	0.000000000000000000e+00	0.000000000000000000e+00	0.000000000000000000e+00
nan	6.127999999999999403e+01	6.128000000000000114e-02	nan	1.103066154064435891e-04	9.184709047659913445e-03	4.926785276920167935e-04
nan	9.235999999999999943e+01	9.236000000000001153e-02	nan	2.146348637143091992e-04	8.334415572799657931e-03	4.857553260111312178e-04
nan	1.231599999999999966e+02	1.231599999999999778e-01	nan	3.335321265228685618e-04	7.159796950548061659e-03	4.779122486667455481e-04
nan	1.506400000000000148e+02	1.506399999999999961e-01	nan	4.677881807037920052e-04	6.313550062176456930e-03	4.997396498274078334e-04
nan	1.764799999999999898e+02	1.764799999999999980e-01	nan	6.143333342197366317e-04	6.084339229560984177e-03	5.263160318987691964e-04
nan	1.982400000000000091e+02	1.982400000000000273e-01	nan	7.989454985704469870e-04	5.971157555640704828e-03	4.929159847798185836e-04
nan	2.211999999999999886e+02	2.212000000000000077e-01	nan	9.143100831738592855e-04	4.648226778150655984e-03	5.143196679355392957e-04
nan	2.406800000000000068e+02	2.406800000000000050e-01	nan	1.111295726079788515e-03	5.068123092857998967e-03	5.110299239923591632e-04
nan	2.530000000000000000e+02	2.530000000000000027e-01	nan	1.328268814261264171e-03	5.029543456270750383e-03	5.184509084026115398e-04
nan	2.676000000000000227e+02	2.675999999999999490e-01	nan	1.530193061726095160e-03	5.080936620941329911e-03	5.172287933531860993e-04
nan	2.811200000000000045e+02	2.811200000000000365e-01	nan	1.773535094580438228e-03	4.586181509305875190e-03	5.280795555220714694e-04
nan	2.869199999999999591e+02	2.869200000000000084e-01	nan	1.928641928566321526e-03	4.412613331542826305e-03	5.351414467842199093e-04
nan	3.058400000000000318e+02	3.058400000000000007e-01	nan	2.242634296158030251e-03	4.387040608693443776e-03	5.288273600989035466e-04
nan	3.082400000000000091e+02	3.082399999999999585e-01	nan	2.424419463786762173e-03	4.214618898796941224e-03	5.439382450070478483e-04
nan	3.239199999999999591e+02	3.239200000000000412e-01	nan	2.742478982186185264e-03	4.280937915305240739e-03	5.357757583253490745e-04
nan	3.291599999999999682e+02	3.291600000000000081e-01	nan	2.948151047717146624e-03	3.991683148955382961e-03	5.414809557716742609e-04
nan	3.491200000000000045e+02	3.491199999999999859e-01	nan	3.302778445731746788e-03	4.023984024605310392e-03	5.577692936806088629e-04
nan	3.579599999999999795e+02	3.579600000000000004e-01	nan	3.532806980110762829e-03	4.003890923459712745e-03	5.255752567578475358e-04
nan	3.584399999999999977e+02	3.584399999999999809e-01	nan	3.937225114786997542e-03	3.701380341027733605e-03	5.515401283285785525e-04
nan	3.680000000000000000e+02	3.680000000000000493e-01	nan	4.029255336599817279e-03	4.256974025502226373e-03	5.305963668147336849e-04
nan	3.772800000000000296e+02	3.772800000000000042e-01	nan	4.382060108637233012e-03	3.816132636677598521e-03	5.592189820634839176e-04
nan	3.861999999999999886e+02	3.861999999999999877e-01	nan	4.737250095768104526e-03	3.716044926981635493e-03	5.554402778485216779e-04
nan	3.893199999999999932e+02	3.893199999999999994e-01	nan	5.102703480351919799e-03	3.839313500907172525e-03	5.402936017944710931e-04
nan	4.060400000000000205e+02	4.060399999999999565e-01	nan	5.385824756594956818e-03	3.720250053509351930e-03	5.451753012320863234e-04
nan	4.098000000000000114e+02	4.097999999999999976e-01	nan	5.865020711198667101e-03	3.486387036717779504e-03	5.406092913464449626e-04
nan	4.176399999999999864e+02	4.176399999999999002e-01	nan	6.011444163896158266e-03	3.621908118139825685e-03	5.531421822696268656e-04
nan	4.303999999999999773e+02	4.304000000000000048e-01	nan	6.331534380715311480e-03	3.456721637660599509e-03	5.513230627213607047e-04
nan	4.366399999999999864e+02	4.366400000000000281e-01	nan	6.821817843901953511e-03	3.418873604146220688e-03	5.632425585606608710e-04
nan	4.448000000000000114e+02	4.448000000000000287e-01	nan	7.220073883981967082e-03	3.693344806323990530e-03	5.573060256339981049e-04
nan	4.523999999999999773e+02	4.524000000000000243e-01	nan	7.511389747323846296e-03	3.431857678690778020e-03	5.459650681066584776e-04
nan	4.475199999999999818e+02	4.475199999999999179e-01	nan	7.946438326162024585e-03	3.319073668297930525e-03	5.657413393346130649e-04
nan	4.727600000000000477e+02	4.727600000000000691e-01	nan	8.150489313356957047e-03	3.375523032329306398e-03	5.483092785711554803e-04
nan	4.708799999999999955e+02	4.708800000000000208e-01	nan	8.572081718457410376e-03	3.555016526827566199e-03	5.635804819557477122e-04
nan	4.781600000000000250e+02	4.781600000000000295e-01	nan	8.775575994695828178e-03	3.555501024207682707e-03	5.559835597322674997e-04
nan	4.858000000000000114e+02	4.857999999999999541e-01	nan	9.505036291820942104e-03	3.283619028304676085e-03	5.609114802593577649e-04
nan	4.951200000000000045e+02	4.951200000000000045e-01	nan	1.000697514221428677e-02	3.425255647954695420e-03	5.674626708270038861e-04
nan	4.961200000000000045e+02	4.961200000000000054e-01	nan	1.015521436155722781e-02	3.547426725147546402e-03	5.710101200684936096e-04
nan	5.059199999999999591e+02	5.059199999999999253e-01	nan	1.071059231830076910e-02	3.174323371960940075e-03	5.622974471976667152e-04
nan	5.085199999999999818e+02	5.085200000000000831e-01	nan	1.103690238296621898e-02	3.205298095187126932e-03	5.588932037785256058e-04
nan	4.076000000000000512e+01	4.075999999999999762e-02	nan	7.569338936662007721e-05	9.436245505411750001e-03	4.441717713441872936e-04
nan	6.507999999999999829e+01	6.507999999999999896e-02	nan	1.358467817794917155e-04	6.787516594723139174e-03	5.008581963664107293e-04
nan	8.656000000000000227e+01	8.655999999999999805e-02	nan	2.364471113492072336e-04	7.045859209931291771e-03	4.690193429241055513e-04
nan	1.078799999999999955e+02	1.078799999999999759e-01	nan	2.910804466375793904e-04	6.660665639800227196e-03	4.912652684620419374e-04
nan	1.244000000000000057e+02	1.243999999999999967e-01	nan	4.511710302631399697e-04	6.502371487778675803e-03	5.087746949760038606e-04
nan	1.400000000000000000e+02	1.400000000000000133e-01	nan	5.370477059886979727e-04	5.206764711871016138e-03	5.110273553283301799e-04
nan	1.594399999999999977e+02	1.594399999999999984e-01	nan	6.542787947364558975e-04	5.565967714647420891e-03	5.176101290827579910e-04
nan	1.738000000000000114e+02	1.738000000000000100e-01	nan	7.964300383036971177e-04	5.378601421369609559e-03	5.018593705085568936e-04
nan	1.877599999999999909e+02	1.877599999999999825e-01	nan	8.810784253887504660e-04	5.342383353993384980e-03	5.453117925697905429e-04
nan	1.994399999999999977e+02	1.994400000000000062e-01	nan	1.065641673676509527e-03	4.676851675984881884e-03	5.458817756770885463e-04
nan	2.088400000000000034e+02	2.088399999999999979e-01	nan	1.208358718781710238e-03	4.589805117357190559e-03	5.216713364295642473e-04
nan	2.219199999999999875e+02	2.219199999999999784e-01	nan	1.399541815158045254e-03	4.495321187923700078e-03	5.175166244559206577e-04
nan	2.335199999999999818e+02	2.335200000000000053e-01	nan	1.543456732056256451e-03	4.116444077480961236e-03	5.343842358755440843e-04
nan	2.429199999999999875e+02	2.429200000000000248e-01	nan	1.720606069120549520e-03	3.813085158511033638e-03	5.330203160192748110e-04
nan	2.529599999999999795e+02	2.529599999999999627e-01	nan	1.852024536474345924e-03	3.972390930523476103e-03	5.486317421400646252e-04
nan	2.643199999999999932e+02	2.643199999999999994e-01	nan	2.040386426324403233e-03	4.103199851025704850e-03	5.294399098392030397e-04
nan	2.757599999999999909e+02	2.757599999999999496e-01	nan	2.239068823846537305e-03	3.908594195155408804e-03	5.335265181268247434e-04
nan	2.846399999999999864e+02	2.846400000000000041e-01	nan	2.412550315802946144e-03	4.045997902658905916e-03	5.403811517650439341e-04
nan	2.840400000000000205e+02	2.840399999999999592e-01	nan	2.690020798040677376e-03	4.002132806916287519e-03	5.499253611499588332e-04
nan	2.886399999999999864e+02	2.886400000000000077e-01	nan	2.834495655197315483e-03	3.518733215782017705e-03	5.379063283249831909e-04
nan	3.027199999999999704e+02	3.027199999999999891e-01	nan	3.017888030781250633e-03	4.295134698443609303e-03	5.555583487738642232e-04
nan	3.025199999999999818e+02	3.025200000000000111e-01	nan	3.334855151742885902e-03	3.891423726172028950e-03	5.423189800707098850e-04
nan	3.120000000000000000e+02	3.119999999999999996e-01	nan	3.503846247485853556e-03	3.764629534977811422e-03	5.419806885905856589e-04
nan	3.177199999999999704e+02	3.177200000000000024e-01	nan	3.713000474963337044e-03	3.593965700472869559e-03	5.393348882870613488e-04
nan	3.257599999999999909e+02	3.257599999999999940e-01	nan	4.069242211098753753e-03	3.681890921425037995e-03	5.464770095072709125e-04
nan	3.286000000000000227e+02	3.286000000000000032e-01	nan	4.277961399566265754e-03	3.593419407639862010e-03	5.334907013933951492e-04
nan	3.369599999999999795e+02	3.369599999999999818e-01	nan	4.521058968975921744e-03	3.633105152524534857e-03	5.445888606043782724e-04
nan	3.388400000000000318e+02	3.388399999999999190e-01	nan	4.724600784875292170e-03	3.631789567907391103e-03	5.530339488787258933e-04
nan	3.593600000000000136e+02	3.593600000000000128e-01	nan	5.003740398724402898e-03	3.526969169017703069e-03	5.508635992015777473e-04
nan	3.564399999999999977e+02	3.564399999999999236e-01	nan	5.288427226578277900e-03	3.416240217729873269e-03	5.461948321293062791e-04
nan	3.631599999999999682e+02	3.631600000000000383e-01	nan	5.480484751506082934e-03	3.555228379312633941e-03	5.471842815003722044e-04
nan	3.700000000000000000e+02	3.699999999999999956e-01	nan	5.774910827285565859e-03	3.424946236041995738e-03	5.359377255226058625e-04
nan	3.730000000000000000e+02	3.729999999999999427e-01	nan	6.012883860157671768e-03	3.512510762313232442e-03	5.512730243678616972e-04
nan	3.744399999999999977e+02	3.744399999999999951e-01	nan	6.329578910108465788e-03	3.387128808171679419e-03	5.385804901206847975e-04
nan	3.830400000000000205e+02	3.830399999999999916e-01	nan	6.625215940030101773e-03	3.159267157346064454e-03	5.547021440744354494e-04
nan	3.882800000000000296e+02	3.882799999999999585e-01	nan	6.907174914913412692e-03	3.248652958237385584e-03	5.545112266073888227e-04
nan	3.928000000000000114e+02	3.927999999999999825e-01	nan	7.369313257913745648e-03	3.256029754419055566e-03	5.513399969560409163e-04
nan	3.881200000000000045e+02	3.881199999999999650e-01	nan	7.430420207765564382e-03	2.978055795140539200e-03	5.463698417512572380e-04
nan	4.017199999999999704e+02	4.017199999999999660e-01	nan	7.983684391256247459e-03	3.353009177452420490e-03	5.491937151159682982e-04
nan	6.692000000000000171e+01	6.692000000000000726e-02	nan	1.381104626182150209e-04	9.369805559304725945e-03	4.102480230042791385e-04
nan	1.045200000000000102e+02	1.045200000000000157e-01	nan	2.610858848868247151e-04	7.173995253388234725e-03	4.284841482675212252e-04
nan	1.355600000000000023e+02	1.355599999999999861e-01	nan	3.723013746343894950e-04	6.939705079287839321e-03	4.160282517165078621e-04
nan	1.606800000000000068e+02	1.606800000000000173e-01	nan	5.463306287083469215e-04	6.422176969897971759e-03	4.135597472644784610e-04
nan	1.814000000000000057e+02	1.814000000000000057e-01	nan	7.154904958360930453e-04	5.244689496223404676e-03	4.416605554958019956e-04
nan	1.974399999999999977e+02	1.974400000000000044e-01	nan	8.874236573205962052e-04	5.248372219187264105e-03	4.388605093269608249e-04
nan	2.144399999999999977e+02	2.144400000000000195e-01	nan	1.087331068890762210e-03	5.148611715479260893e-03	4.376469929543423155e-04
nan	2.323599999999999852e+02	2.323599999999999832e-01	nan	1.345104323645500768e-03	5.400931862706766576e-03	4.458594233824792505e-04
nan	2.453599999999999852e+02	2.453600000000000225e-01	nan	1.504357009403065569e-03	4.890007133790279237e-03	4.411823394862600454e-04
nan	2.580400000000000205e+02	2.580399999999999916e-01	nan	1.767949626914742337e-03	4.485612393877210294e-03	4.377076110982301943e-04
nan	2.716399999999999864e+02	2.716399999999999926e-01	nan	2.038242529056333470e-03	4.207246209649041606e-03	4.580762148588621166e-04
nan	2.775199999999999818e+02	2.775199999999999889e-01	nan	2.297927746967616189e-03	4.901853041615509936e-03	4.478473324626660907e-04
nan	2.940400000000000205e+02	2.940399999999999681e-01	nan	2.585240107969184308e-03	4.834593777677485653e-03	4.691645238551983110e-04
nan	2.993999999999999773e+02	2.993999999999999995e-01	nan	2.999475575957148872e-03	4.024492069594437157e-03	4.617769458054114253e-04
nan	3.077199999999999704e+02	3.077199999999999935e-01	nan	3.217284203351482297e-03	3.924063714047592959e-03	4.581417938126557078e-04
nan	3.323999999999999773e+02	3.324000000000000288e-01	nan	3.490689940836091271e-03	3.914768565324385288e-03	4.645985163470045813e-04
nan	3.320800000000000409e+02	3.320799999999999863e-01	nan	3.827286227101467462e-03	4.313408108025060597e-03	4.608457971879617305e-04
nan	3.428400000000000318e+02	3.428399999999999781e-01	nan	4.264534153007844622e-03	3.766601150030081304e-03	4.622265861249347631e-04
nan	3.490000000000000000e+02	3.489999999999999769e-01	nan	4.418425650605968535e-03	3.888706899778935407e-03	4.610580205146265942e-04
nan	3.588799999999999955e+02	3.588799999999999768e-01	nan	4.871717748792434542e-03	3.850677148780191125e-03	4.534259953513313890e-04
nan	3.681999999999999886e+02	3.681999999999999718e-01	nan	5.329180746148267506e-03	3.705901112739645904e-03	4.636426725317052970e-04
nan	3.750400000000000205e+02	3.750400000000000400e-01	nan	5.535322163532327942e-03	4.009538802491639971e-03	4.647658415305012209e-04
nan	3.780000000000000000e+02	3.780000000000000027e-01	nan	6.034273598788786504e-03	3.707805042730901064e-03	4.668920903026598825e-04
nan	3.941999999999999886e+02	3.941999999999999393e-01	nan	6.431902321746747926e-03	3.434913378534596405e-03	4.535917902008386698e-04
nan	3.963999999999999773e+02	3.963999999999999746e-01	nan	6.735410076407788785e-03	3.621313378218826186e-03	4.671590908148894397e-04
nan	4.034800000000000182e+02	4.034799999999999498e-01	nan	6.917237300749548221e-03	3.696531795552770224e-03	4.625701339923898132e-04
nan	4.151200000000000045e+02	4.151200000000000445e-01	nan	7.697681324689256872e-03	3.582244357827308635e-03	4.526755681651001848e-04
nan	4.245600000000000591e+02	4.245600000000000485e-01	nan	8.040477813628968753e-03	3.571149415341160795e-03	4.674708271102589671e-04
nan	4.286399999999999864e+02	4.286399999999999655e-01	nan	8.351630240704252181e-03	3.643005468297322302e-03	4.614325771744818834e-04
nan	3.713600000000000136e+02	3.713600000000000234e-01	nan	9.028135036087407000e-03	3.563078064292833549e-03	4.812706025837169789e-04
nan	2.723199999999999932e+02	2.723200000000000065e-01	nan	9.230053160445094926e-03	3.602842854515477672e-03	4.864619508188759885e-04
nan	1.668799999999999955e+02	1.668800000000000283e-01	nan	9.663546346873771314e-03	3.211970927765857818e-03	5.048737337267825403e-04
nan	5.976000000000000512e+01	5.976000000000001450e-02	nan	9.010200637503658697e-03	2.991457544043411333e-03	4.895330831075087258e-04
nan	0.000000000000000000e+00	0.000000000000000000e+00	0.000000000000000000e+00	0.000000000000000000e+00	0.000000000000000000e+00	0.000000000000000000e+00
nan	0.000000000000000000e+00	0.000000000000000000e+00	0.000000000000000000e+00	0.000000000000000000e+00	0.000000000000000000e+00	0.000000000000000000e+00
nan	0.000000000000000000e+00	0.000000000000000000e+00	0.000000000000000000e+00	0.000000000000000000e+00	0.000000000000000000e+00	0.000000000000000000e+00
nan	0.000000000000000000e+00	0.000000000000000000e+00	0.000000000000000000e+00	0.000000000000000000e+00	0.000000000000000000e+00	0.000000000000000000e+00
nan	0.000000000000000000e+00	0.000000000000000000e+00	0.000000000000000000e+00	0.000000000000000000e+00	0.000000000000000000e+00	0.000000000000000000e+00
nan	0.000000000000000000e+00	0.000000000000000000e+00	0.000000000000000000e+00	0.000000000000000000e+00	0.000000000000000000e+00	0.000000000000000000e+00
nan	4.576000000000000512e+01	4.576000000000000900e-02	nan	9.623645381907408103e-05	8.821967543579296162e-03	3.775561128228232697e-04
nan	7.428000000000000114e+01	7.427999999999999881e-02	nan	1.660897519127502316e-04	8.372724610754684466e-03	4.126132299162810430e-04
nan	9.715999999999999659e+01	9.716000000000001025e-02	nan	2.715879061315717947e-04	6.026213202968840402e-03	4.050396026722281992e-04
nan	1.237999999999999972e+02	1.237999999999999934e-01	nan	3.807975206859737140e-04	6.889002816688498052e-03	4.366883928553989998e-04
nan	1.471999999999999886e+02	1.471999999999999975e-01	nan	5.060223823033992933e-04	6.249755517497322839e-03	4.322487289637070369e-04
nan	1.688799999999999955e+02	1.688800000000000023e-01	nan	6.327464405990213545e-04	5.224182330048279463e-03	4.260593891230723680e-04
nan	1.849599999999999795e+02	1.849600000000000133e-01	nan	7.500256664502558514e-04	5.244239842271210608e-03	4.168375411242873402e-04
nan	1.959200000000000159e+02	1.959200000000000386e-01	nan	9.125997475439361984e-04	5.150149763770724316e-03	4.326499696452301138e-04
nan	2.069199999999999875e+02	2.069199999999999928e-01	nan	1.078807312987919423e-03	4.663767660612372183e-03	4.319133465933844415e-04
nan	2.184399999999999977e+02	2.184400000000000230e-01	nan	1.248349365064314008e-03	4.757837330229870362e-03	4.411437663165425176e-04
nan	2.329199999999999875e+02	2.329199999999999604e-01	nan	1.431650866506970366e-03	4.720911541595294164e-03	4.277653299965068811e-04
nan	2.410400000000000205e+02	2.410400000000000043e-01	nan	1.623933677265085957e-03	4.135022111727408058e-03	4.528835504122005794e-04
nan	2.430400000000000205e+02	2.430399999999999783e-01	nan	1.783756525887838324e-03	4.056487476225037817e-03	4.266927761462059533e-04
nan	2.555999999999999943e+02	2.555999999999999939e-01	nan	1.956646239709698525e-03	4.335469487695585086e-03	4.420492947314711850e-04
nan	2.665600000000000023e+02	2.665600000000000191e-01	nan	2.209112916566482489e-03	4.081648480800231446e-03	4.506315834739017920e-04
nan	2.809599999999999795e+02	2.809599999999999875e-01	nan	2.465050206255909801e-03	4.204140845535055473e-03	4.433905783395537597e-04
nan	2.866399999999999864e+02	2.866400000000000059e-01	nan	2.630027920185966546e-03	4.322021071302091511e-03	4.504874480939855398e-04
nan	2.974399999999999977e+02	2.974400000000000377e-01	nan	2.981725663244105644e-03	3.851587683448491443e-03	4.572598838018957163e-04
nan	3.037599999999999909e+02	3.037600000000000300e-01	nan	3.056610628841553885e-03	3.864722602721613193e-03	4.520550714777338145e-04
nan	3.065199999999999818e+02	3.065200000000000147e-01	nan	3.368117800564505212e-03	3.995244884418759808e-03	4.453726316717263501e-04
nan	3.163199999999999932e+02	3.163199999999999901e-01	nan	3.645881636921330902e-03	3.770964719234092769e-03	4.534798682351501298e-04
nan	3.228400000000000318e+02	3.228399999999999603e-01	nan	3.878575612870918069e-03	3.786785584949174579e-03	4.548496784949229601e-04
nan	3.363600000000000136e+02	3.363599999999999368e-01	nan	4.151918815723546971e-03	3.517989310421439867e-03	4.650401189353376048e-04
nan	3.363600000000000136e+02	3.363599999999999368e-01	nan	4.481443810900600025e-03	3.407387145156782864e-03	4.622094149507460651e-04
nan	3.382800000000000296e+02	3.382799999999999696e-01	nan	4.709314354868184352e-03	3.787510512686972745e-03	4.642492993924744282e-04
nan	3.515199999999999818e+02	3.515199999999999991e-01	nan	4.884119086627834380e-03	3.702461674419087190e-03	4.579770844556567519e-04
nan	3.588799999999999955e+02	3.588799999999999768e-01	nan	5.297875987644147522e-03	3.646252784208318942e-03	4.679286831854945553e-04
nan	3.660000000000000000e+02	3.659999999999999920e-01	nan	5.669020430332238902e-03	3.611116325188477860e-03	4.547836198676638705e-04
nan	3.721200000000000045e+02	3.721200000000000618e-01	nan	5.806687831463932040e-03	3.529912465300053762e-03	4.525745024515954876e-04
nan	3.718000000000000114e+02	3.718000000000000194e-01	nan	6.263513104531740101e-03	3.484335484849782581e-03	4.513471140541572323e-04
nan	3.809199999999999591e+02	3.809200000000000363e-01	nan	6.400512046056974769e-03	3.546117806774449870e-03	4.604767841181280942e-04
nan	3.893600000000000136e+02	3.893600000000000394e-01	nan	6.917725521625469817e-03	3.402482087345168934e-03	4.579254980887336466e-04
nan	3.901200000000000045e+02	3.901200000000000223e-01	nan	7.089340978918698237e-03	3.454559580392509068e-03	4.620682982218099260e-04
nan	3.991200000000000045e+02	3.991200000000000303e-01	nan	7.401527919582803761e-03	3.259513839609407080e-03	4.757178674843731930e-04
nan	4.077199999999999704e+02	4.077199999999999713e-01	nan	7.813601764200938521e-03	3.044845747877389375e-03	4.635193084245479642e-04
nan	4.073999999999999773e+02	4.073999999999999844e-01	nan	8.099387126794681951e-03	3.132181118897677669e-03	4.690225726480574822e-04
nan	4.229199999999999591e+02	4.229199999999999626e-01	nan	8.467317173881383496e-03	3.317590412858670897e-03	4.626870966632395704e-04
nan	4.209199999999999591e+02	4.209200000000000164e-01	nan	8.871102910761692259e-03	3.335779462191260612e-03	4.679505758343286423e-04
nan	4.233999999999999773e+02	4.233999999999999986e-01	nan	9.313218342776962907e-03	3.420252151484040083e-03	4.634117425170964722e-04
nan	3.456000000000000227e+01	3.456000000000000044e-02	nan	5.478267434227745763e-05	9.785328099427849022e-03	3.765916864790785109e-04
nan	5.183999999999999631e+01	5.183999999999999719e-02	nan	1.290366712009927239e-04	8.106123779133000973e-03	3.906942386162875059e-04
nan	6.847999999999998977e+01	6.847999999999999921e-02	nan	1.915275873625432712e-04	7.482193769081627206e-03	4.253884004537934575e-04
nan	9.187999999999999545e+01	9.188000000000000334e-02	nan	2.329211142807707747e-04	5.583082531998571560e-03	4.203500728035940983e-04
nan	1.005999999999999943e+02	1.005999999999999950e-01	nan	3.405135570073980207e-04	5.314634872039171280e-03	4.279901175390612750e-04
nan	1.193200000000000074e+02	1.193200000000000233e-01	nan	4.546776950951425880e-04	5.243657076357789541e-03	4.284054514123992975e-04
nan	1.289200000000000159e+02	1.289199999999999791e-01	nan	5.494249977778054364e-04	5.185471644689994622e-03	4.145276738147645476e-04
nan	1.418000000000000114e+02	1.417999999999999816e-01	nan	6.423981340708451084e-04	4.874149488239119636e-03	4.147173492687393037e-04
nan	1.567599999999999909e+02	1.567600000000000104e-01	nan	7.416750986544684001e-04	5.202397861341763637e-03	4.209155320958157635e-04
nan	1.649200000000000159e+02	1.649200000000000110e-01	nan	8.914330358220468953e-04	4.381528656860637048e-03	4.382290416070413748e-04
nan	1.773599999999999852e+02	1.773600000000000176e-01	nan	1.022591671276131898e-03	4.345315303409869913e-03	4.189991657801373707e-04
nan	1.839599999999999795e+02	1.839600000000000124e-01	nan	1.110005348746199083e-03	4.327764818624078684e-03	4.450754609795634577e-04
nan	1.940799999999999841e+02	1.940800000000000025e-01	nan	1.270835752438870215e-03	4.482940331382115687e-03	4.432644222618688798e-04
nan	2.050800000000000125e+02	2.050799999999999845e-01	nan	1.424760860040805675e-03	4.204656747669122119e-03	4.366605495278105820e-04
nan	2.100000000000000000e+02	2.100000000000000200e-01	nan	1.555425106703296409e-03	3.817341505558885691e-03	4.432323782864139132e-04
nan	2.185999999999999943e+02	2.185999999999999888e-01	nan	1.688719820367623426e-03	3.795336684436551554e-03	4.413159228672615180e-04
nan	2.253199999999999932e+02	2.253199999999999648e-01	nan	1.915874564756450075e-03	3.755891644518050826e-03	4.378893610570428331e-04
nan	2.366800000000000068e+02	2.366800000000000015e-01	nan	1.958605692966557382e-03	3.736014747751086051e-03	4.373050721694331103e-04
nan	2.378800000000000239e+02	2.378800000000000081e-01	nan	2.254422255346071394e-03	3.844797265513007038e-03	4.556272577786365510e-04
nan	2.374399999999999977e+02	2.374400000000000122e-01	nan	2.424187941942363908e-03	3.997216725057446858e-03	4.493001316549366519e-04
nan	2.509599999999999795e+02	2.509599999999999609e-01	nan	2.653533246675578855e-03	3.917203403380491514e-03	4.518480291236243304e-04
nan	2.531999999999999886e+02	2.531999999999999806e-01	nan	2.766585708241109214e-03	3.553289359683990765e-03	4.359969521830680877e-04
nan	2.626399999999999864e+02	2.626399999999999846e-01	nan	2.926963749687274373e-03	3.862536837454284919e-03	4.501251625563218689e-04
nan	2.666399999999999864e+02	2.666400000000000436e-01	nan	3.082220977075849147e-03	3.556626420186699469e-03	4.489209976837354901e-04
nan	2.741999999999999886e+02	2.741999999999999993e-01	nan	3.362253956420317887e-03	3.581943873860675420e-03	4.564572794343734374e-04
nan	2.809599999999999795e+02	2.809599999999999875e-01	nan	3.611626828460430625e-03	3.507428946618805412e-03	4.623637153573729791e-04
nan	2.822400000000000091e+02	2.822399999999999354e-01	nan	3.713530769637145290e-03	3.626083412595529354e-03	4.557313582746631560e-04
nan	2.758799999999999955e+02	2.758800000000000141e-01	nan	3.968383186766004378e-03	3.617875800898924434e-03	4.497512961800951767e-04
nan	2.926000000000000227e+02	2.926000000000000822e-01	nan	4.198228770565038022e-03	3.399220170072447117e-03	4.646387607418612890e-04
nan	2.943999999999999773e+02	2.944000000000000505e-01	nan	4.305917939700520773e-03	3.607925726890995419e-03	4.542813165519314872e-04
nan	2.951599999999999682e+02	2.951599999999999779e-01	nan	4.511683425598675932e-03	3.681840789777834303e-03	4.482909321393906371e-04
nan	3.026399999999999864e+02	3.026399999999999646e-01	nan	4.775466076798693185e-03	3.212540855032430115e-03	4.618649715643284278e-04
nan	3.102400000000000091e+02	3.102399999999999602e-01	nan	4.932363885318409233e-03	3.386843638160223942e-03	4.552335232889367965e-04
nan	3.154800000000000182e+02	3.154799999999999827e-01	nan	5.292941202296787620e-03	3.318803529011780939e-03	4.487485187809455637e-04
nan	3.220000000000000000e+02	3.219999999999999529e-01	nan	5.450738193485449128e-03	3.268798565888378534e-03	4.567646966568839474e-04
nan	3.247199999999999704e+02	3.247199999999999531e-01	nan	5.710624606363125591e-03	3.284584140896894093e-03	4.619327870829437644e-04
nan	3.280400000000000205e+02	3.280399999999999983e-01	nan	5.876677820051554729e-03	3.436443838733858371e-03	4.571958550394111570e-04
nan	3.393600000000000136e+02	3.393599999999999950e-01	nan	6.174490317271193185e-03	3.034442716068909938e-03	4.437700132438215277e-04
nan	3.385199999999999818e+02	3.385200000000000431e-01	nan	6.349451370997486084e-03	3.375830213709240211e-03	4.628769216919849730e-04
nan	4.932000000000000028e+01	4.932000000000000273e-02	nan	1.150310221680683694e-04	9.854337919922923766e-03	3.030394840586392107e-04
nan	7.971999999999999886e+01	7.971999999999998532e-02	nan	2.146073359665478901e-04	6.646008686054678469e-03	3.322076295156577543e-04
nan	1.045999999999999943e+02	1.045999999999999985e-01	nan	3.160071233276085271e-04	7.443139898579104012e-03	3.516307792562204434e-04
nan	1.253200000000000074e+02	1.253200000000000147e-01	nan	4.384811977365643781e-04	5.760469465173837650e-03	3.250080499691338138e-04
nan	1.458400000000000034e+02	1.458399999999999974e-01	nan	5.433856223339717526e-04	5.652903541643376772e-03	3.305414604007894381e-04
nan	1.627199999999999989e+02	1.627199999999999758e-01	nan	7.103540855860046013e-04	5.675760176476739652e-03	3.439547192283886994e-04
nan	1.724000000000000057e+02	1.723999999999999699e-01	nan	8.895358463291813244e-04	5.074721884256237596e-03	3.434253539254762872e-04
nan	1.799599999999999795e+02	1.799599999999999811e-01	nan	1.078332705671982642e-03	4.802994176703470099e-03	3.560588633812739436e-04
nan	1.935999999999999943e+02	1.935999999999999943e-01	nan	1.199875825400340511e-03	4.817905240109344664e-03	3.633105449077068364e-04
nan	2.100000000000000000e+02	2.100000000000000200e-01	nan	1.430023009638716792e-03	4.622582961425707355e-03	3.550259551574976610e-04
nan	2.140800000000000125e+02	2.140799999999999925e-01	nan	1.675189998845780931e-03	4.304208295162907476e-03	3.502154772982839248e-04
nan	2.208400000000000034e+02	2.208400000000000085e-01	nan	1.802037638949514214e-03	4.407725445738129057e-03	3.563009248235059039e-04
nan	2.281599999999999966e+02	2.281600000000000017e-01	nan	2.062668179032698529e-03	4.250663709358443523e-03	3.552786326543878577e-04
nan	2.387599999999999909e+02	2.387600000000000000e-01	nan	2.322172575563854341e-03	4.018491346521899620e-03	3.558017923818867665e-04
nan	2.480800000000000125e+02	2.480800000000000227e-01	nan	2.552384958889888054e-03	3.919984223794517261e-03	3.544930037512166181e-04
nan	2.639599999999999795e+02	2.639600000000000279e-01	nan	2.795037444516310695e-03	4.105306535045534326e-03	3.569823757593168284e-04
nan	2.575199999999999818e+02	2.575199999999999712e-01	nan	3.027892045411135699e-03	3.898001266787112264e-03	3.650963728097335261e-04
nan	2.712400000000000091e+02	2.712399999999999811e-01	nan	3.345828408650959769e-03	3.399213085631822701e-03	3.623011083741429247e-04
nan	2.746800000000000068e+02	2.746799999999999797e-01	nan	3.488473787310795299e-03	3.805077324977991591e-03	3.675469488544224500e-04
nan	2.831200000000000045e+02	2.831199999999999828e-01	nan	3.933098440338653884e-03	3.507068511009690196e-03	3.625516761737816447e-04
nan	2.927599999999999909e+02	2.927600000000000202e-01	nan	3.991665140802069800e-03	3.841369155094687821e-03	3.692932620569434497e-04
nan	2.981200000000000045e+02	2.981200000000000516e-01	nan	4.294257659284994762e-03	4.026428510032251974e-03	3.582323966822303528e-04
nan	3.095199999999999818e+02	3.095200000000000173e-01	nan	4.839384225815592314e-03	3.587474825039064195e-03	3.799342911420287914e-04
nan	3.122400000000000091e+02	3.122399999999999620e-01	nan	4.998773033848919953e-03	3.739672415025288750e-03	3.664218289896644244e-04
nan	3.213600000000000136e+02	3.213599999999999790e-01	nan	5.186889163633167862e-03	3.736221834254818078e-03	3.658118267479420365e-04
nan	3.178000000000000114e+02	3.177999999999999714e-01	nan	5.773711742349405852e-03	3.804204492299396393e-03	3.620550199032180868e-04
nan	3.286800000000000068e+02	3.286800000000000277e-01	nan	6.063887595973938179e-03	3.669844709830521849e-03	3.755115430402248514e-04
nan	3.340800000000000409e+02	3.340800000000000436e-01	nan	6.303363087936305134e-03	3.426123913555985303e-03	3.699188237061459936e-04
nan	3.478000000000000114e+02	3.477999999999999980e-01	nan	6.579995461070212333e-03	3.346047952240076284e-03	3.668194472281632477e-04
nan	3.003600000000000136e+02	3.003600000000000159e-01	nan	6.803016203966763889e-03	3.265575278545117255e-03	3.787989054016967726e-04
nan	2.200000000000000000e+02	2.200000000000000289e-01	nan	7.274609090009107396e-03	3.363567382142550275e-03	3.844695368187279463e-04
nan	1.321200000000000045e+02	1.321199999999999875e-01	nan	7.438777224924706180e-03	3.348726050225109448e-03	4.066895662794031523e-04
nan	4.871999999999999886e+01	4.872000000000000636e-02	nan	7.747987040893349053e-03	2.758373753362987173e-03	3.657369027058517152e-04
nan	0.000000000000000000e+00	0.000000000000000000e+00	0.000000000000000000e+00	0.000000000000000000e+00	0.000000000000000000e+00	0.000000000000000000e+00
nan	0.000000000000000000e+00	0.000000000000000000e+00	0.000000000000000000e+00	0.000000000000000000e+00	0.000000000000000000e+00	0.000000000000000000e+00
nan	0.000000000000000000e+00	0.000000000000000000e+00	0.000000000000000000e+00	0.000000000000000000e+00	0.000000000000000000e+00	0.000000000000000000e+00
nan	0.000000000000000000e+00	0.000000000000000000e+00	0.000000000000000000e+00	0.000000000000000000e+00	0.000000000000000000e+00	0.000000000000000000e+00
nan	0.000000000000000000e+00	0.000000000000000000e+00	0.000000000000000000e+00	0.000000000000000000e+00	0.000000000000000000e+00	0.000000000000000000e+00
nan	0.000000000000000000e+00	0.000000000000000000e+00	0.000000000000000000e+00	0.000000000000000000e+00	0.000000000000000000e+00	0.000000000000000000e+00
nan	3.579999999999999716e+01	3.579999999999999849e-02	nan	8.497909457844343923e-05	9.319295065257013344e-03	3.014392483408023207e-04
nan	5.992000000000000171e+01	5.991999999999999410e-02	nan	1.345680929375703218e-04	5.898156605901004601e-03	3.212390817747116955e-04
nan	8.159999999999999432e+01	8.160000000000000586e-02	nan	1.828176807282488837e-04	7.370253309076095667e-03	3.358276106117165935e-04
nan	9.900000000000000000e+01	9.899999999999999079e-02	nan	3.206275067645947296e-04	6.284716983327341515e-03	3.430087160786449542e-04
nan	1.147199999999999989e+02	1.147200000000000025e-01	nan	3.689254495520799516e-04	6.017287169618785667e-03	3.316512923315215926e-04
nan	1.301599999999999966e+02	1.301599999999999979e-01	nan	4.893807308098985795e-04	5.651622356928888598e-03	3.410066044352053180e-04
nan	1.431999999999999886e+02	1.431999999999999940e-01	nan	6.268584355643725412e-04	5.253797381948124325e-03	3.413046668631580750e-04
nan	1.568799999999999955e+02	1.568799999999999917e-01	nan	7.493165779055743943e-04	4.946557819453347056e-03	3.607982126830048988e-04
nan	1.654399999999999977e+02	1.654400000000000037e-01	nan	8.917704408258942967e-04	4.866305638290589243e-03	3.474103151221792011e-04
nan	1.741599999999999966e+02	1.741600000000000092e-01	nan	9.563196686485752728e-04	4.792322637168345764e-03	3.565050219364860641e-04
nan	1.812800000000000011e+02	1.812799999999999967e-01	nan	1.175241333662597597e-03	4.664388736067762511e-03	3.499107819321066177e-04
nan	1.968400000000000034e+02	1.968400000000000150e-01	nan	1.278157894098512926e-03	4.597823791432734467e-03	3.503649273212534583e-04
nan	1.998799999999999955e+02	1.998800000000000299e-01	nan	1.494632299059048871e-03	4.613011393289222564e-03	3.560758911995166040e-04
nan	2.048000000000000114e+02	2.047999999999999543e-01	nan	1.628283050390564451e-03	4.246953183788750204e-03	3.453241832316639344e-04
nan	2.124800000000000182e+02	2.124799999999999467e-01	nan	1.731265358475866240e-03	4.008849242956542998e-03	3.538050416431278073e-04
nan	2.226400000000000148e+02	2.226400000000000323e-01	nan	1.838919805891237047e-03	4.367861149949638436e-03	3.492421625665462041e-04
nan	2.264399999999999977e+02	2.264400000000000301e-01	nan	2.064492931554013852e-03	4.106140742371430265e-03	3.587224377850015133e-04
nan	2.285600000000000023e+02	2.285599999999999576e-01	nan	2.249258023889524113e-03	3.912883580643206072e-03	3.555647395838124861e-04
nan	2.464000000000000057e+02	2.464000000000000079e-01	nan	2.557973528246293340e-03	4.169378124064628856e-03	3.608068259393302493e-04
nan	2.488000000000000114e+02	2.487999999999999656e-01	nan	2.672733483459523770e-03	3.769967302570404431e-03	3.688733198014546629e-04
nan	2.414800000000000182e+02	2.414800000000000557e-01	nan	2.760576993105132680e-03	3.414686391805292313e-03	3.554047529421375945e-04
nan	2.577599999999999909e+02	2.577599999999999891e-01	nan	2.949683940832983388e-03	3.412697771706650531e-03	3.560380858200048928e-04
nan	2.596800000000000068e+02	2.596800000000000219e-01	nan	3.348911071534530458e-03	3.496581843909742776e-03	3.590746605402242138e-04
nan	2.654800000000000182e+02	2.654799999999999938e-01	nan	3.461402838856884271e-03	3.414882845517734546e-03	3.613535940854841703e-04
nan	2.850000000000000000e+02	2.850000000000000311e-01	nan	3.732284195521060922e-03	3.866182548590600156e-03	3.665573249058215878e-04
nan	2.729199999999999591e+02	2.729199999999999404e-01	nan	4.071015493173036140e-03	3.237545744518179839e-03	3.591957402302480614e-04
nan	2.826399999999999864e+02	2.826400000000000023e-01	nan	4.238519630298469287e-03	3.542459968132810437e-03	3.629354490579341148e-04
nan	2.873999999999999773e+02	2.873999999999999888e-01	nan	4.467064763557572829e-03	3.473907109686669072e-03	3.669413226945356121e-04
nan	2.941200000000000045e+02	2.941200000000000481e-01	nan	4.642581297830474484e-03	3.540562591665043050e-03	3.701441219736443318e-04
nan	3.038400000000000318e+02	3.038399999999999990e-01	nan	4.967188266055018279e-03	3.292479025576440337e-03	3.746935374238469056e-04
nan	3.061599999999999682e+02	3.061599999999999877e-01	nan	5.249730217446994633e-03	3.285620529488238357e-03	3.621560851690482801e-04
nan	3.120800000000000409e+02	3.120800000000000241e-01	nan	5.332580068052266038e-03	3.591950439971560056e-03	3.661645837819899659e-04
nan	3.150000000000000000e+02	3.150000000000000022e-01	nan	5.703169336120481395e-03	3.401876576096726171e-03	3.698092059102593525e-04
nan	3.169599999999999795e+02	3.169600000000000195e-01	nan	6.029248801687572303e-03	3.473716494658899735e-03	3.650738326367645417e-04
nan	3.232400000000000091e+02	3.232399999999999718e-01	nan	5.991036846280621900e-03	2.903597723787875069e-03	3.735385472123980348e-04
nan	3.183199999999999932e+02	3.183200000000000474e-01	nan	6.544505956044303560e-03	3.143317836197592578e-03	3.709646304952590777e-04
nan	3.387199999999999704e+02	3.387200000000000211e-01	nan	6.793379962155085203e-03	3.638237540581006936e-03	3.657518493326877731e-04
nan	3.339199999999999591e+02	3.339199999999999391e-01	nan	6.989467823941594715e-03	3.477921357452415894e-03	3.621622683238927471e-04
nan	3.446399999999999864e+02	3.446399999999999464e-01	nan	7.360663683948586930e-03	3.260709880668251522e-03	3.737606466264121368e-04
nan	2.435999999999999943e+01	2.435999999999999971e-02	nan	6.664076491574632893e-05	9.040574322335605262e-03	3.121509250787534253e-04
nan	4.083999999999999631e+01	4.084000000000000130e-02	nan	1.060695108458276114e-04	9.373361496597327688e-03	2.967906809649106087e-04
nan	5.467999999999999261e+01	5.467999999999999250e-02	nan	1.630664507035817288e-04	6.876464092125667005e-03	3.090937799275309547e-04
nan	6.392000000000000171e+01	6.392000000000000459e-02	nan	1.918120763684782993e-04	5.614709070772878723e-03	3.302454728760835121e-04
nan	7.940000000000000568e+01	7.939999999999999836e-02	nan	2.750320723021104576e-04	5.983953290218202090e-03	3.448313384866282449e-04
nan	8.752000000000001023e+01	8.751999999999998670e-02	nan	3.617755607683647927e-04	5.221016604481243037e-03	3.229589896953655170e-04
nan	1.035200000000000102e+02	1.035200000000000148e-01	nan	4.033493314568659181e-04	5.188834550492646067e-03	3.342369509820025805e-04
nan	1.137199999999999989e+02	1.137200000000000016e-01	nan	5.278482437006459587e-04	5.463353227199223630e-03	3.472262370924626999e-04
nan	1.197199999999999989e+02	1.197200000000000070e-01	nan	6.037077956261782067e-04	4.876401304114184182e-03	3.447719216871053365e-04
nan	1.280799999999999841e+02	1.280799999999999994e-01	nan	7.123572333648552687e-04	4.470585073389770833e-03	3.394866177785854579e-04
nan	1.364000000000000057e+02	1.364000000000000212e-01	nan	7.907191988670092889e-04	4.668794577310222613e-03	3.322959284798018614e-04
nan	1.509599999999999795e+02	1.509600000000000108e-01	nan	9.238958554760757103e-04	4.172840878163113117e-03	3.377814247966723360e-04
nan	1.516800000000000068e+02	1.516799999999999815e-01	nan	1.014616144925639717e-03	4.408177785371796345e-03	3.542944812812591558e-04
nan	1.606800000000000068e+02	1.606799999999999895e-01	nan	1.117599581452850431e-03	3.834243757663518930e-03	3.502230393196793866e-04
nan	1.633599999999999852e+02	1.633600000000000052e-01	nan	1.218953546899683793e-03	4.191601383847208886e-03	3.471630889869402629e-04
nan	1.729599999999999795e+02	1.729600000000000026e-01	nan	1.379239446328028775e-03	3.911786594699194833e-03	3.540667201278215178e-04
nan	1.820400000000000205e+02	1.820400000000000074e-01	nan	1.410056472645919825e-03	4.158551934796865697e-03	3.412774508318095119e-04
nan	1.849200000000000159e+02	1.849199999999999733e-01	nan	1.614120205017570767e-03	4.232239131753940710e-03	3.555500852694843945e-04
nan	1.880000000000000000e+02	1.879999999999999727e-01	nan	1.765786280029715220e-03	3.550117540724222111e-03	3.556563592737693020e-04
nan	1.968000000000000114e+02	1.968000000000000027e-01	nan	1.789807172472137513e-03	3.777159127835767131e-03	3.538185995827351250e-04
nan	2.062400000000000091e+02	2.062399999999999789e-01	nan	2.105181614360844989e-03	3.976738563458035933e-03	3.626575305067911191e-04
nan	2.050800000000000125e+02	2.050799999999999845e-01	nan	2.093228191415619395e-03	3.471525158247252586e-03	3.445550136841454749e-04
nan	2.075199999999999818e+02	2.075199999999999823e-01	nan	2.286486700404566277e-03	3.744936844629333846e-03	3.597562079916688397e-04
nan	2.154399999999999977e+02	2.154399999999999926e-01	nan	2.444892767261990212e-03	3.491855881075605576e-03	3.677614605461412942e-04
nan	2.140800000000000125e+02	2.140799999999999648e-01	nan	2.495952963799936627e-03	3.387061500597719765e-03	3.539024283617716324e-04
nan	2.214800000000000182e+02	2.214799999999999824e-01	nan	2.762340188219241256e-03	3.723225677368695134e-03	3.573152705182889525e-04
nan	2.242800000000000296e+02	2.242799999999999794e-01	nan	2.923213460244369118e-03	3.482851072213576180e-03	3.566571819391710558e-04
nan	2.257599999999999909e+02	2.257600000000000162e-01	nan	3.077689881374680910e-03	3.251493504812146777e-03	3.620345450752188578e-04
nan	2.375999999999999943e+02	2.376000000000000334e-01	nan	3.347006112935559802e-03	3.259283477663682017e-03	3.637453821647963987e-04
nan	2.335600000000000023e+02	2.335599999999999898e-01	nan	3.385871500213397979e-03	3.348550614344475949e-03	3.667829815356527358e-04
nan	2.434800000000000182e+02	2.434800000000000020e-01	nan	3.626577500026542059e-03	3.578076322832600409e-03	3.653142657576471638e-04
nan	2.432400000000000091e+02	2.432399999999999840e-01	nan	3.751770783410392739e-03	2.956421540026171659e-03	3.552945736241816055e-04
nan	2.472400000000000091e+02	2.472399999999999598e-01	nan	3.925680370848567968e-03	3.324558814786458816e-03	3.728162900807962328e-04
nan	2.501599999999999966e+02	2.501599999999999935e-01	nan	4.181268729935254738e-03	3.111371050962442094e-03	3.673258674940349912e-04
nan	2.460000000000000000e+02	2.459999999999999964e-01	nan	4.371487876023820614e-03	3.437327527886079037e-03	3.627248628670218440e-04
nan	2.603600000000000136e+02	2.603599999999999803e-01	nan	4.457586247644940505e-03	3.121860024247441467e-03	3.601393460223512228e-04
nan	2.588000000000000114e+02	2.588000000000000300e-01	nan	4.498946363246432260e-03	3.263621459665058590e-03	3.709688532538090279e-04
nan	2.724800000000000182e+02	2.724799999999999445e-01	nan	4.905991744417406361e-03	3.262371941645204974e-03	3.682701270363923337e-04
nan	2.696399999999999864e+02	2.696399999999999908e-01	nan	5.065574772543187179e-03	3.421650523314358899e-03	3.648216690289490306e-04
