# SourcePhotonFlux	NumberRaysSurvived	PercentageRaysSurvived	PhotonFlux	Bandwidth	HorizontalFocusFWHM	VerticalFocusFWHM
nan	1.000000000000000000e+05	1.000000000000000000e+02	nan	9.961099771733117336e-02	1.109755300932096511e-01	1.043473144782061934e-01
nan	1.000000000000000000e+05	1.000000000000000000e+02	nan	1.491354798861692643e-01	9.500718554403289606e-02	8.480484346243040428e-02
nan	1.000000000000000000e+05	1.000000000000000000e+02	nan	1.997157167704415315e-01	7.803789693736334909e-02	7.626041877788733436e-02
nan	1.000000000000000000e+05	1.000000000000000000e+02	nan	2.494160473600146588e-01	7.575616479462654596e-02	6.344059189240405794e-02
nan	1.000000000000000000e+05	1.000000000000000000e+02	nan	2.994860905937741791e-01	7.073466706220982170e-02	6.166735773139177951e-02
nan	1.000000000000000000e+05	1.000000000000000000e+02	nan	3.481083429132780793e-01	6.588847919412717247e-02	5.408157958349445876e-02
nan	1.000000000000000000e+05	1.000000000000000000e+02	nan	3.990137987203468128e-01	6.604893452011040278e-02	5.391689362813373299e-02
nan	1.000000000000000000e+05	1.000000000000000000e+02	nan	4.497045052772534746e-01	6.368547340235979071e-02	4.816478978665136856e-02
nan	1.000000000000000000e+05	1.000000000000000000e+02	nan	4.989367089917351450e-01	5.940301768298496266e-02	4.831651033819983621e-02
nan	1.000000000000000000e+05	1.000000000000000000e+02	nan	5.492802626601189786e-01	5.724094920503092210e-02	4.474796476890742503e-02
nan	1.000000000000000000e+05	1.000000000000000000e+02	nan	5.997358191522152993e-01	5.525652653977564110e-02	4.275839254962229830e-02
nan	1.000000000000000000e+05	1.000000000000000000e+02	nan	6.480225117570057591e-01	5.545157704595844728e-02	3.991690158241810449e-02
nan	1.000000000000000000e+05	1.000000000000000000e+02	nan	5.877226623944573625e-01	5.350136727633612865e-02	4.111983588565463338e-02
nan	1.000000000000000000e+05	1.000000000000000000e+02	nan	7.479940166579694960e-01	5.486943179036306295e-02	3.649091200916672328e-02
nan	1.000000000000000000e+05	1.000000000000000000e+02	nan	7.993187252368727513e-01	5.630636314917000784e-02	3.687771053546932271e-02
nan	1.000000000000000000e+05	1.000000000000000000e+02	nan	8.486904135531005977e-01	5.147839021510548091e-02	3.737486739492870691e-02
nan	1.000000000000000000e+05	1.000000000000000000e+02	nan	8.976238153332758429e-01	5.034909367718482659e-02	3.655793539594715674e-02
nan	1.000000000000000000e+05	1.000000000000000000e+02	nan	9.493147866837148285e-01	5.010182830150630012e-02	3.338359254676651067e-02
nan	1.000000000000000000e+05	1.000000000000000000e+02	nan	9.956801581273850843e-01	4.917978039988375738e-02	3.276565079874650677e-02
nan	1.000000000000000000e+05	1.000000000000000000e+02	nan	9.658813493605060696e-01	4.795345117637782317e-02	3.130753717427747773e-02
nan	1.000000000000000000e+05	1.000000000000000000e+02	nan	1.099152847420498347e+00	4.979659629557978140e-02	3.213402097531103258e-02
nan	1.000000000000000000e+05	1.000000000000000000e+02	nan	1.142347297239609816e+00	5.001784162549107599e-02	3.088291821296220915e-02
nan	1.000000000000000000e+05	1.000000000000000000e+02	nan	1.198062221708823927e+00	4.989631519647924618e-02	2.997589934097436015e-02
nan	1.000000000000000000e+05	1.000000000000000000e+02	nan	1.247998092049272145e+00	4.814787370436794667e-02	3.088167505094589413e-02
nan	1.000000000000000000e+05	1.000000000000000000e+02	nan	1.298062385611331138e+00	4.812183375866946333e-02	2.790524142103060698e-02
nan	1.000000000000000000e+05	1.000000000000000000e+02	nan	1.345132827588940927e+00	4.735100026629154163e-02	2.805383821294314337e-02
nan	1.000000000000000000e+05	1.000000000000000000e+02	nan	1.398453789050279283e+00	4.731180120983887599e-02	2.835423793332433537e-02
nan	1.000000000000000000e+05	1.000000000000000000e+02	nan	1.428805782705751426e+00	4.656393131969773641e-02	2.664314789510303233e-02
nan	1.000000000000000000e+05	1.000000000000000000e+02	nan	1.493679332289786998e+00	4.677028225721432259e-02	2.667369737861959716e-02
nan	1.000000000000000000e+05	1.000000000000000000e+02	nan	1.546688866030706322e+00	4.562449501262044738e-02	2.780545556711025781e-02
nan	1.000000000000000000e+05	1.000000000000000000e+02	nan	1.598947670935785936e+00	4.502927940049695349e-02	2.786340614220499112e-02
nan	1.000000000000000000e+05	1.000000000000000000e+02	nan	1.647432976398022220e+00	4.715760439139935617e-02	2.603521047055203444e-02
nan	1.000000000000000000e+05	1.000000000000000000e+02	nan	1.698518508620907141e+00	4.652682385216973249e-02	2.572641388035874430e-02
nan	1.000000000000000000e+05	1.000000000000000000e+02	nan	1.605562495760862296e+00	4.532779454153036680e-02	2.595292090139842203e-02
nan	1.000000000000000000e+05	1.000000000000000000e+02	nan	1.797427041945468318e+00	4.506164024006589774e-02	2.513374848798404643e-02
nan	1.000000000000000000e+05	1.000000000000000000e+02	nan	1.846428417599327076e+00	4.662886676404947445e-02	2.368780174685667511e-02
nan	1.000000000000000000e+05	1.000000000000000000e+02	nan	1.894103930761787069e+00	4.790525607991812790e-02	2.445180252099612636e-02
nan	1.000000000000000000e+05	1.000000000000000000e+02	nan	1.940325646251721992e+00	4.368205840621155328e-02	2.458303366887603855e-02
nan	1.000000000000000000e+05	1.000000000000000000e+02	nan	1.997895355487514735e+00	4.370487149415988593e-02	2.538486585994858408e-02
nan	1.000000000000000000e+05	1.000000000000000000e+02	nan	9.984421059931491982e-02	1.102068231580266983e-01	1.128036547006491391e-01
nan	1.000000000000000000e+05	1.000000000000000000e+02	nan	1.497425097735245458e-01	8.828826674631909399e-02	8.824090243765807251e-02
nan	1.000000000000000000e+05	1.000000000000000000e+02	nan	1.996770487023269425e-01	8.264867710981874116e-02	7.743022240772176601e-02
nan	1.000000000000000000e+05	1.000000000000000000e+02	nan	2.497093831308347944e-01	7.821563288753616283e-02	6.771500011939925179e-02
nan	1.000000000000000000e+05	1.000000000000000000e+02	nan	2.996947551539079768e-01	7.104892429109557761e-02	6.024453693046662867e-02
nan	1.000000000000000000e+05	1.000000000000000000e+02	nan	3.494494543249118124e-01	6.564527225871535920e-02	5.396356499619470171e-02
nan	1.000000000000000000e+05	1.000000000000000000e+02	nan	3.997947183571142205e-01	6.342475996823784823e-02	4.987697856490259235e-02
nan	1.000000000000000000e+05	1.000000000000000000e+02	nan	4.494625719178060308e-01	6.081088057493128779e-02	5.169054987935252365e-02
nan	1.000000000000000000e+05	1.000000000000000000e+02	nan	4.991637617637394442e-01	6.225571987063753532e-02	4.861094647447528755e-02
nan	1.000000000000000000e+05	1.000000000000000000e+02	nan	5.493561989652278044e-01	5.877650710568805420e-02	4.452354419798947027e-02
nan	1.000000000000000000e+05	1.000000000000000000e+02	nan	5.490616379007948744e-01	5.430559824068931229e-02	4.381204327199961918e-02
nan	1.000000000000000000e+05	1.000000000000000000e+02	nan	6.491328798481674767e-01	5.451837026354443283e-02	3.882262644341240299e-02
nan	1.000000000000000000e+05	1.000000000000000000e+02	nan	6.989658591038505620e-01	5.293540846601192673e-02	3.842031642673134767e-02
nan	1.000000000000000000e+05	1.000000000000000000e+02	nan	7.483860959750074926e-01	5.614641194760123383e-02	3.868326497345492276e-02
nan	1.000000000000000000e+05	1.000000000000000000e+02	nan	7.987316825320078806e-01	5.336011495087171486e-02	3.724022107877218712e-02
nan	1.000000000000000000e+05	1.000000000000000000e+02	nan	8.436380977488511235e-01	5.123414808110808571e-02	3.591512122994960921e-02
nan	1.000000000000000000e+05	1.000000000000000000e+02	nan	8.993035950944658907e-01	5.007207631055467234e-02	3.582429024450108079e-02
nan	1.000000000000000000e+05	1.000000000000000000e+02	nan	9.489468588878366972e-01	4.868288987687695302e-02	3.496737489393093173e-02
nan	1.000000000000000000e+05	1.000000000000000000e+02	nan	9.874471391125041464e-01	4.731605299406800580e-02	3.321137836276005090e-02
nan	1.000000000000000000e+05	1.000000000000000000e+02	nan	1.048467757354785590e+00	4.847678414732251029e-02	3.207617042967023796e-02
nan	1.000000000000000000e+05	1.000000000000000000e+02	nan	1.097356597058080752e+00	4.693592705758946326e-02	3.074088052962008905e-02
nan	1.000000000000000000e+05	1.000000000000000000e+02	nan	1.148532702954923934e+00	5.044340033159569470e-02	3.140792311077729437e-02
nan	1.000000000000000000e+05	1.000000000000000000e+02	nan	1.198012585349545134e+00	4.564922204672422490e-02	3.049004869215328484e-02
nan	1.000000000000000000e+05	1.000000000000000000e+02	nan	1.247437157540673525e+00	4.965333367429190098e-02	2.872407827794764418e-02
nan	1.000000000000000000e+05	1.000000000000000000e+02	nan	1.299058844845376370e+00	4.708377917564999376e-02	2.990428563542994744e-02
nan	1.000000000000000000e+05	1.000000000000000000e+02	nan	1.348929981263893296e+00	4.538116937481560115e-02	2.961681017258684101e-02
nan	1.000000000000000000e+05	1.000000000000000000e+02	nan	1.397999984867908552e+00	4.844842117719123931e-02	2.935460599760272155e-02
nan	1.000000000000000000e+05	1.000000000000000000e+02	nan	1.332222593283572731e+00	4.771081825453640790e-02	2.833063273268395313e-02
nan	1.000000000000000000e+05	1.000000000000000000e+02	nan	1.498852080065034897e+00	4.742505101301144194e-02	2.649806926741039848e-02
nan	1.000000000000000000e+05	1.000000000000000000e+02	nan	1.546758029025738779e+00	4.622230584847424051e-02	2.706692337915498486e-02
nan	1.000000000000000000e+05	1.000000000000000000e+02	nan	1.588706196004409321e+00	4.549355971026605022e-02	2.724806650279593817e-02
nan	1.000000000000000000e+05	1.000000000000000000e+02	nan	1.646546954567554621e+00	4.431834887739521944e-02	2.741661759996727454e-02
nan	1.000000000000000000e+05	1.000000000000000000e+02	nan	1.696831688420161299e+00	4.306251615173539715e-02	2.704113816930100306e-02
nan	1.000000000000000000e+05	1.000000000000000000e+02	nan	1.748474336232447968e+00	4.604210334257907711e-02	2.522516151941888926e-02
nan	1.000000000000000000e+05	1.000000000000000000e+02	nan	1.797054827569468216e+00	4.428513230399679090e-02	2.564390412319340895e-02
nan	1.000000000000000000e+05	1.000000000000000000e+02	nan	1.848196363439797096e+00	4.414420130366984718e-02	2.631123625357858348e-02
nan	1.000000000000000000e+05	1.000000000000000000e+02	nan	1.745760851358418630e+00	4.690892616307823504e-02	2.403953287384516871e-02
nan	1.000000000000000000e+05	1.000000000000000000e+02	nan	1.945720896071634343e+00	4.475238442071113182e-02	2.408626441953502090e-02
nan	1.000000000000000000e+05	1.000000000000000000e+02	nan	1.993212135713349653e+00	4.523172477043339162e-02	2.324338389232376290e-02
nan	1.000000000000000000e+05	1.000000000000000000e+02	nan	9.991685415142725901e-02	1.109447594695636002e-01	1.026532470105141898e-01
nan	1.000000000000000000e+05	1.000000000000000000e+02	nan	1.494454044251725122e-01	8.885224773045838353e-02	8.836321430955437761e-02
nan	1.000000000000000000e+05	1.000000000000000000e+02	nan	1.993696322186480074e-01	8.422941423482276091e-02	7.443847725198282639e-02
nan	1.000000000000000000e+05	1.000000000000000000e+02	nan	2.491029686766310647e-01	7.375409903419923030e-02	6.427342338065249183e-02
nan	1.000000000000000000e+05	1.000000000000000000e+02	nan	2.994901874487965188e-01	7.214086263010459354e-02	5.872079526467128413e-02
nan	1.000000000000000000e+05	1.000000000000000000e+02	nan	3.195789188523384672e-01	6.925234625654554110e-02	5.546299548324413325e-02
nan	1.000000000000000000e+05	1.000000000000000000e+02	nan	3.991964639135403559e-01	6.322349561715230604e-02	5.367232628939681144e-02
nan	1.000000000000000000e+05	1.000000000000000000e+02	nan	4.493266803966520229e-01	6.003337859768263784e-02	4.922589444038759365e-02
nan	1.000000000000000000e+05	1.000000000000000000e+02	nan	4.996157493290809271e-01	5.869040939881163543e-02	4.656594297264210480e-02
nan	1.000000000000000000e+05	1.000000000000000000e+02	nan	5.488979728881417941e-01	5.966567343907443893e-02	4.213404694828081637e-02
nan	1.000000000000000000e+05	1.000000000000000000e+02	nan	5.987441908010566749e-01	5.796752511873569380e-02	4.200673321230569135e-02
nan	1.000000000000000000e+05	1.000000000000000000e+02	nan	6.489475373282971304e-01	5.427832099554061318e-02	4.044282429275754265e-02
nan	1.000000000000000000e+05	1.000000000000000000e+02	nan	6.991530580394851313e-01	5.525404738934919929e-02	4.045743858854544683e-02
nan	1.000000000000000000e+05	1.000000000000000000e+02	nan	7.493051661911067640e-01	5.246359614560199697e-02	3.801855405299531254e-02
nan	1.000000000000000000e+05	1.000000000000000000e+02	nan	7.990724248658693796e-01	5.218660038234834014e-02	3.620846203757217829e-02
nan	1.000000000000000000e+05	1.000000000000000000e+02	nan	8.487745998308469098e-01	5.424680142570398322e-02	3.692774808513538121e-02
nan	1.000000000000000000e+05	1.000000000000000000e+02	nan	8.982888249039433504e-01	5.028446094347815976e-02	3.555179334545348346e-02
nan	1.000000000000000000e+05	1.000000000000000000e+02	nan	9.469014082269495702e-01	5.138185774737000222e-02	3.556386776529230076e-02
nan	1.000000000000000000e+05	1.000000000000000000e+02	nan	9.985734814462148279e-01	5.053861994640850702e-02	3.378803467836102858e-02
nan	1.000000000000000000e+05	1.000000000000000000e+02	nan	1.048610730482778308e+00	5.027558223304080115e-02	3.296350968445257990e-02
nan	1.000000000000000000e+05	1.000000000000000000e+02	nan	1.098624567514320916e+00	4.806608407790464998e-02	3.330859020808109999e-02
nan	1.000000000000000000e+05	1.000000000000000000e+02	nan	1.141715710069149736e+00	4.924760123618997232e-02	3.308075113607007733e-02
nan	1.000000000000000000e+05	1.000000000000000000e+02	nan	1.197820627676264849e+00	4.898235701043174295e-02	3.223174565255686880e-02
nan	1.000000000000000000e+05	1.000000000000000000e+02	nan	1.246949388588461716e+00	4.778704896462412921e-02	3.140709234713313924e-02
nan	1.000000000000000000e+05	1.000000000000000000e+02	nan	1.298215876069832575e+00	4.918589812157632413e-02	2.961739356173268348e-02
nan	1.000000000000000000e+05	1.000000000000000000e+02	nan	1.346715170228435454e+00	4.708588239827048161e-02	2.941949679962979278e-02
nan	1.000000000000000000e+05	1.000000000000000000e+02	nan	1.392679815598228288e+00	4.780197547703736449e-02	2.752443802270403139e-02
nan	1.000000000000000000e+05	1.000000000000000000e+02	nan	1.443091156546643106e+00	4.761014548004182528e-02	2.702102638707597204e-02
nan	1.000000000000000000e+05	1.000000000000000000e+02	nan	1.497527944556509283e+00	4.709528847509453220e-02	2.613970221321932838e-02
nan	1.000000000000000000e+05	1.000000000000000000e+02	nan	1.544196595459482069e+00	4.622917573909159084e-02	2.874787467016654344e-02
nan	1.000000000000000000e+05	1.000000000000000000e+02	nan	1.597263572823521827e+00	4.384690653098055613e-02	2.634105352730933824e-02
nan	1.000000000000000000e+05	1.000000000000000000e+02	nan	1.636914257869761968e+00	4.326125922845971278e-02	2.648603478813303311e-02
nan	1.000000000000000000e+05	1.000000000000000000e+02	nan	1.696489102404314053e+00	4.651887241671452677e-02	2.575259624748015008e-02
nan	1.000000000000000000e+05	1.000000000000000000e+02	nan	1.745334252604436642e+00	4.505118147510971116e-02	2.652672022127791282e-02
nan	1.000000000000000000e+05	1.000000000000000000e+02	nan	1.796301666728197688e+00	4.402265231708651916e-02	2.524323895926370437e-02
nan	1.000000000000000000e+05	1.000000000000000000e+02	nan	1.848225881636608392e+00	4.462404603474401377e-02	2.520457773822175340e-02
nan	1.000000000000000000e+05	1.000000000000000000e+02	nan	1.732548184648361689e+00	4.437220105720803692e-02	2.479699121260548964e-02
nan	1.000000000000000000e+05	1.000000000000000000e+02	nan	1.947995027049785222e+00	4.392232253085601862e-02	2.365572234693319800e-02
nan	1.000000000000000000e+05	1.000000000000000000e+02	nan	1.993731620316509634e+00	4.342627970673271220e-02	2.248548055803068629e-02
