# SourcePhotonFlux	NumberRaysSurvived	PercentageRaysSurvived	PhotonFlux	Bandwidth	HorizontalFocusFWHM	VerticalFocusFWHM
nan	7.483999999999999773e+02	7.483999999999999542e-01	nan	1.163159120548584767e-03	9.123876299112709809e-02	4.034225223436833929e-03
nan	1.130000000000000000e+03	1.130000000000000115e+00	nan	2.558946762778191615e-03	7.541254587473886217e-02	4.185045469825481555e-03
nan	1.444599999999999909e+03	1.444600000000000106e+00	nan	3.761351265706025342e-03	7.461540217052362034e-02	4.482791366593334541e-03
nan	1.672200000000000045e+03	1.672200000000000131e+00	nan	6.481054229442406896e-03	7.591968522685059451e-02	4.287976026426902967e-03
nan	1.895599999999999909e+03	1.895599999999999952e+00	nan	8.110144296443877812e-03	7.459665139474239148e-02	4.571333990466072347e-03
nan	2.062599999999999909e+03	2.062600000000000211e+00	nan	1.108208541239719125e-02	6.600766232831764557e-02	4.322304434930064956e-03
nan	2.217400000000000091e+03	2.217400000000000038e+00	nan	1.390980051492078998e-02	6.909889972491191357e-02	4.573668675177488055e-03
nan	2.387199999999999818e+03	2.387199999999999989e+00	nan	1.608702597417277502e-02	6.380682938359397149e-02	4.603926892135292229e-03
nan	2.522599999999999909e+03	2.522599999999999731e+00	nan	1.760167665173639762e-02	7.124077640538892253e-02	4.555607962788948972e-03
nan	2.675599999999999909e+03	2.675600000000000200e+00	nan	2.133732292354579771e-02	6.906511749003656220e-02	4.453760288081870175e-03
nan	2.813599999999999909e+03	2.813600000000000101e+00	nan	2.514290052872638487e-02	6.916143857799371408e-02	4.659387178521469386e-03
nan	2.929800000000000182e+03	2.929800000000000182e+00	nan	2.858293044914717029e-02	7.028027369572698024e-02	4.604250221262696369e-03
nan	3.048599999999999909e+03	3.048600000000000421e+00	nan	3.045837667857540648e-02	6.551453878849755608e-02	4.658359379980318848e-03
nan	3.172199999999999818e+03	3.172199999999999243e+00	nan	3.337516828496518706e-02	6.536182323647189707e-02	4.549489548703161343e-03
nan	3.324199999999999818e+03	3.324199999999999822e+00	nan	3.575271325325957150e-02	7.424336127793261519e-02	4.543582598419191806e-03
nan	3.396800000000000182e+03	3.396800000000000264e+00	nan	4.121541740646535168e-02	6.539192145635042142e-02	4.582142027986543624e-03
nan	3.550599999999999909e+03	3.550600000000000200e+00	nan	4.400965377597003403e-02	6.766417194137000490e-02	4.508423433972947106e-03
nan	3.621000000000000000e+03	3.620999999999999996e+00	nan	5.007064821613767258e-02	6.751760573239055929e-02	4.799759460679428429e-03
nan	3.722000000000000000e+03	3.721999999999999975e+00	nan	5.240542395115425911e-02	7.056961822763585523e-02	4.560355929703015405e-03
nan	3.820400000000000091e+03	3.820400000000000240e+00	nan	5.805889766263590268e-02	6.634973763557930337e-02	4.647057770911176486e-03
nan	3.896000000000000000e+03	3.895999999999999908e+00	nan	6.246275607963980292e-02	6.728733828541334783e-02	4.902384244442462881e-03
nan	4.010800000000000182e+03	4.010799999999999699e+00	nan	6.730098547764100381e-02	6.584637148580387012e-02	4.649542711574278231e-03
nan	4.061800000000000182e+03	4.061799999999999855e+00	nan	6.326907242460037828e-02	6.688114654829875605e-02	4.469649342439310433e-03
nan	4.165600000000000364e+03	4.165599999999999525e+00	nan	7.549168974051098657e-02	6.316015277906462944e-02	4.711368229322283885e-03
nan	4.275399999999999636e+03	4.275400000000000311e+00	nan	8.056227742249574830e-02	6.704248958893738175e-02	4.764309338491125312e-03
nan	4.359800000000000182e+03	4.359800000000000786e+00	nan	8.463933960356370689e-02	6.551517665205015828e-02	4.932357841544084479e-03
nan	4.432000000000000000e+03	4.432000000000000384e+00	nan	8.439876988686592640e-02	6.927521964671028154e-02	4.769820047160486590e-03
nan	4.528600000000000364e+03	4.528599999999999959e+00	nan	8.804703688488188518e-02	6.790597298245167057e-02	4.626219503923387384e-03
nan	4.607399999999999636e+03	4.607400000000000162e+00	nan	9.700157475099331628e-02	6.456253076415115200e-02	4.578484602726133612e-03
nan	4.663600000000000364e+03	4.663600000000000634e+00	nan	9.838481633614719335e-02	6.707170563271822039e-02	4.695339118390418759e-03
nan	4.728199999999999818e+03	4.728200000000000180e+00	nan	1.066402661460870149e-01	6.725688759009895712e-02	4.831438165212074455e-03
nan	4.885000000000000000e+03	4.884999999999999787e+00	nan	1.088479683514378821e-01	6.825517149383579507e-02	4.856224529394605541e-03
nan	4.906399999999999636e+03	4.906399999999999650e+00	nan	1.101042189419786099e-01	6.733752697389154551e-02	4.691951727812797637e-03
nan	4.934800000000000182e+03	4.934800000000000075e+00	nan	1.213647040874093336e-01	6.602791756858872319e-02	4.617230470414035795e-03
nan	5.069600000000000364e+03	5.069599999999999440e+00	nan	1.222748861947366150e-01	6.492871941009514813e-02	4.828324382138669824e-03
nan	5.112000000000000000e+03	5.112000000000000099e+00	nan	1.285601582184881519e-01	6.704597531893072282e-02	4.468448987312991644e-03
nan	5.189199999999999818e+03	5.189199999999999591e+00	nan	1.397954533915708453e-01	6.719212390888007480e-02	4.802651559864168709e-03
nan	5.197800000000000182e+03	5.197799999999999088e+00	nan	1.447300927165088014e-01	6.539579232831263522e-02	4.673803461956033134e-03
nan	5.292800000000000182e+03	5.292800000000000615e+00	nan	1.440215913216434385e-01	6.578073902342845836e-02	4.812952544676178841e-03
nan	5.330000000000000000e+03	5.330000000000000071e+00	nan	1.506094826505886830e-01	6.453714597550430643e-02	4.537254490819137183e-03
nan	5.490199999999999818e+03	5.490199999999999747e+00	nan	1.576673474964991328e-01	6.506900636129539506e-02	4.499579554966395833e-03
nan	5.487000000000000000e+03	5.487000000000000099e+00	nan	1.629508819441980449e-01	6.775202097104386645e-02	4.781413899562053302e-03
nan	5.253999999999999773e+02	5.253999999999999782e-01	nan	8.542053600280041792e-04	8.497677510987163008e-02	4.266798175669959947e-03
nan	8.062000000000000455e+02	8.062000000000001387e-01	nan	1.856685407173586143e-03	7.575218716059924084e-02	4.614292798947489636e-03
nan	1.005399999999999977e+03	1.005400000000000071e+00	nan	2.826575225947181112e-03	6.736809776525484739e-02	4.145030945856027250e-03
nan	1.161200000000000045e+03	1.161200000000000010e+00	nan	4.406465412841953366e-03	6.891305293161993639e-02	3.901315760620018176e-03
nan	1.327400000000000091e+03	1.327399999999999913e+00	nan	6.042536544322274147e-03	7.370682454213292600e-02	4.504058436968104949e-03
nan	1.489599999999999909e+03	1.489600000000000035e+00	nan	7.149317625373896416e-03	7.064455395122350156e-02	4.853303466252094009e-03
nan	1.590799999999999955e+03	1.590800000000000214e+00	nan	9.284650074073396916e-03	6.398318309317876929e-02	4.760239443062701421e-03
nan	1.710599999999999909e+03	1.710599999999999898e+00	nan	1.125292780150175496e-02	7.196673290012323143e-02	4.333999391659210110e-03
nan	1.808200000000000045e+03	1.808200000000000029e+00	nan	1.311193127781962176e-02	5.896734394801628198e-02	4.544524578811971749e-03
nan	1.904400000000000091e+03	1.904400000000000093e+00	nan	1.562269654407373240e-02	6.891419782264363025e-02	4.480766936214542265e-03
nan	2.026000000000000000e+03	2.025999999999999801e+00	nan	1.652150372538017248e-02	6.415191423027231943e-02	4.798246558515075269e-03
nan	2.110599999999999909e+03	2.110599999999999810e+00	nan	1.814635976281806645e-02	6.950724386042274328e-02	4.623708319987092190e-03
nan	2.143000000000000000e+03	2.142999999999999794e+00	nan	2.076156058021751821e-02	6.495355452180422151e-02	4.177169624747960504e-03
nan	2.244400000000000091e+03	2.244400000000000173e+00	nan	2.353851043947088190e-02	6.650801087407873236e-02	4.349413377390985540e-03
nan	2.368400000000000091e+03	2.368399999999999839e+00	nan	2.582957010997688485e-02	6.550236709146170511e-02	4.675086645827912155e-03
nan	2.431599999999999909e+03	2.431600000000000428e+00	nan	2.724671529597344488e-02	6.873854542144926250e-02	4.375611383566728463e-03
nan	2.470800000000000182e+03	2.470799999999999663e+00	nan	3.057785158380283905e-02	6.267533548010910394e-02	4.635429045959428909e-03
nan	2.566000000000000000e+03	2.565999999999999837e+00	nan	3.341363042143256912e-02	7.042851583567572016e-02	4.722309219285529026e-03
nan	2.593199999999999818e+03	2.593199999999999950e+00	nan	3.451663097191613044e-02	6.731660601667451005e-02	4.601147392737335584e-03
nan	2.698400000000000091e+03	2.698399999999999910e+00	nan	4.123226582630649950e-02	6.682018952128251921e-02	4.532652512609892763e-03
nan	2.760599999999999909e+03	2.760600000000000165e+00	nan	4.316328300023997144e-02	6.581935991854846735e-02	4.644093042948278793e-03
nan	2.819800000000000182e+03	2.819799999999999862e+00	nan	4.480843006435861892e-02	6.613115833178710712e-02	4.547509353935665424e-03
nan	2.898199999999999818e+03	2.898200000000000109e+00	nan	4.784040837075735630e-02	6.550425927448332020e-02	4.680427091640628270e-03
nan	2.961000000000000000e+03	2.960999999999999854e+00	nan	5.003616645681176894e-02	6.851442482374212051e-02	4.581818962620162923e-03
nan	3.059599999999999909e+03	3.059600000000000541e+00	nan	5.292222084194690701e-02	6.596720438109153484e-02	4.563857268044480865e-03
nan	3.140199999999999818e+03	3.140200000000000102e+00	nan	5.638632302448058631e-02	6.940759499143718536e-02	4.695625712887389891e-03
nan	3.127000000000000000e+03	3.126999999999999780e+00	nan	5.630109069052195714e-02	6.629816297742814613e-02	4.769629044465322973e-03
nan	3.190199999999999818e+03	3.190199999999999925e+00	nan	6.268446455087542390e-02	6.980944754702825272e-02	4.703068685425032189e-03
nan	3.266199999999999818e+03	3.266199999999999992e+00	nan	6.889416550002351591e-02	6.784288755052225728e-02	4.573053814286331606e-03
nan	3.316800000000000182e+03	3.316800000000000637e+00	nan	7.025363043899232607e-02	6.529197992574845011e-02	4.459341585014966504e-03
nan	3.355400000000000091e+03	3.355400000000000382e+00	nan	7.441026697661072553e-02	6.543505332607668645e-02	4.644076013163418726e-03
nan	3.412400000000000091e+03	3.412400000000000322e+00	nan	7.958671053620491875e-02	6.172333549757201554e-02	4.448453736049416511e-03
nan	3.478000000000000000e+03	3.477999999999999314e+00	nan	7.951157758266162723e-02	6.341889993342567089e-02	4.589294645232849627e-03
nan	3.499599999999999909e+03	3.499599999999999600e+00	nan	8.542394890673676855e-02	6.616876376435423812e-02	4.653856081974101604e-03
nan	3.537199999999999818e+03	3.537199999999999900e+00	nan	8.798269696771968129e-02	6.783533692503296297e-02	4.580499924308320883e-03
nan	3.671000000000000000e+03	3.670999999999999375e+00	nan	9.495928956544048838e-02	6.535016097681549396e-02	4.774822811936116178e-03
nan	3.650199999999999818e+03	3.650199999999999445e+00	nan	9.670490971357140197e-02	6.677761631658701846e-02	4.588901063085112052e-03
nan	3.722400000000000091e+03	3.722399999999999487e+00	nan	9.436374415199680343e-02	6.799071394186975703e-02	4.674677678693732637e-03
nan	3.787000000000000000e+03	3.786999999999999922e+00	nan	1.031161926842742160e-01	6.495468000462584213e-02	4.683822915814109256e-03
nan	3.779800000000000182e+03	3.779800000000000271e+00	nan	1.081200876280945522e-01	6.912222335059095557e-02	4.638549010600678812e-03
nan	3.789000000000000000e+03	3.789000000000000146e+00	nan	1.053267643442268309e-01	6.468751597040808821e-02	4.701365946753426409e-03
nan	3.930400000000000091e+03	3.930400000000000116e+00	nan	1.046830682548716140e-01	6.218310240824455326e-02	4.848001300479495672e-03
