# SourcePhotonFlux	NumberRaysSurvived	PercentageRaysSurvived	PhotonFlux	Bandwidth	HorizontalFocusFWHM	VerticalFocusFWHM
nan	2.500000000000000000e+04	2.500000000000000000e+01	nan	2.496949004579551712e-02	2.716169773296455217e-02	2.699186135017906871e-02
nan	2.500000000000000000e+04	2.500000000000000000e+01	nan	3.747173794983993389e-02	2.259321843111064196e-02	2.093081365960922785e-02
nan	2.500000000000000000e+04	2.500000000000000000e+01	nan	4.990990881067958185e-02	2.015652760937726440e-02	1.827079377377665084e-02
nan	2.500000000000000000e+04	2.500000000000000000e+01	nan	6.241330786177989864e-02	1.978714961574415399e-02	1.635884304556874114e-02
nan	2.500000000000000000e+04	2.500000000000000000e+01	nan	7.490442685939768808e-02	1.914485507464003256e-02	1.423092006852009345e-02
nan	2.500000000000000000e+04	2.500000000000000000e+01	nan	8.743172230985862825e-02	1.707592439325232581e-02	1.345640757288945819e-02
nan	2.500000000000000000e+04	2.500000000000000000e+01	nan	9.988843752110554419e-02	1.674033710542330647e-02	1.347949374103748349e-02
nan	2.500000000000000000e+04	2.500000000000000000e+01	nan	1.123524192514580022e-01	1.579386763447947553e-02	1.184114211243769178e-02
nan	2.500000000000000000e+04	2.500000000000000000e+01	nan	1.247491269825395932e-01	1.504823878888583710e-02	1.139059300375525746e-02
nan	2.500000000000000000e+04	2.500000000000000000e+01	nan	1.261372870041745919e-01	1.464553850527807247e-02	1.108360802269082838e-02
nan	2.500000000000000000e+04	2.500000000000000000e+01	nan	1.498013338824080165e-01	1.380756220100798175e-02	1.101585094973536044e-02
nan	2.500000000000000000e+04	2.500000000000000000e+01	nan	1.622235313009312563e-01	1.393612109981415964e-02	1.034225523767373645e-02
nan	2.500000000000000000e+04	2.500000000000000000e+01	nan	1.742556105358374907e-01	1.339367436658468573e-02	9.722555269878280226e-03
nan	2.500000000000000000e+04	2.500000000000000000e+01	nan	1.872576156917205026e-01	1.334347805062856100e-02	9.623923784097839981e-03
nan	2.500000000000000000e+04	2.500000000000000000e+01	nan	1.993826406820602415e-01	1.364731790948740635e-02	9.373213553128770248e-03
nan	2.500000000000000000e+04	2.500000000000000000e+01	nan	2.122402196198720503e-01	1.265918852509824791e-02	9.440546472261068106e-03
nan	2.500000000000000000e+04	2.500000000000000000e+01	nan	2.244047267072346585e-01	1.282889051805339783e-02	8.422681447869208304e-03
nan	2.500000000000000000e+04	2.500000000000000000e+01	nan	2.370957225360044163e-01	1.319785678772782828e-02	8.506190252628191215e-03
nan	2.500000000000000000e+04	2.500000000000000000e+01	nan	2.496180577165247882e-01	1.235588380285262099e-02	8.749469298905708514e-03
nan	2.500000000000000000e+04	2.500000000000000000e+01	nan	2.623008853865087531e-01	1.324318311888912116e-02	8.240828795625087036e-03
nan	2.500000000000000000e+04	2.500000000000000000e+01	nan	2.745673530812098306e-01	1.235232906367015639e-02	8.043101866639553940e-03
nan	2.500000000000000000e+04	2.500000000000000000e+01	nan	2.868818285583074612e-01	1.187894633018368555e-02	7.622122880559622018e-03
nan	2.500000000000000000e+04	2.500000000000000000e+01	nan	2.994664387504286651e-01	1.237472184267431573e-02	7.769660310607170474e-03
nan	2.500000000000000000e+04	2.500000000000000000e+01	nan	3.120933762599236161e-01	1.198869983674119219e-02	7.631331815313948178e-03
nan	2.500000000000000000e+04	2.500000000000000000e+01	nan	3.246991006977708594e-01	1.160241018654291009e-02	7.552694571106856672e-03
nan	2.500000000000000000e+04	2.500000000000000000e+01	nan	3.369592762187778590e-01	1.180266840865525947e-02	7.335787349124828736e-03
nan	2.500000000000000000e+04	2.500000000000000000e+01	nan	3.492557363158113048e-01	1.152856170703212869e-02	6.997481125465937826e-03
nan	2.500000000000000000e+04	2.500000000000000000e+01	nan	3.620248482605461504e-01	1.162716443251192618e-02	7.128158023622747745e-03
nan	2.500000000000000000e+04	2.500000000000000000e+01	nan	3.746460680898167084e-01	1.193100577319205352e-02	7.030722866463006912e-03
nan	2.500000000000000000e+04	2.500000000000000000e+01	nan	3.851917515588780816e-01	1.085091226926502596e-02	6.737848702601828554e-03
nan	2.500000000000000000e+04	2.500000000000000000e+01	nan	3.995084325875239983e-01	1.144212195845099866e-02	6.422839290065035858e-03
nan	2.500000000000000000e+04	2.500000000000000000e+01	nan	4.113330141682638441e-01	1.106031623779982556e-02	6.658776246213841780e-03
nan	2.500000000000000000e+04	2.500000000000000000e+01	nan	4.244240250158810568e-01	1.172303618451559296e-02	6.509558578355856620e-03
nan	2.500000000000000000e+04	2.500000000000000000e+01	nan	4.371743757714341427e-01	1.083933142088418407e-02	6.564051358574877690e-03
nan	2.500000000000000000e+04	2.500000000000000000e+01	nan	4.498213321838875345e-01	1.098191789230980320e-02	6.026868671814344935e-03
nan	2.500000000000000000e+04	2.500000000000000000e+01	nan	4.595691905487626627e-01	1.132472860315852925e-02	6.366684788273685100e-03
nan	2.500000000000000000e+04	2.500000000000000000e+01	nan	4.746211614858424355e-01	1.068389265980185243e-02	6.280273175681356027e-03
nan	2.500000000000000000e+04	2.500000000000000000e+01	nan	4.870163611355735611e-01	1.111986498555912750e-02	5.954767057953799445e-03
nan	2.500000000000000000e+04	2.500000000000000000e+01	nan	4.973576224320908068e-01	1.132788547642095932e-02	5.992226447796419539e-03
nan	2.500000000000000000e+04	2.500000000000000000e+01	nan	2.495332399948235746e-02	2.723495630811167273e-02	2.454074149672474253e-02
nan	2.500000000000000000e+04	2.500000000000000000e+01	nan	3.746304850382031759e-02	2.354308664060478229e-02	2.234902498296329615e-02
nan	2.500000000000000000e+04	2.500000000000000000e+01	nan	4.995197772477766307e-02	2.005308244290413683e-02	1.841820001031691661e-02
nan	2.500000000000000000e+04	2.500000000000000000e+01	nan	6.243017095405889449e-02	1.939624101955208374e-02	1.702189930339042048e-02
nan	2.500000000000000000e+04	2.500000000000000000e+01	nan	7.493879972115635724e-02	1.732941947537492214e-02	1.545736396473010657e-02
nan	2.500000000000000000e+04	2.500000000000000000e+01	nan	8.739525522495128484e-02	1.656622863753689362e-02	1.409732211973604987e-02
nan	2.500000000000000000e+04	2.500000000000000000e+01	nan	9.985955493547749029e-02	1.579508563066925331e-02	1.310384456423026485e-02
nan	2.500000000000000000e+04	2.500000000000000000e+01	nan	1.122907724418595876e-01	1.491211500420474775e-02	1.241325245206426064e-02
nan	2.500000000000000000e+04	2.500000000000000000e+01	nan	1.248619100370298440e-01	1.457050518302292937e-02	1.121143473711104337e-02
nan	2.500000000000000000e+04	2.500000000000000000e+01	nan	1.367606593739623122e-01	1.417545129125374719e-02	1.133246740480196857e-02
nan	2.500000000000000000e+04	2.500000000000000000e+01	nan	1.498449048592860322e-01	1.446254883156252759e-02	1.025143274347666000e-02
nan	2.500000000000000000e+04	2.500000000000000000e+01	nan	1.623341920469627553e-01	1.457343323502786024e-02	1.056623144834762350e-02
nan	2.500000000000000000e+04	2.500000000000000000e+01	nan	1.747697289357148520e-01	1.392763199669646082e-02	9.933394657619208992e-03
nan	2.500000000000000000e+04	2.500000000000000000e+01	nan	1.871548699550515948e-01	1.368173311999554449e-02	9.489667442962538418e-03
nan	2.500000000000000000e+04	2.500000000000000000e+01	nan	1.998600931088958532e-01	1.354672073762339113e-02	9.242055188155648068e-03
nan	2.500000000000000000e+04	2.500000000000000000e+01	nan	2.120715635176750880e-01	1.294253032185249848e-02	8.815256390335916847e-03
nan	2.500000000000000000e+04	2.500000000000000000e+01	nan	2.246918687982599749e-01	1.315548425755525344e-02	9.273662773275407473e-03
nan	2.500000000000000000e+04	2.500000000000000000e+01	nan	2.371546716072288064e-01	1.243144055412319371e-02	9.017322438064610118e-03
nan	2.500000000000000000e+04	2.500000000000000000e+01	nan	2.497688051187552105e-01	1.188852799597299448e-02	8.363145570918422561e-03
nan	2.500000000000000000e+04	2.500000000000000000e+01	nan	2.619501363236338420e-01	1.228012783629458919e-02	7.820417732636843200e-03
nan	2.500000000000000000e+04	2.500000000000000000e+01	nan	2.743654423497616790e-01	1.221438610570039357e-02	8.055960259843399432e-03
nan	2.500000000000000000e+04	2.500000000000000000e+01	nan	2.871894726353758642e-01	1.179016814757519876e-02	7.664929183488435396e-03
nan	2.500000000000000000e+04	2.500000000000000000e+01	nan	2.979092737586057638e-01	1.134757751596224447e-02	7.624144983009520371e-03
nan	2.500000000000000000e+04	2.500000000000000000e+01	nan	3.102569885372616909e-01	1.177218929278086267e-02	7.609089244849879391e-03
nan	2.500000000000000000e+04	2.500000000000000000e+01	nan	3.246508033723785047e-01	1.205097838096598137e-02	7.521590467119773291e-03
nan	2.500000000000000000e+04	2.500000000000000000e+01	nan	3.367799067834198468e-01	1.167690253758835173e-02	6.871301251479479399e-03
nan	2.500000000000000000e+04	2.500000000000000000e+01	nan	3.495471106676291129e-01	1.144163426175471079e-02	6.797727984350649538e-03
nan	2.500000000000000000e+04	2.500000000000000000e+01	nan	3.622348382136522105e-01	1.147272237486383732e-02	6.821354545277024881e-03
nan	2.500000000000000000e+04	2.500000000000000000e+01	nan	3.747555548200551812e-01	1.144135111024120049e-02	6.857877300038119420e-03
nan	2.500000000000000000e+04	2.500000000000000000e+01	nan	3.868937210467038312e-01	1.097354142922836451e-02	6.502176719591390951e-03
nan	2.500000000000000000e+04	2.500000000000000000e+01	nan	3.997117867265274072e-01	1.126943354862150817e-02	6.770583539620780508e-03
nan	2.500000000000000000e+04	2.500000000000000000e+01	nan	4.118676784140262725e-01	1.083997831913208892e-02	6.268055364503001374e-03
nan	2.500000000000000000e+04	2.500000000000000000e+01	nan	4.244825817893058684e-01	1.095759209227126565e-02	6.531392801114829436e-03
nan	2.500000000000000000e+04	2.500000000000000000e+01	nan	4.367756878297655021e-01	1.113614315179206789e-02	6.310388972958016346e-03
nan	2.500000000000000000e+04	2.500000000000000000e+01	nan	4.492547516045419798e-01	1.184851633242784037e-02	6.128041384748096967e-03
nan	2.500000000000000000e+04	2.500000000000000000e+01	nan	4.251593248804775849e-01	1.129254076865402259e-02	6.224083943000859737e-03
nan	2.500000000000000000e+04	2.500000000000000000e+01	nan	4.738055435623635958e-01	1.092541473477289665e-02	6.084269822683472349e-03
nan	2.500000000000000000e+04	2.500000000000000000e+01	nan	4.861276259762661311e-01	1.068556368802973944e-02	6.158635501435921408e-03
nan	2.500000000000000000e+04	2.500000000000000000e+01	nan	4.992775679341150408e-01	1.145152371116324799e-02	6.335649344267725927e-03
nan	2.500000000000000000e+04	2.500000000000000000e+01	nan	2.494467190873006501e-02	2.763915312332775043e-02	2.568949380855381145e-02
nan	2.500000000000000000e+04	2.500000000000000000e+01	nan	3.747758299338777022e-02	2.296320632146413646e-02	2.128347674076938589e-02
nan	2.500000000000000000e+04	2.500000000000000000e+01	nan	4.995742713722428618e-02	2.088524927299337253e-02	1.888394386462699526e-02
nan	2.500000000000000000e+04	2.500000000000000000e+01	nan	6.241068464882815192e-02	1.867821760035477674e-02	1.667596035548805922e-02
nan	2.500000000000000000e+04	2.500000000000000000e+01	nan	7.477291965826182718e-02	1.800805815985281194e-02	1.516415709688944020e-02
nan	2.500000000000000000e+04	2.500000000000000000e+01	nan	8.729619347925066108e-02	1.761436721588530499e-02	1.324294093769346967e-02
nan	2.500000000000000000e+04	2.500000000000000000e+01	nan	9.995134119861148747e-02	1.635145976968107109e-02	1.326454277895151336e-02
nan	2.500000000000000000e+04	2.500000000000000000e+01	nan	1.123466873038481140e-01	1.531773766297328532e-02	1.214190376359018490e-02
nan	2.500000000000000000e+04	2.500000000000000000e+01	nan	1.248375216507930929e-01	1.477207808411248185e-02	1.207477828796615742e-02
nan	2.500000000000000000e+04	2.500000000000000000e+01	nan	1.371521749180004690e-01	1.381524616653625331e-02	1.121016260259177430e-02
nan	2.500000000000000000e+04	2.500000000000000000e+01	nan	1.495371098265962928e-01	1.450512155128553388e-02	1.013866731531621462e-02
nan	2.500000000000000000e+04	2.500000000000000000e+01	nan	1.624092641885681587e-01	1.360264496183125407e-02	1.020934776757881704e-02
nan	2.500000000000000000e+04	2.500000000000000000e+01	nan	1.747929658187103996e-01	1.317002220289195322e-02	1.021868064274441407e-02
nan	2.500000000000000000e+04	2.500000000000000000e+01	nan	1.873009659885838118e-01	1.355048477954855918e-02	9.419074116880457939e-03
nan	2.500000000000000000e+04	2.500000000000000000e+01	nan	1.988992870693735426e-01	1.258227478409561055e-02	9.779020683839532990e-03
nan	2.500000000000000000e+04	2.500000000000000000e+01	nan	2.115164965381453044e-01	1.266429222604490389e-02	8.952616375272830218e-03
nan	2.500000000000000000e+04	2.500000000000000000e+01	nan	2.220405564494427608e-01	1.214206371457131513e-02	9.173811690628093374e-03
nan	2.500000000000000000e+04	2.500000000000000000e+01	nan	2.367753290438585623e-01	1.274006975464747962e-02	8.894726440165845113e-03
nan	2.500000000000000000e+04	2.500000000000000000e+01	nan	2.496854241684118847e-01	1.222866033413134643e-02	8.339598305101031395e-03
nan	2.500000000000000000e+04	2.500000000000000000e+01	nan	2.619753948871732518e-01	1.219963368473766206e-02	8.446693345519059454e-03
nan	2.500000000000000000e+04	2.500000000000000000e+01	nan	2.747340088360630261e-01	1.204256935711442260e-02	8.110806247601555496e-03
nan	2.500000000000000000e+04	2.500000000000000000e+01	nan	2.865543300381432346e-01	1.266415253454029541e-02	7.671947821913752477e-03
nan	2.500000000000000000e+04	2.500000000000000000e+01	nan	2.988832636461893344e-01	1.232283529517148347e-02	8.009328276510444336e-03
nan	2.500000000000000000e+04	2.500000000000000000e+01	nan	3.117304093495363304e-01	1.166684459807432531e-02	7.579606907049166696e-03
nan	2.500000000000000000e+04	2.500000000000000000e+01	nan	3.237138345819658980e-01	1.254610818086312161e-02	7.210617243423545104e-03
nan	2.500000000000000000e+04	2.500000000000000000e+01	nan	3.373287816589964905e-01	1.148613521734763616e-02	7.417788972364773581e-03
nan	2.500000000000000000e+04	2.500000000000000000e+01	nan	3.483466979397746854e-01	1.187477345412643950e-02	7.181399967134222302e-03
nan	2.500000000000000000e+04	2.500000000000000000e+01	nan	3.618098178901476558e-01	1.233784948697336584e-02	7.104124119121308159e-03
nan	2.500000000000000000e+04	2.500000000000000000e+01	nan	3.744889101276811516e-01	1.188515644465389098e-02	7.013717055676700271e-03
nan	2.500000000000000000e+04	2.500000000000000000e+01	nan	3.868116319528809299e-01	1.178633777172948850e-02	7.029080554463348549e-03
nan	2.500000000000000000e+04	2.500000000000000000e+01	nan	3.996504962444333842e-01	1.126921278381270985e-02	6.943826353884618822e-03
nan	2.500000000000000000e+04	2.500000000000000000e+01	nan	4.115819103711970683e-01	1.135430994799106058e-02	6.423901931951966210e-03
nan	2.500000000000000000e+04	2.500000000000000000e+01	nan	4.246709931257726112e-01	1.152830638296530735e-02	6.266048701142864011e-03
nan	2.500000000000000000e+04	2.500000000000000000e+01	nan	4.371213951707204615e-01	1.053367581609215668e-02	6.565822856468841832e-03
nan	2.500000000000000000e+04	2.500000000000000000e+01	nan	4.493614992618404358e-01	1.115649827109275495e-02	6.067084079408924246e-03
nan	2.500000000000000000e+04	2.500000000000000000e+01	nan	4.616546074185094994e-01	1.187079995294544957e-02	6.250737279640796763e-03
nan	2.500000000000000000e+04	2.500000000000000000e+01	nan	4.728084030110579761e-01	1.094069400659300820e-02	5.962819090358000874e-03
nan	2.500000000000000000e+04	2.500000000000000000e+01	nan	4.845236523403713136e-01	1.070832681094199823e-02	6.078823874067578424e-03
nan	2.500000000000000000e+04	2.500000000000000000e+01	nan	4.992073320934196090e-01	1.146882487160702513e-02	5.771433244876541212e-03
