# SourcePhotonFlux	NumberRaysSurvived	PercentageRaysSurvived	PhotonFlux	Bandwidth	HorizontalFocusFWHM	VerticalFocusFWHM
nan	1.000000000000000000e+05	1.000000000000000000e+02	nan	9.990541927072627004e-02	1.815421648370635910e-01	1.076095024078855544e-01
nan	1.000000000000000000e+05	1.000000000000000000e+02	nan	1.498095757834434494e-01	1.722577323585121889e-01	8.596707880889080389e-02
nan	1.000000000000000000e+05	1.000000000000000000e+02	nan	1.998669808098725298e-01	1.633973407110987375e-01	8.245976626337707394e-02
nan	1.000000000000000000e+05	1.000000000000000000e+02	nan	2.485233016308185938e-01	1.580797440452074432e-01	7.006554667733116970e-02
nan	1.000000000000000000e+05	1.000000000000000000e+02	nan	2.996260673652386686e-01	1.586493976490638835e-01	6.129741879509956193e-02
nan	1.000000000000000000e+05	1.000000000000000000e+02	nan	3.459155890917315901e-01	1.637896010934845048e-01	5.857814207580615967e-02
nan	1.000000000000000000e+05	1.000000000000000000e+02	nan	3.964955280177804298e-01	1.587986686256731839e-01	5.949387576694133151e-02
nan	1.000000000000000000e+05	1.000000000000000000e+02	nan	4.474532064448055735e-01	1.626736634460671238e-01	5.287042134927169568e-02
nan	1.000000000000000000e+05	1.000000000000000000e+02	nan	4.996743654169222282e-01	1.620906514488469896e-01	5.254548331346777651e-02
nan	1.000000000000000000e+05	1.000000000000000000e+02	nan	5.475397236584456095e-01	1.583120539208986988e-01	4.682476234284958794e-02
nan	1.000000000000000000e+05	1.000000000000000000e+02	nan	5.989643333093113142e-01	1.535939700727798063e-01	4.929600162217454007e-02
nan	1.000000000000000000e+05	1.000000000000000000e+02	nan	6.476678789389325175e-01	1.537023326325036021e-01	4.550081698900650118e-02
nan	1.000000000000000000e+05	1.000000000000000000e+02	nan	6.989167089413399481e-01	1.603977746391609394e-01	4.602863964993847423e-02
nan	1.000000000000000000e+05	1.000000000000000000e+02	nan	7.491178357137755484e-01	1.478249646817301199e-01	4.091474528674870353e-02
nan	1.000000000000000000e+05	1.000000000000000000e+02	nan	7.922860795077895091e-01	1.633771012319100713e-01	4.231792325973970925e-02
nan	1.000000000000000000e+05	1.000000000000000000e+02	nan	8.491442138810327833e-01	1.611198524918658892e-01	4.338041959151953120e-02
nan	1.000000000000000000e+05	1.000000000000000000e+02	nan	8.980852530071956608e-01	1.546230661084014302e-01	3.931633002800518500e-02
nan	1.000000000000000000e+05	1.000000000000000000e+02	nan	8.734104286534660755e-01	1.516727647793213174e-01	4.062218991474308982e-02
nan	1.000000000000000000e+05	1.000000000000000000e+02	nan	9.970648502599317453e-01	1.497067445703580968e-01	3.743034580161340441e-02
nan	1.000000000000000000e+05	1.000000000000000000e+02	nan	1.048916213413292553e+00	1.479269664814718555e-01	3.928576384720318393e-02
nan	1.000000000000000000e+05	1.000000000000000000e+02	nan	1.097185754019051274e+00	1.594916798371066036e-01	3.687209358178811930e-02
nan	1.000000000000000000e+05	1.000000000000000000e+02	nan	1.147239407938684508e+00	1.463002367459550479e-01	3.670571242272676477e-02
nan	1.000000000000000000e+05	1.000000000000000000e+02	nan	1.197894053432435157e+00	1.560064550603371958e-01	3.711067094078696754e-02
nan	1.000000000000000000e+05	1.000000000000000000e+02	nan	1.247869339014300749e+00	1.535707287489031514e-01	3.666679658037871881e-02
nan	1.000000000000000000e+05	1.000000000000000000e+02	nan	1.299130696195732071e+00	1.489300502349827360e-01	3.609443187578247753e-02
nan	1.000000000000000000e+05	1.000000000000000000e+02	nan	1.348051771365874174e+00	1.530203471239859336e-01	3.573787994759403119e-02
nan	1.000000000000000000e+05	1.000000000000000000e+02	nan	1.395929143585192378e+00	1.551690340612535413e-01	3.344709576107510879e-02
nan	1.000000000000000000e+05	1.000000000000000000e+02	nan	1.448653724030862122e+00	1.542641531843426672e-01	3.380250745963987030e-02
nan	1.000000000000000000e+05	1.000000000000000000e+02	nan	1.498280587533884045e+00	1.481876620312405635e-01	3.406260646209355314e-02
nan	1.000000000000000000e+05	1.000000000000000000e+02	nan	1.546797347092820019e+00	1.496444966172145175e-01	3.103097528509184480e-02
nan	1.000000000000000000e+05	1.000000000000000000e+02	nan	1.590857182566878691e+00	1.426346774707979714e-01	3.237374581606076301e-02
nan	1.000000000000000000e+05	1.000000000000000000e+02	nan	1.644301087886162804e+00	1.446819642117475324e-01	3.151913060598228455e-02
nan	1.000000000000000000e+05	1.000000000000000000e+02	nan	1.697226328917622595e+00	1.570866671819115545e-01	3.302775412967770552e-02
nan	1.000000000000000000e+05	1.000000000000000000e+02	nan	1.748843451160610130e+00	1.512928193244167940e-01	3.107455895200444962e-02
nan	1.000000000000000000e+05	1.000000000000000000e+02	nan	1.798717190371121433e+00	1.420113505279762267e-01	3.216057032655232628e-02
nan	1.000000000000000000e+05	1.000000000000000000e+02	nan	1.848048469814784767e+00	1.496849874066795150e-01	3.144304749753040751e-02
nan	1.000000000000000000e+05	1.000000000000000000e+02	nan	1.897542845674990986e+00	1.594464577434729635e-01	3.134915995362516639e-02
nan	1.000000000000000000e+05	1.000000000000000000e+02	nan	1.946870984412214511e+00	1.450404296779033986e-01	3.108399407629273276e-02
nan	1.000000000000000000e+05	1.000000000000000000e+02	nan	1.996546520925733148e+00	1.486044944739433604e-01	3.234996962275219629e-02
nan	1.000000000000000000e+05	1.000000000000000000e+02	nan	9.928264951979315356e-02	1.795484000581895057e-01	1.084322992308130867e-01
nan	1.000000000000000000e+05	1.000000000000000000e+02	nan	1.498218657565857370e-01	1.659728609140176392e-01	8.652630796936315594e-02
nan	1.000000000000000000e+05	1.000000000000000000e+02	nan	1.997497633581133414e-01	1.680360489669665836e-01	7.607138181009774625e-02
nan	1.000000000000000000e+05	1.000000000000000000e+02	nan	2.497453711671866472e-01	1.656633067790015679e-01	7.246422014102546494e-02
nan	1.000000000000000000e+05	1.000000000000000000e+02	nan	2.991551906283120843e-01	1.720373641562700229e-01	6.256701370381570482e-02
nan	1.000000000000000000e+05	1.000000000000000000e+02	nan	3.493914041730761255e-01	1.548424601117409094e-01	6.072113652478934587e-02
nan	1.000000000000000000e+05	1.000000000000000000e+02	nan	3.992398620537187526e-01	1.565656416969107290e-01	5.593239396396694485e-02
nan	1.000000000000000000e+05	1.000000000000000000e+02	nan	4.494791254597458874e-01	1.561473607956749277e-01	5.119801761710130600e-02
nan	1.000000000000000000e+05	1.000000000000000000e+02	nan	4.990349940382117211e-01	1.566808761626868884e-01	5.028552492650906203e-02
nan	1.000000000000000000e+05	1.000000000000000000e+02	nan	5.493447876466746038e-01	1.521274571176048362e-01	5.047557400262799032e-02
nan	1.000000000000000000e+05	1.000000000000000000e+02	nan	5.988978705411511783e-01	1.541505562590775313e-01	4.741818450009193525e-02
nan	1.000000000000000000e+05	1.000000000000000000e+02	nan	6.493003288879890533e-01	1.600619101785883958e-01	4.644004730031957989e-02
nan	1.000000000000000000e+05	1.000000000000000000e+02	nan	6.990909560720126592e-01	1.588633410581469785e-01	4.728361523522089244e-02
nan	1.000000000000000000e+05	1.000000000000000000e+02	nan	7.489743855629740210e-01	1.482594239549966386e-01	4.287915169596250714e-02
nan	1.000000000000000000e+05	1.000000000000000000e+02	nan	7.983840419255159304e-01	1.625599386280580927e-01	4.222454857148023877e-02
nan	1.000000000000000000e+05	1.000000000000000000e+02	nan	8.474383906693674362e-01	1.609443928151783332e-01	4.167625030665599029e-02
nan	1.000000000000000000e+05	1.000000000000000000e+02	nan	8.995816826847260472e-01	1.465941944633510075e-01	4.196422752205045126e-02
nan	1.000000000000000000e+05	1.000000000000000000e+02	nan	9.477936764781702550e-01	1.535022183500071025e-01	3.888304153308196759e-02
nan	1.000000000000000000e+05	1.000000000000000000e+02	nan	9.982625143707650750e-01	1.560198091595162428e-01	3.996695428959369523e-02
nan	1.000000000000000000e+05	1.000000000000000000e+02	nan	1.048479654216066592e+00	1.547397576949574305e-01	3.849254445681239700e-02
nan	1.000000000000000000e+05	1.000000000000000000e+02	nan	1.097637202984174110e+00	1.493546829744570870e-01	3.618664101255829324e-02
nan	1.000000000000000000e+05	1.000000000000000000e+02	nan	1.148766482203711803e+00	1.590569581798013943e-01	3.942189074881786992e-02
nan	1.000000000000000000e+05	1.000000000000000000e+02	nan	1.198347040591556834e+00	1.480074343893988675e-01	3.692338126970311218e-02
nan	1.000000000000000000e+05	1.000000000000000000e+02	nan	1.248977654718544272e+00	1.547215914454412311e-01	3.458128864066884606e-02
nan	1.000000000000000000e+05	1.000000000000000000e+02	nan	1.298907202468342348e+00	1.461510213560731908e-01	3.579383977103076098e-02
nan	1.000000000000000000e+05	1.000000000000000000e+02	nan	1.346960078509482628e+00	1.493671131715203493e-01	3.383117167243039625e-02
nan	1.000000000000000000e+05	1.000000000000000000e+02	nan	1.396911558043143486e+00	1.585639041740412591e-01	3.676695654540346886e-02
nan	1.000000000000000000e+05	1.000000000000000000e+02	nan	1.449186851568242673e+00	1.477158795533116131e-01	3.349237306946485637e-02
nan	1.000000000000000000e+05	1.000000000000000000e+02	nan	1.496467652082458244e+00	1.549876922338399021e-01	3.419600543479579813e-02
nan	1.000000000000000000e+05	1.000000000000000000e+02	nan	1.548390888846597591e+00	1.573953885489757787e-01	3.286915210593857606e-02
nan	1.000000000000000000e+05	1.000000000000000000e+02	nan	1.595110182497990081e+00	1.458397433443869295e-01	3.228236318765466406e-02
nan	1.000000000000000000e+05	1.000000000000000000e+02	nan	1.647717948727574822e+00	1.477149709609886785e-01	3.430529941242026898e-02
nan	1.000000000000000000e+05	1.000000000000000000e+02	nan	1.698584872961816927e+00	1.499163318651511867e-01	3.141458681317259999e-02
nan	1.000000000000000000e+05	1.000000000000000000e+02	nan	1.606339290073199422e+00	1.532462710602153777e-01	3.402544110350781692e-02
nan	1.000000000000000000e+05	1.000000000000000000e+02	nan	1.797560289290174751e+00	1.520023382224494901e-01	3.178249879032858660e-02
nan	1.000000000000000000e+05	1.000000000000000000e+02	nan	1.848080137844590354e+00	1.589755568780333306e-01	3.320845290089989577e-02
nan	1.000000000000000000e+05	1.000000000000000000e+02	nan	1.896622969880354503e+00	1.565512920936988905e-01	3.136270281860301795e-02
nan	1.000000000000000000e+05	1.000000000000000000e+02	nan	1.934635695464862692e+00	1.547346457411222231e-01	3.179224193556683120e-02
nan	1.000000000000000000e+05	1.000000000000000000e+02	nan	1.997451998761960112e+00	1.447747125159880022e-01	3.078361106467725899e-02
nan	1.000000000000000000e+05	1.000000000000000000e+02	nan	9.992712003498027684e-02	1.782290741913628018e-01	1.051694981433368564e-01
nan	1.000000000000000000e+05	1.000000000000000000e+02	nan	1.498579301741784775e-01	1.695841317338276366e-01	8.698295531505108313e-02
nan	1.000000000000000000e+05	1.000000000000000000e+02	nan	1.998002059429992983e-01	1.654032122317976028e-01	7.529279787029222182e-02
nan	1.000000000000000000e+05	1.000000000000000000e+02	nan	2.498941149725979471e-01	1.679808081735702785e-01	6.972284831618100198e-02
nan	1.000000000000000000e+05	1.000000000000000000e+02	nan	2.994937034669789000e-01	1.610517855212308391e-01	6.345493545388175560e-02
nan	1.000000000000000000e+05	1.000000000000000000e+02	nan	3.489758095619350797e-01	1.589303633675512584e-01	6.062601431456459550e-02
nan	1.000000000000000000e+05	1.000000000000000000e+02	nan	3.953023116639258205e-01	1.546926876004607043e-01	5.918455362412701481e-02
nan	1.000000000000000000e+05	1.000000000000000000e+02	nan	4.489805423228858672e-01	1.525889876956347257e-01	5.154745633700179297e-02
nan	1.000000000000000000e+05	1.000000000000000000e+02	nan	4.994363398433847578e-01	1.585977273405429488e-01	4.891427350938601371e-02
nan	1.000000000000000000e+05	1.000000000000000000e+02	nan	5.496375577318701744e-01	1.584641450211527747e-01	4.717258725864616892e-02
nan	1.000000000000000000e+05	1.000000000000000000e+02	nan	5.986711579096493097e-01	1.475774553148731794e-01	4.604372333923566207e-02
nan	1.000000000000000000e+05	1.000000000000000000e+02	nan	6.408498365573791489e-01	1.541261575092319480e-01	4.474876600334339039e-02
nan	1.000000000000000000e+05	1.000000000000000000e+02	nan	6.993133245602791703e-01	1.634142045043086300e-01	4.241863644783593068e-02
nan	1.000000000000000000e+05	1.000000000000000000e+02	nan	7.495086640955150870e-01	1.439670247487911947e-01	4.268089016139135078e-02
nan	1.000000000000000000e+05	1.000000000000000000e+02	nan	7.990227445508537585e-01	1.509928275307412249e-01	4.111439699518495972e-02
nan	1.000000000000000000e+05	1.000000000000000000e+02	nan	8.453684680501112325e-01	1.530141824774458315e-01	4.225664828437242920e-02
nan	1.000000000000000000e+05	1.000000000000000000e+02	nan	8.986930973118489874e-01	1.505594676651933472e-01	4.009434514098737801e-02
nan	1.000000000000000000e+05	1.000000000000000000e+02	nan	9.479531256158111319e-01	1.579379607477139347e-01	3.990822207027248936e-02
nan	1.000000000000000000e+05	1.000000000000000000e+02	nan	9.980228539816096145e-01	1.566518945661393436e-01	4.074843889294632593e-02
nan	1.000000000000000000e+05	1.000000000000000000e+02	nan	9.647043053798018963e-01	1.508175954623032222e-01	3.711260691551638430e-02
nan	1.000000000000000000e+05	1.000000000000000000e+02	nan	1.092769303576289985e+00	1.556671386416323966e-01	3.546229187693742541e-02
nan	1.000000000000000000e+05	1.000000000000000000e+02	nan	1.149054142685884017e+00	1.480960283962519664e-01	3.929689090729267253e-02
nan	1.000000000000000000e+05	1.000000000000000000e+02	nan	1.198535396663089614e+00	1.520125626500379301e-01	3.557796544664450222e-02
nan	1.000000000000000000e+05	1.000000000000000000e+02	nan	1.248754925714820274e+00	1.496818318039296880e-01	3.741390417397455481e-02
nan	1.000000000000000000e+05	1.000000000000000000e+02	nan	1.193440102554914617e+00	1.515044142427159068e-01	3.655240335961030401e-02
nan	1.000000000000000000e+05	1.000000000000000000e+02	nan	1.348032756263705778e+00	1.507540684068547632e-01	3.442785846229838576e-02
nan	1.000000000000000000e+05	1.000000000000000000e+02	nan	1.396991224502073692e+00	1.528530629838223964e-01	3.534809749841766324e-02
nan	1.000000000000000000e+05	1.000000000000000000e+02	nan	1.447704556676455923e+00	1.441958133855288093e-01	3.537081052120036317e-02
nan	1.000000000000000000e+05	1.000000000000000000e+02	nan	1.378898603367057829e+00	1.511679158461361472e-01	3.554891622788656363e-02
nan	1.000000000000000000e+05	1.000000000000000000e+02	nan	1.548177529366512317e+00	1.504035041414324980e-01	3.223825751737917356e-02
nan	1.000000000000000000e+05	1.000000000000000000e+02	nan	1.596438688776345316e+00	1.436693218247377946e-01	3.390257561249553075e-02
nan	1.000000000000000000e+05	1.000000000000000000e+02	nan	1.516057767002151779e+00	1.585161671393311433e-01	3.501133696973526832e-02
nan	1.000000000000000000e+05	1.000000000000000000e+02	nan	1.695647701162158683e+00	1.424965572304556227e-01	3.225447284054971941e-02
nan	1.000000000000000000e+05	1.000000000000000000e+02	nan	1.741419498685900180e+00	1.535870033277514091e-01	3.406671116744869332e-02
nan	1.000000000000000000e+05	1.000000000000000000e+02	nan	1.796088328960252056e+00	1.542828547142589546e-01	3.272296159020517126e-02
nan	1.000000000000000000e+05	1.000000000000000000e+02	nan	1.844730048704832370e+00	1.641234164459976774e-01	3.122927750929548399e-02
nan	1.000000000000000000e+05	1.000000000000000000e+02	nan	1.898086492058439489e+00	1.577769504228909159e-01	3.238557675308430944e-02
nan	1.000000000000000000e+05	1.000000000000000000e+02	nan	1.949266950956030087e+00	1.484696650524793826e-01	3.137811159370519631e-02
nan	1.000000000000000000e+05	1.000000000000000000e+02	nan	1.998376762007183061e+00	1.504834514502357834e-01	3.196012283316071456e-02
nan	1.000000000000000000e+05	1.000000000000000000e+02	nan	9.966851023048661773e-02	1.916149001517840067e-01	1.026173666414039454e-01
nan	1.000000000000000000e+05	1.000000000000000000e+02	nan	1.498228403886798787e-01	1.819955957752692477e-01	9.031944091249373419e-02
nan	1.000000000000000000e+05	1.000000000000000000e+02	nan	1.996550567646906416e-01	1.774173075094065133e-01	7.741334903679854273e-02
nan	1.000000000000000000e+05	1.000000000000000000e+02	nan	2.494236763997648154e-01	1.599567315922796329e-01	7.108138344117437279e-02
nan	1.000000000000000000e+05	1.000000000000000000e+02	nan	2.995469516592521586e-01	1.639848553278095422e-01	6.426640832994000296e-02
nan	1.000000000000000000e+05	1.000000000000000000e+02	nan	3.490790869712441236e-01	1.640245832370859358e-01	5.802525994535577547e-02
nan	1.000000000000000000e+05	1.000000000000000000e+02	nan	3.994843658979050360e-01	1.554379689273322485e-01	5.580075280548860844e-02
nan	1.000000000000000000e+05	1.000000000000000000e+02	nan	4.492083190728095587e-01	1.596205256142385343e-01	5.450757119755089003e-02
nan	1.000000000000000000e+05	1.000000000000000000e+02	nan	4.988816009442444965e-01	1.549302528134092194e-01	4.953647008458875178e-02
nan	1.000000000000000000e+05	1.000000000000000000e+02	nan	5.492880710354768325e-01	1.557257146774184697e-01	4.830241896714945055e-02
nan	1.000000000000000000e+05	1.000000000000000000e+02	nan	5.986601360520467097e-01	1.548535714144023134e-01	4.696351311414589946e-02
nan	1.000000000000000000e+05	1.000000000000000000e+02	nan	6.495525050594039840e-01	1.677696550257044006e-01	4.769184871410332704e-02
nan	1.000000000000000000e+05	1.000000000000000000e+02	nan	6.419125777521030862e-01	1.602006537818138621e-01	4.511934203151851674e-02
nan	1.000000000000000000e+05	1.000000000000000000e+02	nan	7.495257388523555164e-01	1.525474003821973012e-01	4.180294352094151428e-02
nan	1.000000000000000000e+05	1.000000000000000000e+02	nan	7.962172754486971371e-01	1.535094063108969342e-01	4.019015603621081678e-02
nan	1.000000000000000000e+05	1.000000000000000000e+02	nan	8.486126910552229674e-01	1.592867608234771470e-01	4.262400290625897176e-02
nan	1.000000000000000000e+05	1.000000000000000000e+02	nan	8.987141357268910724e-01	1.517922043805520205e-01	3.844429253409442637e-02
nan	1.000000000000000000e+05	1.000000000000000000e+02	nan	9.487754772613357090e-01	1.555659860205191314e-01	4.130590716473096780e-02
nan	1.000000000000000000e+05	1.000000000000000000e+02	nan	9.986671556442843212e-01	1.564257047631918418e-01	3.911561686770129165e-02
nan	1.000000000000000000e+05	1.000000000000000000e+02	nan	1.046551889193949592e+00	1.559585837662517682e-01	3.733787848775631246e-02
nan	1.000000000000000000e+05	1.000000000000000000e+02	nan	1.094261095075580670e+00	1.503981463733102264e-01	3.758400036532319466e-02
nan	1.000000000000000000e+05	1.000000000000000000e+02	nan	1.147398040563871291e+00	1.542010946239549540e-01	3.689053359252821018e-02
nan	1.000000000000000000e+05	1.000000000000000000e+02	nan	1.196570117249223131e+00	1.479178407485811642e-01	3.607785167581616104e-02
nan	1.000000000000000000e+05	1.000000000000000000e+02	nan	1.235535413263846749e+00	1.565784896345047417e-01	3.719711438979831503e-02
nan	1.000000000000000000e+05	1.000000000000000000e+02	nan	1.297647620309021477e+00	1.612486920276178515e-01	3.540850505422031558e-02
nan	1.000000000000000000e+05	1.000000000000000000e+02	nan	1.349310453531586518e+00	1.628890371602834675e-01	3.447350599519584391e-02
nan	1.000000000000000000e+05	1.000000000000000000e+02	nan	1.398628367731248545e+00	1.520514376681343927e-01	3.646453437761953964e-02
nan	1.000000000000000000e+05	1.000000000000000000e+02	nan	1.447880919401313804e+00	1.533074923201948603e-01	3.459584814866242114e-02
nan	1.000000000000000000e+05	1.000000000000000000e+02	nan	1.496607730570815420e+00	1.566343012987689298e-01	3.409697423958000378e-02
nan	1.000000000000000000e+05	1.000000000000000000e+02	nan	1.548027695578014118e+00	1.488401018028811529e-01	3.358901566439245756e-02
nan	1.000000000000000000e+05	1.000000000000000000e+02	nan	1.599248154373128727e+00	1.533765212121103727e-01	3.139140489250316635e-02
nan	1.000000000000000000e+05	1.000000000000000000e+02	nan	1.645997998350139824e+00	1.495304632530660705e-01	3.350907851136159660e-02
nan	1.000000000000000000e+05	1.000000000000000000e+02	nan	1.561599496410024823e+00	1.584229982775586243e-01	3.290505660864805060e-02
nan	1.000000000000000000e+05	1.000000000000000000e+02	nan	1.747587169139592334e+00	1.477632816215481426e-01	3.173137389926254659e-02
nan	1.000000000000000000e+05	1.000000000000000000e+02	nan	1.797593996446664733e+00	1.504940642078840263e-01	3.166794421774581786e-02
nan	1.000000000000000000e+05	1.000000000000000000e+02	nan	1.849222169229506108e+00	1.498377533251021576e-01	3.054315341121468033e-02
nan	1.000000000000000000e+05	1.000000000000000000e+02	nan	1.897848524468656706e+00	1.487607274345526531e-01	3.061957151152753381e-02
nan	1.000000000000000000e+05	1.000000000000000000e+02	nan	1.947641975440205897e+00	1.461282849789684035e-01	3.192331257559155588e-02
nan	1.000000000000000000e+05	1.000000000000000000e+02	nan	1.997484924814386886e+00	1.568296072730543667e-01	3.015173248845025994e-02
nan	1.000000000000000000e+05	1.000000000000000000e+02	nan	9.943427435470653108e-02	1.742005460254519578e-01	1.070445147999005697e-01
nan	1.000000000000000000e+05	1.000000000000000000e+02	nan	1.497216328405599484e-01	1.785643405185711186e-01	8.973372876379014096e-02
nan	1.000000000000000000e+05	1.000000000000000000e+02	nan	1.996443260048152979e-01	1.596683283931538966e-01	7.442473100242386064e-02
nan	1.000000000000000000e+05	1.000000000000000000e+02	nan	2.496902716730318161e-01	1.594720192486295263e-01	6.765899358733894198e-02
nan	1.000000000000000000e+05	1.000000000000000000e+02	nan	2.995917363745661532e-01	1.569796365298235519e-01	6.366536924744688186e-02
nan	1.000000000000000000e+05	1.000000000000000000e+02	nan	3.496559035033612872e-01	1.658258893628115627e-01	6.274607969273572616e-02
nan	1.000000000000000000e+05	1.000000000000000000e+02	nan	3.993666032135791966e-01	1.586445765545409503e-01	5.525381315906076340e-02
nan	1.000000000000000000e+05	1.000000000000000000e+02	nan	4.485989791544540140e-01	1.502372760311830868e-01	5.294816471022088800e-02
nan	1.000000000000000000e+05	1.000000000000000000e+02	nan	4.985051215875273556e-01	1.537306620571783911e-01	4.920225305903158652e-02
nan	1.000000000000000000e+05	1.000000000000000000e+02	nan	5.491192688049295612e-01	1.499747053733240798e-01	5.020806991622983606e-02
nan	1.000000000000000000e+05	1.000000000000000000e+02	nan	5.994157360355529818e-01	1.495844325675843023e-01	4.900728003984444747e-02
nan	1.000000000000000000e+05	1.000000000000000000e+02	nan	6.487741367186004027e-01	1.571813521170318528e-01	4.622925701172901636e-02
nan	1.000000000000000000e+05	1.000000000000000000e+02	nan	6.988467509497127139e-01	1.596070540846532826e-01	4.655528105462959643e-02
nan	1.000000000000000000e+05	1.000000000000000000e+02	nan	7.495510562843321622e-01	1.566581277817995776e-01	4.282063354027493968e-02
nan	1.000000000000000000e+05	1.000000000000000000e+02	nan	7.355937803608370018e-01	1.628466091083274336e-01	4.105846340277888307e-02
nan	1.000000000000000000e+05	1.000000000000000000e+02	nan	8.489305770207806745e-01	1.490439948448832042e-01	4.012501264812712298e-02
nan	1.000000000000000000e+05	1.000000000000000000e+02	nan	8.973652763961297296e-01	1.489572371781267002e-01	4.221944797704399455e-02
nan	1.000000000000000000e+05	1.000000000000000000e+02	nan	9.463002016762516178e-01	1.557791766485565610e-01	4.018553748160047512e-02
nan	1.000000000000000000e+05	1.000000000000000000e+02	nan	9.987225707424158827e-01	1.493325757711497503e-01	3.794990593724299061e-02
nan	1.000000000000000000e+05	1.000000000000000000e+02	nan	1.048617168594489613e+00	1.471704971668232331e-01	4.063269766592159105e-02
nan	1.000000000000000000e+05	1.000000000000000000e+02	nan	1.095538110082827643e+00	1.487882933613347003e-01	3.919308915879876620e-02
nan	1.000000000000000000e+05	1.000000000000000000e+02	nan	1.148827566168108660e+00	1.437507968033967520e-01	3.657578634106022075e-02
nan	1.000000000000000000e+05	1.000000000000000000e+02	nan	1.197349209233493639e+00	1.601787960535368538e-01	3.544757643171911332e-02
nan	1.000000000000000000e+05	1.000000000000000000e+02	nan	1.245751978908685942e+00	1.557083043713159975e-01	3.573336378664584978e-02
nan	1.000000000000000000e+05	1.000000000000000000e+02	nan	1.298998565019189755e+00	1.551219412013941645e-01	3.423959092451114850e-02
nan	1.000000000000000000e+05	1.000000000000000000e+02	nan	1.349030912209457256e+00	1.472866251679063598e-01	3.485815254650306144e-02
nan	1.000000000000000000e+05	1.000000000000000000e+02	nan	1.396219489056193197e+00	1.504802282848454187e-01	3.590243777514813550e-02
nan	1.000000000000000000e+05	1.000000000000000000e+02	nan	1.447181860082707772e+00	1.470918736112071246e-01	3.208351814901315435e-02
nan	1.000000000000000000e+05	1.000000000000000000e+02	nan	1.496815915386605411e+00	1.586659809989415804e-01	3.290708370964882251e-02
nan	1.000000000000000000e+05	1.000000000000000000e+02	nan	1.538927441721909872e+00	1.466665813791974970e-01	3.309841563792743913e-02
nan	1.000000000000000000e+05	1.000000000000000000e+02	nan	1.598026520393773353e+00	1.544588593614578120e-01	3.373493828713584886e-02
nan	1.000000000000000000e+05	1.000000000000000000e+02	nan	1.646525967933996526e+00	1.620007241699563671e-01	3.426196896511134182e-02
nan	1.000000000000000000e+05	1.000000000000000000e+02	nan	1.698125744763331113e+00	1.470229176912211388e-01	3.291337710516190757e-02
nan	1.000000000000000000e+05	1.000000000000000000e+02	nan	1.598067366357125874e+00	1.534224980828062246e-01	3.283127252937899365e-02
nan	1.000000000000000000e+05	1.000000000000000000e+02	nan	1.797210499463972155e+00	1.444960823474212286e-01	3.289015342077739046e-02
nan	1.000000000000000000e+05	1.000000000000000000e+02	nan	1.836483245290594368e+00	1.479365325165657719e-01	3.030229552601527640e-02
nan	1.000000000000000000e+05	1.000000000000000000e+02	nan	1.890670058967657496e+00	1.510219525270539986e-01	3.095179849215220352e-02
nan	1.000000000000000000e+05	1.000000000000000000e+02	nan	1.947458290882138954e+00	1.486409723475862199e-01	3.249166756259068423e-02
nan	1.000000000000000000e+05	1.000000000000000000e+02	nan	1.996879337917505381e+00	1.503519224440627300e-01	3.186880551770774478e-02
nan	1.000000000000000000e+05	1.000000000000000000e+02	nan	9.992709524354026485e-02	1.844996827982504639e-01	1.072085697699675655e-01
nan	1.000000000000000000e+05	1.000000000000000000e+02	nan	1.498609534299717438e-01	1.686822637874337005e-01	8.790949617803586746e-02
nan	1.000000000000000000e+05	1.000000000000000000e+02	nan	1.998672901077043207e-01	1.703543768032382277e-01	7.599757435329285160e-02
nan	1.000000000000000000e+05	1.000000000000000000e+02	nan	2.483441483595498767e-01	1.628732197032935758e-01	6.992073949891344786e-02
nan	1.000000000000000000e+05	1.000000000000000000e+02	nan	2.992648963037964904e-01	1.615738181281886343e-01	6.782937909164712953e-02
nan	1.000000000000000000e+05	1.000000000000000000e+02	nan	3.495922101853068398e-01	1.638817830081777949e-01	5.902735144787087801e-02
nan	1.000000000000000000e+05	1.000000000000000000e+02	nan	3.967190694206692569e-01	1.517868512952667559e-01	5.501351033347638003e-02
nan	1.000000000000000000e+05	1.000000000000000000e+02	nan	4.496575159601974292e-01	1.548404011485563503e-01	5.393066998513287164e-02
nan	1.000000000000000000e+05	1.000000000000000000e+02	nan	4.994416963133545551e-01	1.577593857375911846e-01	5.160109928586014555e-02
nan	1.000000000000000000e+05	1.000000000000000000e+02	nan	5.494944758238773375e-01	1.634140904227777691e-01	4.925943352779303674e-02
nan	1.000000000000000000e+05	1.000000000000000000e+02	nan	5.992299351122198914e-01	1.520793268113327101e-01	4.900227398716958116e-02
nan	1.000000000000000000e+05	1.000000000000000000e+02	nan	6.495341717773612800e-01	1.533181078615786785e-01	4.707428927259757478e-02
nan	1.000000000000000000e+05	1.000000000000000000e+02	nan	6.992877459786939198e-01	1.584103480232528227e-01	4.174234265740769945e-02
nan	1.000000000000000000e+05	1.000000000000000000e+02	nan	7.484125745767471471e-01	1.530815099668162149e-01	4.390052790230375424e-02
nan	1.000000000000000000e+05	1.000000000000000000e+02	nan	7.962746929367483517e-01	1.573549104807900889e-01	4.248374411370882398e-02
nan	1.000000000000000000e+05	1.000000000000000000e+02	nan	8.482334591492701747e-01	1.603644288762018921e-01	4.403108093859336991e-02
nan	1.000000000000000000e+05	1.000000000000000000e+02	nan	8.980095634416898065e-01	1.464703403787622760e-01	4.147046915683265389e-02
nan	1.000000000000000000e+05	1.000000000000000000e+02	nan	9.486029893841703142e-01	1.630096493246042944e-01	4.137059161405885060e-02
nan	1.000000000000000000e+05	1.000000000000000000e+02	nan	9.983840252866400533e-01	1.515070262779266708e-01	3.843553123018415840e-02
nan	1.000000000000000000e+05	1.000000000000000000e+02	nan	1.048461788957467888e+00	1.523000472387462390e-01	3.702262753406414253e-02
nan	1.000000000000000000e+05	1.000000000000000000e+02	nan	1.098781986732660698e+00	1.492343198699277174e-01	3.932480824703013522e-02
nan	1.000000000000000000e+05	1.000000000000000000e+02	nan	1.147995709861902469e+00	1.450014983185387019e-01	3.668869013310861737e-02
nan	1.000000000000000000e+05	1.000000000000000000e+02	nan	1.198030377125235191e+00	1.456810834068668625e-01	3.595627657683360401e-02
nan	1.000000000000000000e+05	1.000000000000000000e+02	nan	1.247676131814785094e+00	1.563589404364350566e-01	3.507451426333816485e-02
nan	1.000000000000000000e+05	1.000000000000000000e+02	nan	1.298339835750653037e+00	1.577840215999789242e-01	3.640903006627674299e-02
nan	1.000000000000000000e+05	1.000000000000000000e+02	nan	1.347691067747803118e+00	1.569577721535722614e-01	3.477748244307540121e-02
nan	1.000000000000000000e+05	1.000000000000000000e+02	nan	1.397691716210147206e+00	1.505606284322638933e-01	3.558149667041402009e-02
nan	1.000000000000000000e+05	1.000000000000000000e+02	nan	1.449010032665285053e+00	1.505133382317447865e-01	3.364782082219377329e-02
nan	1.000000000000000000e+05	1.000000000000000000e+02	nan	1.496736375828731980e+00	1.468331531875788631e-01	3.358818786724837580e-02
nan	1.000000000000000000e+05	1.000000000000000000e+02	nan	1.547247757693867243e+00	1.435228429184955412e-01	3.264133752673057526e-02
nan	1.000000000000000000e+05	1.000000000000000000e+02	nan	1.597572857018406012e+00	1.448992582798657724e-01	3.167365862932703530e-02
nan	1.000000000000000000e+05	1.000000000000000000e+02	nan	1.646968846383970231e+00	1.481607705348507720e-01	3.157331283772030900e-02
nan	1.000000000000000000e+05	1.000000000000000000e+02	nan	1.697663265536846211e+00	1.431415865556474598e-01	3.194738225720366448e-02
nan	1.000000000000000000e+05	1.000000000000000000e+02	nan	1.745704573701402751e+00	1.528297837149608096e-01	3.130527322834267268e-02
nan	1.000000000000000000e+05	1.000000000000000000e+02	nan	1.795875461737580281e+00	1.462532117307322743e-01	3.305478089628161031e-02
nan	1.000000000000000000e+05	1.000000000000000000e+02	nan	1.833887206263511871e+00	1.470742738449681009e-01	3.239420455868181892e-02
nan	1.000000000000000000e+05	1.000000000000000000e+02	nan	1.898632552037554433e+00	1.462571238197824530e-01	3.253850606182649707e-02
nan	1.000000000000000000e+05	1.000000000000000000e+02	nan	1.945606308590811295e+00	1.491909510696928232e-01	3.202175354273245622e-02
nan	1.000000000000000000e+05	1.000000000000000000e+02	nan	1.995860529195283561e+00	1.459873426607058433e-01	3.054949268699943404e-02
