# SourcePhotonFlux	NumberRaysSurvived	PercentageRaysSurvived	PhotonFlux	Bandwidth	HorizontalFocusFWHM	VerticalFocusFWHM
nan	4.733600000000000364e+03	4.733600000000000030e+00	nan	4.274580779866710319e-03	4.985161742856538541e-02	2.357174299589254868e-02
nan	5.886399999999999636e+03	5.886400000000000077e+00	nan	7.876508858100806504e-03	4.220180302060685257e-02	2.406066058823373710e-02
nan	6.819199999999999818e+03	6.819200000000000372e+00	nan	1.222590426260126116e-02	4.033864982963381030e-02	2.399147467927498917e-02
nan	7.605199999999999818e+03	7.605199999999999072e+00	nan	1.711824913128907541e-02	3.327721656752716251e-02	2.399878445595987619e-02
nan	8.313399999999999636e+03	8.313400000000001455e+00	nan	2.369627002150309636e-02	3.203869254891257567e-02	2.371239153055920701e-02
nan	8.986399999999999636e+03	8.986399999999999721e+00	nan	2.926823579965685124e-02	3.011349500332941714e-02	2.365175034093909556e-02
nan	9.580799999999999272e+03	9.580799999999999983e+00	nan	3.605895801208589685e-02	2.760446755303267927e-02	2.376037101021121617e-02
nan	1.015500000000000000e+04	1.015499999999999936e+01	nan	4.277708077534043973e-02	2.663637646151533270e-02	2.382680141255537690e-02
nan	1.075520000000000073e+04	1.075519999999999854e+01	nan	5.023545038176280286e-02	2.542400806106694805e-02	2.354110283416999821e-02
nan	1.131020000000000073e+04	1.131020000000000003e+01	nan	5.689012955685938955e-02	2.631870413009884668e-02	2.419781412602960841e-02
nan	1.186420000000000073e+04	1.186420000000000030e+01	nan	6.505388113735080524e-02	2.378640922612532821e-02	2.421590048623260133e-02
nan	1.226800000000000000e+04	1.226799999999999891e+01	nan	7.484301752560895693e-02	2.476201169642226405e-02	2.366886513737626041e-02
nan	1.277600000000000000e+04	1.277599999999999980e+01	nan	8.494860386736036162e-02	2.344140430510875325e-02	2.369918898083683834e-02
nan	1.311500000000000000e+04	1.311500000000000021e+01	nan	9.305083662113702858e-02	2.239453985920395948e-02	2.386013782599197275e-02
nan	1.360479999999999927e+04	1.360480000000000089e+01	nan	1.012149200762905848e-01	2.205200923637306784e-02	2.453764791207990043e-02
nan	1.393800000000000000e+04	1.393799999999999883e+01	nan	1.115880910898567890e-01	2.131064207507698399e-02	2.462053411266825614e-02
nan	1.450720000000000073e+04	1.450720000000000098e+01	nan	1.199705765840690247e-01	2.160836815443161960e-02	2.426398718536197305e-02
nan	1.481300000000000000e+04	1.481299999999999883e+01	nan	1.305350238996197676e-01	2.167080440401562141e-02	2.428641095051863041e-02
nan	1.524739999999999964e+04	1.524739999999999895e+01	nan	1.443227747192850074e-01	2.055970494299931214e-02	2.463872252901686682e-02
nan	1.551179999999999927e+04	1.551179999999999914e+01	nan	1.549920625524464357e-01	1.985497255075378137e-02	2.475690312131441709e-02
nan	1.598839999999999964e+04	1.598840000000000217e+01	nan	1.678783639286393625e-01	1.996965671732858078e-02	2.473512606144915443e-02
nan	1.639120000000000073e+04	1.639120000000000132e+01	nan	1.771758621182016324e-01	1.922435976755281287e-02	2.477127950729600056e-02
nan	1.666800000000000000e+04	1.666799999999999926e+01	nan	1.899786372762264364e-01	1.967200692387820887e-02	2.446876122519105884e-02
nan	1.700540000000000146e+04	1.700540000000000163e+01	nan	2.007194656748197414e-01	1.877902263481408957e-02	2.474410907907105203e-02
nan	1.727900000000000000e+04	1.727900000000000347e+01	nan	2.108851589501227752e-01	1.872827868448573990e-02	2.461323628642122369e-02
nan	1.761220000000000073e+04	1.761220000000000141e+01	nan	2.243758742282352669e-01	1.909867402763596594e-02	2.455582858353597825e-02
nan	1.805000000000000000e+04	1.805000000000000071e+01	nan	2.371518399635078878e-01	1.871206410879217366e-02	2.474171661473427777e-02
nan	1.827100000000000000e+04	1.827099999999999724e+01	nan	2.473387898069631663e-01	1.935861391380665555e-02	2.475002528411818919e-02
nan	1.855140000000000146e+04	1.855140000000000100e+01	nan	2.620923094721547275e-01	1.917189261834464920e-02	2.475173141705751603e-02
nan	1.893500000000000000e+04	1.893499999999999517e+01	nan	2.810675168396301049e-01	1.768422471711136174e-02	2.474445035427293507e-02
nan	1.919379999999999927e+04	1.919379999999999953e+01	nan	2.904547081562668387e-01	1.826338622236203454e-02	2.476257732472462308e-02
nan	1.955400000000000000e+04	1.955400000000000205e+01	nan	3.079722400992522813e-01	1.746129712593018704e-02	2.478401942777634995e-02
nan	1.982759999999999854e+04	1.982760000000000034e+01	nan	3.226434608687213657e-01	1.834232961004432158e-02	2.481344204312052257e-02
nan	2.023740000000000146e+04	2.023740000000000094e+01	nan	3.397248100005526572e-01	1.866632373620314561e-02	2.479013149304135077e-02
nan	2.035820000000000073e+04	2.035820000000000007e+01	nan	3.477512223015309933e-01	1.761858301574854152e-02	2.480101640123718448e-02
nan	2.067659999999999854e+04	2.067660000000000053e+01	nan	3.640854682969347778e-01	1.756923248782733121e-02	2.479162210623040916e-02
nan	2.098779999999999927e+04	2.098780000000000001e+01	nan	3.811244205186085088e-01	1.755105852414807349e-02	2.478279250436630707e-02
nan	2.125759999999999854e+04	2.125760000000000360e+01	nan	3.929542322181532876e-01	1.692009949972637234e-02	2.478864567799284047e-02
nan	2.165579999999999927e+04	2.165580000000000283e+01	nan	4.063578688996585808e-01	1.718025390260533719e-02	2.483622454502188923e-02
nan	2.343599999999999909e+03	2.343599999999999905e+00	nan	2.493087207065514208e-03	5.043068728937739886e-02	1.185456608865100014e-02
nan	2.935800000000000182e+03	2.935799999999999965e+00	nan	4.476958640947259309e-03	4.496786916078561458e-02	1.173869074577041198e-02
nan	3.410599999999999909e+03	3.410600000000000076e+00	nan	6.608925659952547341e-03	3.730651464529738393e-02	1.201624411963415386e-02
nan	3.821800000000000182e+03	3.821799999999999642e+00	nan	8.973066729572565584e-03	3.552808094951216689e-02	1.190809000919767179e-02
nan	4.199199999999999818e+03	4.199199999999999378e+00	nan	1.145821184347823804e-02	3.306965643427849100e-02	1.203650276776578078e-02
nan	4.483399999999999636e+03	4.483399999999999608e+00	nan	1.396275663772712436e-02	2.993166600646150408e-02	1.200272866949683888e-02
nan	4.753000000000000000e+03	4.753000000000000114e+00	nan	1.723860196976829615e-02	2.930183360457766506e-02	1.197373480601494032e-02
nan	5.081800000000000182e+03	5.081799999999999429e+00	nan	2.066874981506998735e-02	2.778763186512304625e-02	1.207211716563830195e-02
nan	5.332800000000000182e+03	5.332799999999999763e+00	nan	2.392322557717534506e-02	2.871392514225123982e-02	1.192589068404960664e-02
nan	5.647199999999999818e+03	5.647199999999999775e+00	nan	2.888121456796852865e-02	2.516748901510839492e-02	1.195223718906108200e-02
nan	5.886199999999999818e+03	5.886199999999999655e+00	nan	3.262980245190192502e-02	2.436833707365434337e-02	1.197562321713893478e-02
nan	6.134199999999999818e+03	6.134199999999999875e+00	nan	3.564842324776691662e-02	2.457210798084896036e-02	1.193834319071999592e-02
nan	6.409000000000000000e+03	6.409000000000000696e+00	nan	4.126194090038097506e-02	2.365479598512539375e-02	1.194163109267486547e-02
nan	6.594600000000000364e+03	6.594599999999999795e+00	nan	4.579836343134502386e-02	2.341950128668750936e-02	1.191344927613225031e-02
nan	6.867600000000000364e+03	6.867600000000000371e+00	nan	5.130982399873573740e-02	2.227814351438139884e-02	1.181617895214779473e-02
nan	7.013800000000000182e+03	7.013799999999998924e+00	nan	5.473239406669563184e-02	2.120556078596970775e-02	1.214056730933321324e-02
nan	7.247800000000000182e+03	7.247800000000000686e+00	nan	6.015316905384224949e-02	2.239986566656261210e-02	1.213263412124408747e-02
nan	7.428000000000000000e+03	7.427999999999999936e+00	nan	6.387742182637339006e-02	2.080375239087419240e-02	1.218859978821382715e-02
nan	7.636199999999999818e+03	7.636199999999999655e+00	nan	6.797100678866171974e-02	2.103226334655814572e-02	1.223602714876309214e-02
nan	7.844199999999999818e+03	7.844199999999998951e+00	nan	7.620699673962008647e-02	2.043850461838013499e-02	1.215543032952902218e-02
nan	7.978199999999999818e+03	7.978199999999999292e+00	nan	8.135971903939206995e-02	2.024577966303491711e-02	1.218633432235848371e-02
nan	8.174399999999999636e+03	8.174400000000000333e+00	nan	8.510536215790125147e-02	1.984426291840273721e-02	1.228206469028396766e-02
nan	8.447000000000000000e+03	8.446999999999999176e+00	nan	9.357109876227695522e-02	1.902717832976726434e-02	1.219506444548475350e-02
nan	8.499600000000000364e+03	8.499600000000000932e+00	nan	9.510642851050761515e-02	1.952333230663317459e-02	1.220876368196486747e-02
nan	8.625200000000000728e+03	8.625199999999999534e+00	nan	1.019048130327064455e-01	1.923116377298590002e-02	1.221211635529591624e-02
nan	8.894399999999999636e+03	8.894400000000000972e+00	nan	1.121106515525752967e-01	1.856419995300088305e-02	1.211200449849459543e-02
nan	8.987600000000000364e+03	8.987600000000000477e+00	nan	1.173774732723813913e-01	1.818157216529837222e-02	1.232890338770353637e-02
nan	9.166000000000000000e+03	9.166000000000000369e+00	nan	1.237161176319205025e-01	1.816449735321331790e-02	1.199308613667081531e-02
nan	9.269000000000000000e+03	9.269000000000000128e+00	nan	1.276144932344323024e-01	1.932331907812269781e-02	1.231490543874943014e-02
nan	9.480000000000000000e+03	9.480000000000000426e+00	nan	1.338464344624753777e-01	1.782637989877771528e-02	1.232941649466000322e-02
nan	9.686399999999999636e+03	9.686400000000000787e+00	nan	1.447072583712269989e-01	1.838982220649960225e-02	1.218305504881010692e-02
nan	9.856000000000000000e+03	9.855999999999999872e+00	nan	1.512498586758283525e-01	1.777064167489320404e-02	1.226160100901912617e-02
nan	9.818399999999999636e+03	9.818400000000000460e+00	nan	1.570931663651208565e-01	1.813194620564447662e-02	1.226247036853114931e-02
nan	1.009860000000000036e+04	1.009859999999999935e+01	nan	1.651293784320841951e-01	1.826054231126456387e-02	1.225156681606715502e-02
nan	1.022200000000000000e+04	1.022199999999999953e+01	nan	1.682932150441047159e-01	1.775845308319543708e-02	1.238724584972480600e-02
nan	1.041739999999999964e+04	1.041740000000000066e+01	nan	1.804940333829108678e-01	1.785313688509113095e-02	1.235809020519278156e-02
nan	1.040479999999999927e+04	1.040479999999999805e+01	nan	1.859637145086708299e-01	1.669613490153536856e-02	1.235195550037981350e-02
nan	1.067079999999999927e+04	1.067079999999999806e+01	nan	1.911943973173492739e-01	1.648267090886862407e-02	1.237143875621612120e-02
nan	1.078900000000000000e+04	1.078899999999999793e+01	nan	2.023396888735078392e-01	1.726764831680779183e-02	1.240058399583565153e-02
nan	4.141999999999999886e+02	4.142000000000000126e-01	nan	1.572792416163793037e-03	5.250122168058405508e-02	2.098797159519373741e-03
nan	5.633999999999999773e+02	5.634000000000000119e-01	nan	2.592128915426883569e-03	3.815736207056392992e-02	2.180252343151150435e-03
nan	6.263999999999999773e+02	6.264000000000000679e-01	nan	3.341983058726327813e-03	3.457043871277225983e-02	2.193490445856196343e-03
nan	7.226000000000000227e+02	7.226000000000001311e-01	nan	4.490441085135898729e-03	3.202757992964000433e-02	2.321793566650189825e-03
nan	7.827999999999999545e+02	7.828000000000000513e-01	nan	6.007485079692287400e-03	2.862822618089768192e-02	2.364958518368058017e-03
nan	8.652000000000000455e+02	8.652000000000000801e-01	nan	6.826075429444244946e-03	2.667420286771924470e-02	2.302431940357642197e-03
nan	9.460000000000000000e+02	9.460000000000000631e-01	nan	8.652344722463567450e-03	2.597974046624960259e-02	2.343449676049732741e-03
nan	9.903999999999999773e+02	9.903999999999999471e-01	nan	1.004106896383518722e-02	2.833530838895036499e-02	2.353987774915262694e-03
nan	1.094400000000000091e+03	1.094399999999999817e+00	nan	1.090149298970572930e-02	2.437590749409982577e-02	2.338394569615397968e-03
nan	1.130799999999999955e+03	1.130800000000000027e+00	nan	1.122534232958969334e-02	2.480614538564840030e-02	2.320627692161802286e-03
nan	1.138799999999999955e+03	1.138800000000000257e+00	nan	1.129757986775530368e-02	2.416460434083865169e-02	2.313566807592422597e-03
nan	1.188000000000000000e+03	1.187999999999999945e+00	nan	1.274568831377109746e-02	2.447650109854479852e-02	2.345232213763519084e-03
nan	1.270799999999999955e+03	1.270799999999999930e+00	nan	1.438654084329300462e-02	2.070805208092799110e-02	2.366912183777976440e-03
nan	1.326000000000000000e+03	1.326000000000000068e+00	nan	1.461669585364688828e-02	2.105796083232194110e-02	2.352621428316309122e-03
nan	1.361799999999999955e+03	1.361800000000000122e+00	nan	1.815279516772534338e-02	2.238106065342401058e-02	2.377502338022161998e-03
nan	1.417400000000000091e+03	1.417399999999999993e+00	nan	2.037018980176981062e-02	2.087526732035161967e-02	2.376113568000244071e-03
nan	1.434000000000000000e+03	1.434000000000000163e+00	nan	1.910911020190724299e-02	2.213702450976979402e-02	2.352133479268236817e-03
nan	1.521000000000000000e+03	1.521000000000000130e+00	nan	2.158550125359397567e-02	2.145428813903454274e-02	2.377919372448464904e-03
nan	1.518200000000000045e+03	1.518199999999999772e+00	nan	2.010359098865137709e-02	1.936228509298466155e-02	2.386311831812302966e-03
nan	1.551599999999999909e+03	1.551599999999999868e+00	nan	2.281194531556138966e-02	1.920197034915104364e-02	2.369261394390180346e-03
nan	1.589400000000000091e+03	1.589399999999999924e+00	nan	2.254064247276801186e-02	1.947605284274882623e-02	2.363763043373599913e-03
nan	1.630799999999999955e+03	1.630800000000000027e+00	nan	2.515596486650793079e-02	1.861812469425935812e-02	2.350828704990021775e-03
nan	1.645799999999999955e+03	1.645800000000000152e+00	nan	2.733442606418066273e-02	1.814391236677662458e-02	2.368975468398070491e-03
nan	1.738400000000000091e+03	1.738399999999999945e+00	nan	2.864725648519197282e-02	1.925797235748431119e-02	2.375702909766432263e-03
nan	1.721599999999999909e+03	1.721599999999999797e+00	nan	2.907640656521835038e-02	1.879731459531699955e-02	2.418689488437486112e-03
nan	1.765599999999999909e+03	1.765599999999999836e+00	nan	3.053798762562109914e-02	1.756283127184732340e-02	2.414618255464628504e-03
nan	1.770799999999999955e+03	1.770800000000000152e+00	nan	3.150424350196771861e-02	1.781418492162008607e-02	2.382884944140485455e-03
nan	1.803599999999999909e+03	1.803600000000000092e+00	nan	3.536503434420410624e-02	1.848421709067806645e-02	2.413330718738786358e-03
nan	1.892000000000000000e+03	1.891999999999999904e+00	nan	3.358351287733966906e-02	1.892683895938137087e-02	2.380912096342262946e-03
nan	1.869799999999999955e+03	1.869800000000000129e+00	nan	3.607551304085063887e-02	1.722988166582842956e-02	2.355541174969914050e-03
nan	1.927599999999999909e+03	1.927599999999999980e+00	nan	4.107664003654463297e-02	1.745667562032617373e-02	2.366918183436304314e-03
nan	1.943799999999999955e+03	1.943800000000000194e+00	nan	3.911441772315811527e-02	1.755030599453175078e-02	2.381943531042944508e-03
nan	1.987599999999999909e+03	1.987600000000000033e+00	nan	3.894093911276286235e-02	1.783135446296486154e-02	2.350070358366390926e-03
nan	2.013200000000000045e+03	2.013199999999999878e+00	nan	4.110027502506454627e-02	1.626992628684665460e-02	2.375984040929379499e-03
nan	2.061199999999999818e+03	2.061200000000000365e+00	nan	4.104710539459120039e-02	1.671466599292328881e-02	2.398522900652532309e-03
nan	2.073000000000000000e+03	2.072999999999999954e+00	nan	4.479590158221071622e-02	1.719232735843897672e-02	2.363292816749072798e-03
nan	2.085199999999999818e+03	2.085199999999999498e+00	nan	4.479342961662950706e-02	1.675493873010435592e-02	2.387348041034632797e-03
nan	2.098199999999999818e+03	2.098199999999999843e+00	nan	4.746170375847214018e-02	1.729508341395087634e-02	2.368546842461277408e-03
nan	2.150199999999999818e+03	2.150200000000000333e+00	nan	4.746478965976166225e-02	1.648691805500345636e-02	2.380097555986811133e-03
