# SourcePhotonFlux	NumberRaysSurvived	PercentageRaysSurvived	PhotonFlux	Bandwidth	HorizontalFocusFWHM	VerticalFocusFWHM
nan	1.352500000000000000e+02	1.352499999999999813e-01	nan	5.446950068845879400e-04	1.413493361059512191e-02	6.424034513727789383e-04
nan	1.642500000000000000e+02	1.642500000000000071e-01	nan	7.330359207919912023e-04	1.074329019329919518e-02	6.919245150298440877e-04
nan	1.968750000000000000e+02	1.968749999999999944e-01	nan	9.406183240248111588e-04	1.118254501051918481e-02	6.859812668336112002e-04
nan	2.190000000000000000e+02	2.190000000000000002e-01	nan	1.326689716510287553e-03	9.114689657395381658e-03	6.929580580806451399e-04
nan	2.506250000000000000e+02	2.506249999999999867e-01	nan	1.671825258206638409e-03	9.679030452396219369e-03	7.004374556108589793e-04
nan	2.707500000000000000e+02	2.707499999999999907e-01	nan	2.036798210045986934e-03	8.421497469300546351e-03	7.004022762857843240e-04
nan	2.881250000000000000e+02	2.881249999999999645e-01	nan	2.396140799234558472e-03	7.003153915377347515e-03	7.042051365841457515e-04
nan	3.166250000000000000e+02	3.166249999999999898e-01	nan	2.388944527854874877e-03	7.921664772676572167e-03	7.018888600719972500e-04
nan	3.300625000000000000e+02	3.300624999999999809e-01	nan	3.142545220445214227e-03	7.370373739170753627e-03	6.882897010596953453e-04
nan	3.521250000000000000e+02	3.521249999999999658e-01	nan	2.894109820104517894e-03	6.965433780128086304e-03	7.100908756290929148e-04
nan	3.593125000000000000e+02	3.593124999999999791e-01	nan	3.562765777544996126e-03	6.209159289370460438e-03	6.975266162017349988e-04
nan	3.859375000000000000e+02	3.859374999999999889e-01	nan	3.724976580691929939e-03	6.000010679425127336e-03	7.102582894275692206e-04
nan	3.865625000000000000e+02	3.865624999999999756e-01	nan	4.036973816852196251e-03	6.024958617890015591e-03	7.108196233817375186e-04
nan	4.036250000000000000e+02	4.036249999999999560e-01	nan	5.070533054883696877e-03	6.308492857723626245e-03	7.031986278261724913e-04
nan	4.201875000000000000e+02	4.201875000000000471e-01	nan	4.512304944533696016e-03	5.819561393476087655e-03	7.107693764315749143e-04
nan	4.315000000000000000e+02	4.314999999999999947e-01	nan	5.317992744956256956e-03	6.077867923709226114e-03	7.089483354315974720e-04
nan	4.422500000000000000e+02	4.422500000000000320e-01	nan	5.155643196928849648e-03	5.794585040229073211e-03	7.163421946713253042e-04
nan	4.513125000000000000e+02	4.513125000000000053e-01	nan	5.515966239613590005e-03	5.066743416198057209e-03	7.237585351240748447e-04
nan	4.739375000000000000e+02	4.739375000000000115e-01	nan	6.044861441914406441e-03	5.428146727387205168e-03	7.117918837765191192e-04
nan	4.823125000000000000e+02	4.823125000000000329e-01	nan	6.364950214077680357e-03	5.431123954253441397e-03	7.168441445026391395e-04
nan	4.904375000000000000e+02	4.904374999999999707e-01	nan	6.844893280543828951e-03	4.985013777087562645e-03	7.247296728214093920e-04
nan	5.028750000000000000e+02	5.028750000000000719e-01	nan	6.996888200461626184e-03	4.807568299730405337e-03	7.119616857598112369e-04
nan	5.201250000000000000e+02	5.201249999999999485e-01	nan	6.983889125123710073e-03	5.263302464756925737e-03	7.204833797368906476e-04
nan	5.284375000000000000e+02	5.284375000000000044e-01	nan	8.262545880526772635e-03	4.797961239321018624e-03	7.027086787052522860e-04
nan	5.375625000000000000e+02	5.375624999999999432e-01	nan	8.151083141427761802e-03	4.950991762590792669e-03	7.180699539062404546e-04
nan	5.354375000000000000e+02	5.354375000000000107e-01	nan	8.415242139889755890e-03	4.951546523297274682e-03	7.160589756751730263e-04
nan	5.556250000000000000e+02	5.556250000000000355e-01	nan	9.188806284186057383e-03	4.812225068757261005e-03	7.149423934553812178e-04
nan	5.670000000000000000e+02	5.669999999999999485e-01	nan	9.575485402521621836e-03	5.049920100890022308e-03	7.131501596129064023e-04
nan	5.828750000000000000e+02	5.828750000000000320e-01	nan	9.772742629948538706e-03	5.037770915892437855e-03	7.254525238333715560e-04
nan	5.920000000000000000e+02	5.920000000000000817e-01	nan	9.957545978210191606e-03	4.721909357449801357e-03	7.258326092732322746e-04
nan	5.915625000000000000e+02	5.915624999999999911e-01	nan	1.070534743048767723e-02	4.789240282892120483e-03	7.151880228268344547e-04
nan	6.039375000000000000e+02	6.039375000000000160e-01	nan	1.078253904476866865e-02	4.796473314351841315e-03	7.204414937587607076e-04
nan	6.136250000000000000e+02	6.136249999999999760e-01	nan	1.068857656869681705e-02	4.721009962175441721e-03	7.164062601722209506e-04
nan	6.171250000000000000e+02	6.171249999999999236e-01	nan	1.291555145206757516e-02	4.983946144769509264e-03	7.087253970265133384e-04
nan	6.309375000000000000e+02	6.309375000000000400e-01	nan	1.234280244618446432e-02	4.622328779656482804e-03	7.156360724970499930e-04
nan	6.458125000000000000e+02	6.458125000000000115e-01	nan	1.291822540912335171e-02	4.524107515027069905e-03	7.225142466885475746e-04
nan	6.521250000000000000e+02	6.521249999999999547e-01	nan	1.319719610543756971e-02	4.786487169653816896e-03	7.212009226014812896e-04
nan	6.632500000000000000e+02	6.632500000000000062e-01	nan	1.399093600748813060e-02	4.457804746871601997e-03	7.318960325634802332e-04
nan	6.758750000000000000e+02	6.758750000000000036e-01	nan	1.384677079985863202e-02	4.328866098729434141e-03	7.228529971027693396e-04
nan	1.099375000000000000e+02	1.099375000000000074e-01	nan	5.208144441821715986e-04	1.425544025697448106e-02	4.884964355787164807e-04
nan	1.373750000000000000e+02	1.373749999999999971e-01	nan	8.143005197034369758e-04	9.940347851557103029e-03	5.503293642230725011e-04
nan	1.641875000000000000e+02	1.641875000000000140e-01	nan	9.999260497401962766e-04	1.045155753371782362e-02	5.619268133737879457e-04
nan	1.838750000000000000e+02	1.838750000000000107e-01	nan	1.274670955908163705e-03	1.108540640686634174e-02	5.474260531334769475e-04
nan	2.018125000000000000e+02	2.018125000000000058e-01	nan	1.865177201928247541e-03	8.696478592867156951e-03	5.783962924412499370e-04
nan	2.236250000000000000e+02	2.236250000000000182e-01	nan	1.779180201125996064e-03	7.016245623201002035e-03	5.769605429746373169e-04
nan	2.402500000000000000e+02	2.402500000000000191e-01	nan	1.970820124235217463e-03	7.963878784615444420e-03	5.816175791240712741e-04
nan	2.567500000000000000e+02	2.567500000000000338e-01	nan	2.137184876097819597e-03	6.657184134674714107e-03	5.852571045884193569e-04
nan	2.731250000000000000e+02	2.731250000000000067e-01	nan	2.707660785649323998e-03	7.192111725022368694e-03	5.857256346180951014e-04
nan	2.845625000000000000e+02	2.845624999999999960e-01	nan	2.832395975907786578e-03	6.622908604137037539e-03	5.713515784275407811e-04
nan	2.978125000000000000e+02	2.978124999999999800e-01	nan	3.518519326995317442e-03	6.470436219953902730e-03	5.870888125961593474e-04
nan	3.046250000000000000e+02	3.046249999999999791e-01	nan	3.904977542518395239e-03	6.410041746713127098e-03	6.062586203151293764e-04
nan	3.228125000000000000e+02	3.228124999999999467e-01	nan	4.262762659635654927e-03	6.055466434517401894e-03	5.961923800760792792e-04
nan	3.366875000000000000e+02	3.366874999999999729e-01	nan	4.077812108782552514e-03	6.444031515107724942e-03	5.873846622799749331e-04
nan	3.498125000000000000e+02	3.498125000000000262e-01	nan	4.351825597659342293e-03	5.499148679349697734e-03	6.015943850099372348e-04
nan	3.571250000000000000e+02	3.571250000000000258e-01	nan	4.587686535280965927e-03	5.593827766753428979e-03	5.858138288677193842e-04
nan	3.672500000000000000e+02	3.672500000000000209e-01	nan	5.416783344600162309e-03	6.195498688803000552e-03	5.848211218543411961e-04
nan	3.805000000000000000e+02	3.805000000000000049e-01	nan	5.722803965674927440e-03	5.257535602373826847e-03	5.918358191807479487e-04
nan	3.914375000000000000e+02	3.914374999999999938e-01	nan	5.498896844898126801e-03	5.398453303108759552e-03	5.908437169218339318e-04
nan	4.001250000000000000e+02	4.001250000000000084e-01	nan	5.802275931799272257e-03	5.476703873374475472e-03	5.816630893802408973e-04
nan	4.155000000000000000e+02	4.154999999999999805e-01	nan	6.782839476883850693e-03	5.474233720319826579e-03	5.956977027798946757e-04
nan	4.125000000000000000e+02	4.124999999999999778e-01	nan	6.747402615644659818e-03	4.812717765703626582e-03	5.972080586143729093e-04
nan	4.285000000000000000e+02	4.284999999999999920e-01	nan	6.723618829653332796e-03	4.892179583152816806e-03	5.906515271542037322e-04
nan	4.336250000000000000e+02	4.336249999999999827e-01	nan	7.503902268709339296e-03	5.087562407527695951e-03	5.965566380935192516e-04
nan	4.390000000000000000e+02	4.390000000000000013e-01	nan	7.946276650756090021e-03	5.774067876902968556e-03	5.988402112659723872e-04
nan	4.549375000000000000e+02	4.549374999999999947e-01	nan	7.846086913787075900e-03	5.297704731147124049e-03	6.013223320947029202e-04
nan	4.710000000000000000e+02	4.710000000000000298e-01	nan	8.950217221837419856e-03	4.321894705112778665e-03	5.986343633497001691e-04
nan	4.693750000000000000e+02	4.693749999999999867e-01	nan	8.864351882579057929e-03	4.841049235832168077e-03	6.027551462561658814e-04
nan	4.752500000000000000e+02	4.752499999999999503e-01	nan	9.269105985040937412e-03	4.991301718268045806e-03	6.002894761037311450e-04
nan	4.890625000000000000e+02	4.890625000000000111e-01	nan	9.755084157959004187e-03	4.864998011890966229e-03	5.884563644240243824e-04
nan	4.972500000000000000e+02	4.972499999999999698e-01	nan	9.505966319991898672e-03	4.445429861931800980e-03	6.027701577837254066e-04
nan	5.026875000000000000e+02	5.026874999999999538e-01	nan	1.036584829442688260e-02	4.795024442411424496e-03	5.915955528340643239e-04
nan	5.113750000000000000e+02	5.113749999999999130e-01	nan	1.114004943110558088e-02	4.669617184006238236e-03	5.995523925865753855e-04
nan	5.271250000000000000e+02	5.271250000000000657e-01	nan	1.201546164149647211e-02	4.434402679346496207e-03	5.978241234007424789e-04
nan	5.328750000000000000e+02	5.328749999999999876e-01	nan	1.157496057950879731e-02	4.226109459821354199e-03	5.894327431271648154e-04
nan	5.240000000000000000e+02	5.240000000000000213e-01	nan	1.179722934539029211e-02	4.307701190221417328e-03	6.008319758254152855e-04
nan	5.410625000000000000e+02	5.410625000000000018e-01	nan	1.335236725547872538e-02	4.500470365052780010e-03	5.978744795763237235e-04
nan	5.428125000000000000e+02	5.428125000000000311e-01	nan	1.342650058477090624e-02	4.459769350252696350e-03	6.015494798083901185e-04
nan	5.431875000000000000e+02	5.431875000000000453e-01	nan	1.351638994265158544e-02	4.487559835803022618e-03	6.093188522430212405e-04
nan	8.006250000000000000e+01	8.006250000000000866e-02	nan	4.895794356292171301e-04	1.198256389260749649e-02	4.143293541727441484e-04
nan	1.103125000000000000e+02	1.103125000000000078e-01	nan	8.218005255447025093e-04	1.143006994506586167e-02	4.257204343823281587e-04
nan	1.333125000000000000e+02	1.333125000000000004e-01	nan	9.027912869896681514e-04	1.055256985338211967e-02	4.611642458621019632e-04
nan	1.493125000000000000e+02	1.493125000000000147e-01	nan	1.200664971458209607e-03	1.081584552422025849e-02	4.459524839790408738e-04
nan	1.655625000000000000e+02	1.655625000000000013e-01	nan	1.526305504246039391e-03	8.474967283387951911e-03	4.341857469804921276e-04
nan	1.808750000000000000e+02	1.808750000000000080e-01	nan	1.937850511939842590e-03	8.204098741301882672e-03	4.573516413664214446e-04
nan	1.856250000000000000e+02	1.856250000000000122e-01	nan	2.190691394375221535e-03	7.684279373430408580e-03	4.566639614057151856e-04
nan	2.080625000000000000e+02	2.080625000000000113e-01	nan	2.519575049518607557e-03	6.355642691438167027e-03	4.532790660067850612e-04
nan	2.208750000000000000e+02	2.208750000000000158e-01	nan	2.932045083959167187e-03	6.147810131882874493e-03	4.640495952615127312e-04
nan	2.225000000000000000e+02	2.225000000000000033e-01	nan	3.073158331467595872e-03	6.896041794787807939e-03	4.562130406641772841e-04
nan	2.388750000000000000e+02	2.388750000000000040e-01	nan	3.308463756198420924e-03	6.474706122011831405e-03	4.680469533993850042e-04
nan	2.528125000000000000e+02	2.528124999999999956e-01	nan	3.540762449652845589e-03	6.491007216065538751e-03	4.637271118115572329e-04
nan	2.675000000000000000e+02	2.675000000000000155e-01	nan	3.788188246474533116e-03	6.047180953251154317e-03	4.682755603074045163e-04
nan	2.697500000000000000e+02	2.697499999999999898e-01	nan	4.124433993368370466e-03	6.188658357546620442e-03	4.710225162979206803e-04
nan	2.753125000000000000e+02	2.753125000000000155e-01	nan	4.268464900199830936e-03	5.748287268952162118e-03	4.752048556334426913e-04
nan	2.831250000000000000e+02	2.831249999999999600e-01	nan	4.659510715555370552e-03	5.291516149076559705e-03	4.742464049292826494e-04
nan	2.969375000000000000e+02	2.969375000000000209e-01	nan	4.805634700225880351e-03	5.538151349992268511e-03	4.736096749094660945e-04
nan	3.138125000000000000e+02	3.138124999999999942e-01	nan	5.452289468365734137e-03	5.032539933251449146e-03	4.684433193158125887e-04
nan	3.111875000000000000e+02	3.111875000000000058e-01	nan	6.051003537535848409e-03	5.284177579326729962e-03	4.756161572013344096e-04
nan	3.191250000000000000e+02	3.191249999999999920e-01	nan	6.175279859576221497e-03	5.382018657606589540e-03	4.707960458724106843e-04
nan	3.323750000000000000e+02	3.323749999999999760e-01	nan	6.226742058643708333e-03	5.305519644257884748e-03	4.785065352838169077e-04
nan	3.410000000000000000e+02	3.410000000000000253e-01	nan	6.581841709802915830e-03	4.735920900016260537e-03	4.751548835663667574e-04
nan	3.398125000000000000e+02	3.398125000000000173e-01	nan	6.798602281577359463e-03	5.031170089480696897e-03	4.739019524308598079e-04
nan	3.525625000000000000e+02	3.525625000000000009e-01	nan	6.920227789052546541e-03	4.899499422217667814e-03	4.692139169119617301e-04
nan	3.523750000000000000e+02	3.523749999999999938e-01	nan	7.480444990576984310e-03	5.025302608098025647e-03	4.730591777879612856e-04
nan	3.587500000000000000e+02	3.587499999999999578e-01	nan	7.797934422939079013e-03	4.832300031995763120e-03	4.903280861830696313e-04
nan	3.789375000000000000e+02	3.789374999999999827e-01	nan	7.751379998467200494e-03	4.822958801743502770e-03	4.784010180312236386e-04
nan	3.711250000000000000e+02	3.711250000000000382e-01	nan	9.353887076457567673e-03	4.492426546731856721e-03	4.797385056413738845e-04
nan	3.804375000000000000e+02	3.804374999999999840e-01	nan	8.687962175841335011e-03	4.366633559077274900e-03	4.764665234741873251e-04
nan	3.837500000000000000e+02	3.837500000000000355e-01	nan	9.505626021507396217e-03	4.708828342497271835e-03	4.771964080107579274e-04
nan	3.905000000000000000e+02	3.905000000000000693e-01	nan	9.509075036405079118e-03	4.648143233109303107e-03	4.695053123908784630e-04
nan	3.976250000000000000e+02	3.976250000000000062e-01	nan	1.008737469685172528e-02	4.466670510518713083e-03	4.744893908887179088e-04
nan	3.988125000000000000e+02	3.988124999999999587e-01	nan	9.765578083715809043e-03	4.746012948961058145e-03	4.751229508294094791e-04
nan	4.159375000000000000e+02	4.159374999999999600e-01	nan	1.057609979369544817e-02	5.163896509207318956e-03	4.769672190173171022e-04
nan	4.206875000000000000e+02	4.206874999999999920e-01	nan	9.772700149355273425e-03	4.577975830687983430e-03	4.723613644378200091e-04
nan	4.260000000000000000e+02	4.259999999999999898e-01	nan	1.141433803888958209e-02	4.666235625072083851e-03	4.706359875743247904e-04
nan	4.269375000000000000e+02	4.269375000000000253e-01	nan	1.139336267745250098e-02	4.477684100710747905e-03	4.789019230469331598e-04
nan	4.401250000000000000e+02	4.401249999999999885e-01	nan	1.114409585923681334e-02	4.243509697898677560e-03	4.805231808640416866e-04
nan	4.369375000000000000e+02	4.369374999999999787e-01	nan	1.213658539822404236e-02	3.975661328215418511e-03	4.834943441514561423e-04
