Simulation Number PG.cFactor ExitSlit.openingHeight SU.photonEnergy PG.orderDiffraction SU.numberRays
0                    2.25                 0.008999999999999999   1000                 1                    500000              
1                    2.25                 0.008999999999999999   1000                 1                    500000              
2                    2.25                 0.008999999999999999   1000                 1                    500000              
3                    2.25                 0.008999999999999999   1000                 1                    500000              
4                    2.25                 0.008999999999999999   1000                 1                    500000              
5                    2.25                 0.008999999999999999   1000                 1                    500000              
6                    2.25                 0.008999999999999999   1000                 1                    500000              
7                    2.25                 0.008999999999999999   1000                 1                    500000              
8                    2.25                 0.008999999999999999   1000                 1                    500000              
9                    2.25                 0.008999999999999999   1000                 1                    500000              
10                   2.25                 0.008999999999999999   1000                 1                    500000              
11                   2.25                 0.008999999999999999   1000                 1                    500000              
12                   2.25                 0.008999999999999999   1000                 1                    500000              
13                   2.25                 0.008999999999999999   1000                 1                    500000              
14                   2.25                 0.008999999999999999   1000                 1                    500000              
15                   2.25                 0.008999999999999999   1000                 1                    500000              
16                   2.25                 0.008999999999999999   1000                 1                    500000              
17                   2.25                 0.008999999999999999   1000                 1                    500000              
18                   2.25                 0.008999999999999999   1000                 1                    500000              
19                   2.25                 0.008999999999999999   1000                 1                    500000              
20                   2.25                 0.008999999999999999   1000                 1                    500000              
21                   2.25                 0.008999999999999999   1000                 1                    500000              
22                   2.25                 0.008999999999999999   1000                 1                    500000              
23                   2.25                 0.008999999999999999   1000                 1                    500000              
24                   2.25                 0.008999999999999999   1000                 1                    500000              
25                   2.25                 0.008999999999999999   1000                 1                    500000              
26                   2.25                 0.008999999999999999   1000                 1                    500000              
27                   2.25                 0.008999999999999999   1000                 1                    500000              
28                   2.25                 0.008999999999999999   1000                 1                    500000              
29                   2.25                 0.008999999999999999   1000                 1                    500000              
30                   2.25                 0.008999999999999999   1000                 1                    500000              
31                   2.25                 0.008999999999999999   1000                 1                    500000              
32                   2.25                 0.008999999999999999   1000                 1                    500000              
33                   2.25                 0.008999999999999999   1000                 1                    500000              
34                   2.25                 0.008999999999999999   1000                 1                    500000              
35                   2.25                 0.008999999999999999   1000                 1                    500000              
36                   2.25                 0.008999999999999999   1000                 1                    500000              
37                   2.25                 0.008999999999999999   1000                 1                    500000              
38                   2.25                 0.008999999999999999   1000                 1                    500000              
39                   2.25                 0.008999999999999999   1000                 1                    500000              
40                   2.25                 0.008999999999999999   1000                 1                    500000              
41                   2.25                 0.008999999999999999   1000                 1                    500000              
42                   2.25                 0.008999999999999999   1000                 1                    500000              
43                   2.25                 0.008999999999999999   1000                 1                    500000              
44                   2.25                 0.008999999999999999   1000                 1                    500000              
45                   2.25                 0.008999999999999999   1000                 1                    500000              
46                   2.25                 0.008999999999999999   1000                 1                    500000              
47                   2.25                 0.008999999999999999   1000                 1                    500000              
48                   2.25                 0.008999999999999999   1000                 1                    500000              
49                   2.25                 0.008999999999999999   1000                 1                    500000              
50                   2.25                 0.008999999999999999   1000                 1                    500000              
51                   2.25                 0.008999999999999999   1000                 1                    500000              
52                   2.25                 0.008999999999999999   1000                 1                    500000              
53                   2.25                 0.008999999999999999   1000                 1                    500000              
54                   2.25                 0.008999999999999999   1000                 1                    500000              
55                   2.25                 0.008999999999999999   1000                 1                    500000              
56                   2.25                 0.008999999999999999   1000                 1                    500000              
57                   2.25                 0.008999999999999999   1000                 1                    500000              
58                   2.25                 0.008999999999999999   1000                 1                    500000              
59                   2.25                 0.008999999999999999   1000                 1                    500000              
60                   2.25                 0.008999999999999999   1000                 1                    500000              
61                   2.25                 0.008999999999999999   1000                 1                    500000              
62                   2.25                 0.008999999999999999   1000                 1                    500000              
63                   2.25                 0.008999999999999999   1000                 1                    500000              
64                   2.25                 0.008999999999999999   1000                 1                    500000              
65                   2.25                 0.008999999999999999   1000                 1                    500000              
66                   2.25                 0.008999999999999999   1000                 1                    500000              
67                   2.25                 0.008999999999999999   1000                 1                    500000              
68                   2.25                 0.008999999999999999   1000                 1                    500000              
69                   2.25                 0.008999999999999999   1000                 1                    500000              
70                   2.25                 0.008999999999999999   1000                 1                    500000              
71                   2.25                 0.008999999999999999   1000                 1                    500000              
72                   2.25                 0.008999999999999999   1000                 1                    500000              
73                   2.25                 0.008999999999999999   1000                 1                    500000              
74                   2.25                 0.008999999999999999   1000                 1                    500000              
75                   2.25                 0.008999999999999999   1000                 1                    500000              
76                   2.25                 0.008999999999999999   1000                 1                    500000              
77                   2.25                 0.008999999999999999   1000                 1                    500000              
78                   2.25                 0.008999999999999999   1000                 1                    500000              
79                   2.25                 0.008999999999999999   1000                 1                    500000              
80                   2.25                 0.008999999999999999   1000                 1                    500000              
81                   2.25                 0.008999999999999999   1000                 1                    500000              
82                   2.25                 0.008999999999999999   1000                 1                    500000              
83                   2.25                 0.008999999999999999   1000                 1                    500000              
84                   2.25                 0.008999999999999999   1000                 1                    500000              
85                   2.25                 0.008999999999999999   1000                 1                    500000              
86                   2.25                 0.008999999999999999   1000                 1                    500000              
87                   2.25                 0.008999999999999999   1000                 1                    500000              
88                   2.25                 0.008999999999999999   1000                 1                    500000              
89                   2.25                 0.008999999999999999   1000                 1                    500000              
90                   2.25                 0.008999999999999999   1000                 1                    500000              
91                   2.25                 0.008999999999999999   1000                 1                    500000              
92                   2.25                 0.008999999999999999   1000                 1                    500000              
93                   2.25                 0.008999999999999999   1000                 1                    500000              
94                   2.25                 0.008999999999999999   1000                 1                    500000              
95                   2.25                 0.008999999999999999   1000                 1                    500000              
96                   2.25                 0.008999999999999999   1000                 1                    500000              
97                   2.25                 0.008999999999999999   1000                 1                    500000              
98                   2.25                 0.008999999999999999   1000                 1                    500000              
99                   2.25                 0.008999999999999999   1000                 1                    500000              
100                  2.25                 0.008999999999999999   1000                 1                    500000              
101                  2.25                 0.008999999999999999   1000                 1                    500000              
102                  2.25                 0.008999999999999999   1000                 1                    500000              
103                  2.25                 0.008999999999999999   1000                 1                    500000              
104                  2.25                 0.008999999999999999   1000                 1                    500000              
105                  2.25                 0.008999999999999999   1000                 1                    500000              
106                  2.25                 0.008999999999999999   1000                 1                    500000              
107                  2.25                 0.008999999999999999   1000                 1                    500000              
108                  2.25                 0.008999999999999999   1000                 1                    500000              
109                  2.25                 0.008999999999999999   1000                 1                    500000              
110                  2.25                 0.008999999999999999   1000                 1                    500000              
111                  2.25                 0.008999999999999999   1000                 1                    500000              
112                  2.25                 0.008999999999999999   1000                 1                    500000              
113                  2.25                 0.008999999999999999   1000                 1                    500000              
114                  2.25                 0.008999999999999999   1000                 1                    500000              
115                  2.25                 0.008999999999999999   1000                 1                    500000              
116                  2.25                 0.008999999999999999   1000                 1                    500000              
117                  2.25                 0.008999999999999999   1000                 1                    500000              
118                  2.25                 0.008999999999999999   1000                 1                    500000              
119                  2.25                 0.008999999999999999   1000                 1                    500000              
120                  2.25                 0.008999999999999999   1000                 1                    500000              
121                  2.25                 0.008999999999999999   1000                 1                    500000              
122                  2.25                 0.008999999999999999   1000                 1                    500000              
123                  2.25                 0.008999999999999999   1000                 1                    500000              
124                  2.25                 0.008999999999999999   1000                 1                    500000              
125                  2.25                 0.008999999999999999   1000                 1                    500000              
126                  2.25                 0.008999999999999999   1000                 1                    500000              
127                  2.25                 0.008999999999999999   1000                 1                    500000              
128                  2.25                 0.008999999999999999   1000                 1                    500000              
129                  2.25                 0.008999999999999999   1000                 1                    500000              
130                  2.25                 0.008999999999999999   1000                 1                    500000              
131                  2.25                 0.008999999999999999   1000                 1                    500000              
132                  2.25                 0.008999999999999999   1000                 1                    500000              
133                  2.25                 0.008999999999999999   1000                 1                    500000              
134                  2.25                 0.008999999999999999   1000                 1                    500000              
135                  2.25                 0.008999999999999999   1000                 1                    500000              
136                  2.25                 0.008999999999999999   1000                 1                    500000              
137                  2.25                 0.008999999999999999   1000                 1                    500000              
138                  2.25                 0.008999999999999999   1000                 1                    500000              
139                  2.25                 0.008999999999999999   1000                 1                    500000              
140                  2.25                 0.008999999999999999   1000                 1                    500000              
141                  2.25                 0.008999999999999999   1000                 1                    500000              
142                  2.25                 0.008999999999999999   1000                 1                    500000              
143                  2.25                 0.008999999999999999   1000                 1                    500000              
144                  2.25                 0.008999999999999999   1000                 1                    500000              
145                  2.25                 0.008999999999999999   1000                 1                    500000              
146                  2.25                 0.008999999999999999   1000                 1                    500000              
147                  2.25                 0.008999999999999999   1000                 1                    500000              
148                  2.25                 0.008999999999999999   1000                 1                    500000              
149                  2.25                 0.008999999999999999   1000                 1                    500000              
150                  2.25                 0.008999999999999999   1000                 1                    500000              
151                  2.25                 0.008999999999999999   1000                 1                    500000              
152                  2.25                 0.008999999999999999   1000                 1                    500000              
153                  2.25                 0.008999999999999999   1000                 1                    500000              
154                  2.25                 0.008999999999999999   1000                 1                    500000              
155                  2.25                 0.008999999999999999   1000                 1                    500000              
156                  2.25                 0.008999999999999999   1000                 1                    500000              
157                  2.25                 0.008999999999999999   1000                 1                    500000              
158                  2.25                 0.008999999999999999   1000                 1                    500000              
159                  2.25                 0.008999999999999999   1000                 1                    500000              
160                  2.25                 0.008999999999999999   1000                 1                    500000              
161                  2.25                 0.008999999999999999   1000                 1                    500000              
162                  2.25                 0.008999999999999999   1000                 1                    500000              
163                  2.25                 0.008999999999999999   1000                 1                    500000              
164                  2.25                 0.008999999999999999   1000                 1                    500000              
165                  2.25                 0.008999999999999999   1000                 1                    500000              
166                  2.25                 0.008999999999999999   1000                 1                    500000              
167                  2.25                 0.008999999999999999   1000                 1                    500000              
168                  2.25                 0.008999999999999999   1000                 1                    500000              
169                  2.25                 0.008999999999999999   1000                 1                    500000              
170                  2.25                 0.008999999999999999   1000                 1                    500000              
171                  2.25                 0.008999999999999999   1000                 1                    500000              
172                  2.25                 0.008999999999999999   1000                 1                    500000              
173                  2.25                 0.008999999999999999   1000                 1                    500000              
174                  2.25                 0.008999999999999999   1000                 1                    500000              
175                  2.25                 0.008999999999999999   1000                 1                    500000              
176                  2.25                 0.008999999999999999   1000                 1                    500000              
177                  2.25                 0.008999999999999999   1000                 1                    500000              
178                  2.25                 0.008999999999999999   1000                 1                    500000              
179                  2.25                 0.008999999999999999   1000                 1                    500000              
180                  2.25                 0.008999999999999999   1000                 1                    500000              
181                  2.25                 0.008999999999999999   1000                 1                    500000              
182                  2.25                 0.008999999999999999   1000                 1                    500000              
183                  2.25                 0.008999999999999999   1000                 1                    500000              
184                  2.25                 0.008999999999999999   1000                 1                    500000              
185                  2.25                 0.008999999999999999   1000                 1                    500000              
186                  2.25                 0.008999999999999999   1000                 1                    500000              
187                  2.25                 0.008999999999999999   1000                 1                    500000              
188                  2.25                 0.008999999999999999   1000                 1                    500000              
189                  2.25                 0.008999999999999999   1000                 1                    500000              
190                  2.25                 0.008999999999999999   1000                 1                    500000              
191                  2.25                 0.008999999999999999   1000                 1                    500000              
192                  2.25                 0.008999999999999999   1000                 1                    500000              
193                  2.25                 0.008999999999999999   1000                 1                    500000              
194                  2.25                 0.008999999999999999   1000                 1                    500000              
195                  2.25                 0.008999999999999999   1000                 1                    500000              
196                  2.25                 0.008999999999999999   1000                 1                    500000              
197                  2.25                 0.008999999999999999   1000                 1                    500000              
198                  2.25                 0.008999999999999999   1000                 1                    500000              
199                  2.25                 0.008999999999999999   1000                 1                    500000              
200                  2.25                 0.008999999999999999   1000                 1                    500000              
201                  2.25                 0.008999999999999999   1000                 1                    500000              
202                  2.25                 0.008999999999999999   1000                 1                    500000              
203                  2.25                 0.008999999999999999   1000                 1                    500000              
204                  2.25                 0.008999999999999999   1000                 1                    500000              
205                  2.25                 0.008999999999999999   1000                 1                    500000              
206                  2.25                 0.008999999999999999   1000                 1                    500000              
207                  2.25                 0.008999999999999999   1000                 1                    500000              
208                  2.25                 0.008999999999999999   1000                 1                    500000              
209                  2.25                 0.008999999999999999   1000                 1                    500000              
210                  2.25                 0.008999999999999999   1000                 1                    500000              
211                  2.25                 0.008999999999999999   1000                 1                    500000              
212                  2.25                 0.008999999999999999   1000                 1                    500000              
213                  2.25                 0.008999999999999999   1000                 1                    500000              
214                  2.25                 0.008999999999999999   1000                 1                    500000              
215                  2.25                 0.008999999999999999   1000                 1                    500000              
216                  2.25                 0.008999999999999999   1000                 1                    500000              
217                  2.25                 0.008999999999999999   1000                 1                    500000              
218                  2.25                 0.008999999999999999   1000                 1                    500000              
219                  2.25                 0.008999999999999999   1000                 1                    500000              
220                  2.25                 0.008999999999999999   1000                 1                    500000              
221                  2.25                 0.008999999999999999   1000                 1                    500000              
222                  2.25                 0.008999999999999999   1000                 1                    500000              
223                  2.25                 0.008999999999999999   1000                 1                    500000              
224                  2.25                 0.008999999999999999   1000                 1                    500000              
225                  2.25                 0.008999999999999999   1000                 1                    500000              
226                  2.25                 0.008999999999999999   1000                 1                    500000              
227                  2.25                 0.008999999999999999   1000                 1                    500000              
228                  2.25                 0.008999999999999999   1000                 1                    500000              
229                  2.25                 0.008999999999999999   1000                 1                    500000              
230                  2.25                 0.008999999999999999   1000                 1                    500000              
231                  2.25                 0.008999999999999999   1000                 1                    500000              
232                  2.25                 0.008999999999999999   1000                 1                    500000              
233                  2.25                 0.008999999999999999   1000                 1                    500000              
