# SourcePhotonFlux	NumberRaysSurvived	PercentageRaysSurvived	PhotonFlux	Bandwidth	HorizontalFocusFWHM	VerticalFocusFWHM
nan	1.200000000000000000e+03	1.199999999999999956e+00	nan	3.350814834458759606e-03	6.237995909832125957e-02	4.060434792618032758e-03
nan	1.568250000000000000e+03	1.568250000000000144e+00	nan	6.140431964681170030e-03	5.311367368673818729e-02	4.108533855100479290e-03
nan	1.806250000000000000e+03	1.806249999999999911e+00	nan	8.030315762553641434e-03	4.323789781638803092e-02	4.195802195356756158e-03
nan	2.080500000000000000e+03	2.080500000000000238e+00	nan	9.945300050972605277e-03	3.880172996356749671e-02	4.371866202750008916e-03
nan	2.254750000000000000e+03	2.254750000000000032e+00	nan	1.324332227378022253e-02	3.885791831602657120e-02	4.278479591052139486e-03
nan	2.457500000000000000e+03	2.457500000000000018e+00	nan	1.410291746356051590e-02	3.458155001937414375e-02	4.289676552050064595e-03
nan	2.607000000000000000e+03	2.606999999999999762e+00	nan	1.699679193806957755e-02	3.249103892069266780e-02	4.246639699382460768e-03
nan	2.748250000000000000e+03	2.748250000000000082e+00	nan	1.851719588893274704e-02	3.138959938970697916e-02	4.285392501509849121e-03
nan	2.926750000000000000e+03	2.926750000000000185e+00	nan	2.073319630730452445e-02	3.189097076032162970e-02	4.282747616333314189e-03
nan	3.051000000000000000e+03	3.051000000000000156e+00	nan	2.441875973761398200e-02	3.009227761940420909e-02	4.254338182697448185e-03
nan	3.226750000000000000e+03	3.226750000000000007e+00	nan	2.446125086308370555e-02	2.593603915786282105e-02	4.312328554502294596e-03
nan	3.350250000000000000e+03	3.350249999999999950e+00	nan	2.839437926689925007e-02	2.787891845703991539e-02	4.230319995387973181e-03
nan	3.439000000000000000e+03	3.438999999999999613e+00	nan	3.124942409141340249e-02	2.655170859609266160e-02	4.296246720778956578e-03
nan	3.550000000000000000e+03	3.549999999999999822e+00	nan	3.379643962063028084e-02	2.537065542557941089e-02	4.280234017426661625e-03
nan	3.680000000000000000e+03	3.679999999999999716e+00	nan	3.727975058046695267e-02	2.396872759331073605e-02	4.277957241793896304e-03
nan	3.800000000000000000e+03	3.800000000000000266e+00	nan	3.918244633527478982e-02	2.372893203022778674e-02	4.355489009255071250e-03
nan	3.910500000000000000e+03	3.910499999999999865e+00	nan	4.213925629238701731e-02	2.490068322046758154e-02	4.385038545614209152e-03
nan	4.089500000000000000e+03	4.089500000000000135e+00	nan	4.896778495711373580e-02	2.321017845371433838e-02	4.347801056473484839e-03
nan	4.169000000000000000e+03	4.168999999999999595e+00	nan	4.668600003563483369e-02	2.184438658414646767e-02	4.280996006785009640e-03
nan	4.270500000000000000e+03	4.270500000000000185e+00	nan	4.811956879564149858e-02	2.269266815388196884e-02	4.328164364415977225e-03
nan	4.376250000000000000e+03	4.376250000000000639e+00	nan	5.484574674875375422e-02	2.271843251660650431e-02	4.289535097607868538e-03
nan	4.432500000000000000e+03	4.432500000000000107e+00	nan	5.758121298958940315e-02	2.211874407886324154e-02	4.317140900770240208e-03
nan	4.522500000000000000e+03	4.522499999999999964e+00	nan	5.946499839456009795e-02	2.145564718916382826e-02	4.280422299100233169e-03
nan	4.637500000000000000e+03	4.637499999999999289e+00	nan	6.164536758075200851e-02	2.263680967362629790e-02	4.322793759421600379e-03
nan	4.817750000000000000e+03	4.817750000000000199e+00	nan	6.789652095909559648e-02	2.087426191699087719e-02	4.301574655943296924e-03
nan	4.847500000000000000e+03	4.847500000000000142e+00	nan	6.699432337359212397e-02	2.130975220210865745e-02	4.284202032894412863e-03
nan	4.967000000000000000e+03	4.967000000000000526e+00	nan	7.153907871401088414e-02	2.116483791037084006e-02	4.350704762462107716e-03
nan	5.019250000000000000e+03	5.019249999999999545e+00	nan	7.672811242071020388e-02	2.218963641326411607e-02	4.372007156206412191e-03
nan	5.166750000000000000e+03	5.166750000000000398e+00	nan	8.162973935327499930e-02	1.959197343997907612e-02	4.279743420866336488e-03
nan	5.132750000000000000e+03	5.132749999999999702e+00	nan	8.265690238437173321e-02	1.995591792029159650e-02	4.272019564466168415e-03
nan	5.280750000000000000e+03	5.280750000000000277e+00	nan	8.746364024955255445e-02	1.733178609194207381e-02	4.362776793430681033e-03
nan	5.334750000000000000e+03	5.334750000000000547e+00	nan	8.760641237017807725e-02	1.948560923715307591e-02	4.327852857259116212e-03
nan	5.402250000000000000e+03	5.402249999999999552e+00	nan	9.259896582449300695e-02	2.014589991486428339e-02	4.416562698366594333e-03
nan	5.445500000000000000e+03	5.445499999999999119e+00	nan	9.441389453371584750e-02	1.976273117334713045e-02	4.418978588908657572e-03
nan	5.610000000000000000e+03	5.609999999999999432e+00	nan	1.023240359068040561e-01	1.855819190142537350e-02	4.388481769155023159e-03
nan	5.666250000000000000e+03	5.666249999999999787e+00	nan	1.070617829255979814e-01	1.874590923204320220e-02	4.347604506280387110e-03
nan	5.803250000000000000e+03	5.803250000000000242e+00	nan	1.116967333657044037e-01	1.933111926903328601e-02	4.436676816238311824e-03
nan	5.854000000000000000e+03	5.854000000000000092e+00	nan	1.061270124550333094e-01	1.763476546430968461e-02	4.384105570337485693e-03
nan	5.934250000000000000e+03	5.934249999999999581e+00	nan	1.096161690659300803e-01	1.785131538831742637e-02	4.444237322740933124e-03
nan	1.002750000000000000e+03	1.002750000000000030e+00	nan	3.820409830169069210e-03	6.516393226406916317e-02	3.456663082888419662e-03
nan	1.252250000000000000e+03	1.252250000000000085e+00	nan	5.145508410684840328e-03	5.135500593825047255e-02	3.468692191847680753e-03
nan	1.508500000000000000e+03	1.508499999999999952e+00	nan	7.602209143946936365e-03	4.730270757099193368e-02	3.512556849055406723e-03
nan	1.686000000000000000e+03	1.685999999999999943e+00	nan	9.986694029997522648e-03	3.684994632265325976e-02	3.514587045342487150e-03
nan	1.901250000000000000e+03	1.901249999999999885e+00	nan	1.246513933031678789e-02	4.142606347310524156e-02	3.538126208727485327e-03
nan	2.059000000000000000e+03	2.058999999999999719e+00	nan	1.383132991429647518e-02	3.902179626467794371e-02	3.489755984976233155e-03
nan	2.195750000000000000e+03	2.195750000000000313e+00	nan	1.614471808765927108e-02	3.568386869698059183e-02	3.584155355423002988e-03
nan	2.290500000000000000e+03	2.290500000000000203e+00	nan	1.705997503478329236e-02	3.178461580591031288e-02	3.507353179133722125e-03
nan	2.453500000000000000e+03	2.453500000000000014e+00	nan	2.075263602750965219e-02	3.163814678532301389e-02	3.645858798013279674e-03
nan	2.585750000000000000e+03	2.585749999999999549e+00	nan	2.185859572404069695e-02	2.940903825056095586e-02	3.567426966920442862e-03
nan	2.643250000000000000e+03	2.643250000000000099e+00	nan	2.591021714232510931e-02	2.841701840861327044e-02	3.584269496932402516e-03
nan	2.806500000000000000e+03	2.806499999999999773e+00	nan	2.693329187431459104e-02	2.581040811176533653e-02	3.524159692185128458e-03
nan	2.898500000000000000e+03	2.898499999999999854e+00	nan	2.986917847849213103e-02	2.686217704632379299e-02	3.560016153341238193e-03
nan	3.037750000000000000e+03	3.037749999999999950e+00	nan	3.290596558363745316e-02	2.551238479679125357e-02	3.553087848150806010e-03
nan	3.111750000000000000e+03	3.111749999999999794e+00	nan	3.686036965720518310e-02	2.410525722646422384e-02	3.606079869280146878e-03
nan	3.172750000000000000e+03	3.172750000000000181e+00	nan	3.527185848730596263e-02	2.380794484239490832e-02	3.565589227918651051e-03
nan	3.312000000000000000e+03	3.311999999999999833e+00	nan	3.896547663256910710e-02	2.333892729660098225e-02	3.607498193485106190e-03
nan	3.335000000000000000e+03	3.334999999999999964e+00	nan	3.965471071509796275e-02	2.361080369427069267e-02	3.573040366440823849e-03
nan	3.470000000000000000e+03	3.469999999999999751e+00	nan	4.565973206968010345e-02	2.409441894595738126e-02	3.635326513991830790e-03
nan	3.573000000000000000e+03	3.573000000000000398e+00	nan	4.435823933499705163e-02	2.325794725759410680e-02	3.547844907792048648e-03
nan	3.642000000000000000e+03	3.642000000000000348e+00	nan	4.634508736069165025e-02	2.184638710217733093e-02	3.647377486250645475e-03
nan	3.734750000000000000e+03	3.734749999999999570e+00	nan	4.936689437607810760e-02	2.136205237063011284e-02	3.607267899587117844e-03
nan	3.805250000000000000e+03	3.805250000000000021e+00	nan	5.478382766011691274e-02	2.078918345910891335e-02	3.621805490103662591e-03
nan	3.925000000000000000e+03	3.925000000000000266e+00	nan	5.822738666233817639e-02	2.122324470326365439e-02	3.627311437275036743e-03
nan	3.894750000000000000e+03	3.894749999999999712e+00	nan	6.046057257395887063e-02	2.163435063499901528e-02	3.630308700253343217e-03
nan	4.104750000000000000e+03	4.104750000000000121e+00	nan	6.011810915629212104e-02	1.954154641046622690e-02	3.663596289477629234e-03
nan	4.115000000000000000e+03	4.115000000000000213e+00	nan	6.644063995383930887e-02	1.956453004245960886e-02	3.638078543280787863e-03
nan	4.144250000000000000e+03	4.144249999999999545e+00	nan	7.283516049454874519e-02	2.003667511340141011e-02	3.561357590532571865e-03
nan	4.264250000000000000e+03	4.264249999999999652e+00	nan	7.124383940254119807e-02	1.974327320901029387e-02	3.627866372845463261e-03
nan	4.293750000000000000e+03	4.293749999999999289e+00	nan	7.645671309745694089e-02	2.069381550952065218e-02	3.616602378245036865e-03
nan	4.405750000000000000e+03	4.405750000000000277e+00	nan	7.615636808725412266e-02	1.969547965796828587e-02	3.587051627621408792e-03
nan	4.480000000000000000e+03	4.479999999999999538e+00	nan	8.106844344860064666e-02	1.890833514399126863e-02	3.532177552945678020e-03
nan	4.479750000000000000e+03	4.479749999999999233e+00	nan	8.572539763719078110e-02	1.916073260958107288e-02	3.627265325661739939e-03
nan	4.623500000000000000e+03	4.623499999999999943e+00	nan	8.898187960795667095e-02	1.860405784469215673e-02	3.609649429427306145e-03
nan	4.680000000000000000e+03	4.679999999999999716e+00	nan	9.082795489035788705e-02	1.830599177131844030e-02	3.641571966093797973e-03
nan	4.734500000000000000e+03	4.734500000000000597e+00	nan	9.427086184166455496e-02	1.757711113962217436e-02	3.581448955962473774e-03
nan	4.850500000000000000e+03	4.850500000000000256e+00	nan	9.577985231538832522e-02	1.831814701642958676e-02	3.672931402998557207e-03
nan	4.825000000000000000e+03	4.825000000000000178e+00	nan	1.061278618407186514e-01	1.811088301177392682e-02	3.672105505633789339e-03
nan	4.850000000000000000e+03	4.849999999999999645e+00	nan	1.059241055870074888e-01	1.814746302161736324e-02	3.617112975061425283e-03
nan	7.837500000000000000e+02	7.837499999999999467e-01	nan	3.747016258358826235e-03	5.682405875573215415e-02	2.800540493271942624e-03
nan	9.852500000000000000e+02	9.852500000000000702e-01	nan	5.189856841582241032e-03	5.250740325240096928e-02	2.591344728861660462e-03
nan	1.176750000000000000e+03	1.176749999999999963e+00	nan	6.427256183556551150e-03	4.409374000870349558e-02	2.733124230461546952e-03
nan	1.320250000000000000e+03	1.320249999999999924e+00	nan	8.697892161826814572e-03	4.099213719349333734e-02	2.792522224486594651e-03
nan	1.493250000000000000e+03	1.493249999999999966e+00	nan	1.113933137358458225e-02	3.511713910972734387e-02	2.729772412619036262e-03
nan	1.614750000000000000e+03	1.614749999999999908e+00	nan	1.416008559381509713e-02	3.594768938323925078e-02	2.805429292392309492e-03
nan	1.736250000000000000e+03	1.736250000000000071e+00	nan	1.565681602342294809e-02	3.365396346604096478e-02	2.869688875770154760e-03
nan	1.928000000000000000e+03	1.927999999999999936e+00	nan	1.749344015689757725e-02	3.127472444694547049e-02	2.817156293412465245e-03
nan	1.947250000000000000e+03	1.947250000000000147e+00	nan	1.814969492693307984e-02	2.934795073336551874e-02	2.858354023857772978e-03
nan	2.037500000000000000e+03	2.037500000000000089e+00	nan	2.152707746236615094e-02	2.914841795805308763e-02	2.834644970440470917e-03
nan	2.146250000000000000e+03	2.146249999999999769e+00	nan	2.451027897799917810e-02	2.879958845081605212e-02	2.815485683634595497e-03
nan	2.224000000000000000e+03	2.224000000000000199e+00	nan	2.702208164376429522e-02	2.742501352389099464e-02	2.851450896693011675e-03
nan	2.326000000000000000e+03	2.326000000000000068e+00	nan	2.737533253485935347e-02	2.533259115568831099e-02	2.880605515297582440e-03
nan	2.384250000000000000e+03	2.384249999999999758e+00	nan	2.939255865322820682e-02	2.287009995041476909e-02	2.874670635847066582e-03
nan	2.423250000000000000e+03	2.423250000000000348e+00	nan	3.138029825424837327e-02	2.672284414499653815e-02	2.865052425905318702e-03
nan	2.576250000000000000e+03	2.576249999999999929e+00	nan	3.339202627134341128e-02	2.778357886121623349e-02	2.810709431680304127e-03
nan	2.655250000000000000e+03	2.655250000000000110e+00	nan	3.718527817545691505e-02	2.368505580391330745e-02	2.869683893470950480e-03
nan	2.663250000000000000e+03	2.663250000000000117e+00	nan	3.943121859268217122e-02	2.391189584697454157e-02	2.873910012918943612e-03
nan	2.778500000000000000e+03	2.778500000000000192e+00	nan	4.237747636517497085e-02	2.296916221662284943e-02	2.840747092823984847e-03
nan	2.858500000000000000e+03	2.858500000000000263e+00	nan	4.291297530784277114e-02	2.371408514561118910e-02	2.863414783121192783e-03
nan	2.886250000000000000e+03	2.886249999999999538e+00	nan	4.541435110536440334e-02	2.218683844953164841e-02	2.865590562932598430e-03
nan	2.968500000000000000e+03	2.968500000000000139e+00	nan	4.540007958507885633e-02	2.152604115585873140e-02	2.866697572188835023e-03
nan	2.973750000000000000e+03	2.973749999999999893e+00	nan	5.462856276778893516e-02	2.164414652226198318e-02	2.886461063567709144e-03
nan	3.083250000000000000e+03	3.083250000000000046e+00	nan	5.693803913760575597e-02	2.208538630905971384e-02	2.859075126813851939e-03
nan	3.161750000000000000e+03	3.161749999999999616e+00	nan	5.720918964652810246e-02	2.007912413490328674e-02	2.841834166674149422e-03
nan	3.265500000000000000e+03	3.265499999999999847e+00	nan	6.025047629543678340e-02	2.083786032463757348e-02	2.874049427575565713e-03
nan	3.301250000000000000e+03	3.301250000000000018e+00	nan	6.085082141601105832e-02	2.180818688742287501e-02	2.865829357808851417e-03
nan	3.302500000000000000e+03	3.302500000000000213e+00	nan	6.596152470490324049e-02	1.903003019925253100e-02	2.879357776335362239e-03
nan	3.370750000000000000e+03	3.370750000000000135e+00	nan	6.706999424886816996e-02	2.014466511046399122e-02	2.869411718605139466e-03
nan	3.438250000000000000e+03	3.438250000000000028e+00	nan	6.817211398634981379e-02	1.959079086321460078e-02	2.872443422593405279e-03
nan	3.486750000000000000e+03	3.486749999999999794e+00	nan	6.922494341432638976e-02	1.927124223296360073e-02	2.869109830738976637e-03
nan	3.565250000000000000e+03	3.565249999999999808e+00	nan	7.127459922247680879e-02	1.923999465390604374e-02	2.835571274156065743e-03
nan	3.607500000000000000e+03	3.607499999999999929e+00	nan	8.006161084705354369e-02	1.856492654732710967e-02	2.842476376279411306e-03
nan	3.717750000000000000e+03	3.717750000000000110e+00	nan	7.521897758527984479e-02	1.830024663124703646e-02	2.893882612135897925e-03
nan	3.707500000000000000e+03	3.707500000000000462e+00	nan	8.163944785007970495e-02	1.939128165860361241e-02	2.886784401907165412e-03
nan	3.806500000000000000e+03	3.806499999999999773e+00	nan	8.390379163876104940e-02	1.882146712742143249e-02	2.861911345993131250e-03
nan	3.814750000000000000e+03	3.814750000000000085e+00	nan	8.047883667285304909e-02	1.835644693318993007e-02	2.834383642368027909e-03
nan	3.903500000000000000e+03	3.903499999999999748e+00	nan	8.951918440391182230e-02	1.853471426726567214e-02	2.856754271561479878e-03
nan	3.908250000000000000e+03	3.908249999999999780e+00	nan	9.293201081533197794e-02	1.814634032679904307e-02	2.896886684913178682e-03
nan	6.477500000000000000e+02	6.477500000000000480e-01	nan	3.366296243498823060e-03	5.607102574910338699e-02	2.167568268332013652e-03
nan	8.135000000000000000e+02	8.135000000000001119e-01	nan	5.628018056242467537e-03	5.687659118592482826e-02	2.154573531662833889e-03
nan	9.657500000000000000e+02	9.657499999999999973e-01	nan	7.327074106996178671e-03	4.102453214945951665e-02	2.317435579559263062e-03
nan	1.095000000000000000e+03	1.094999999999999973e+00	nan	9.958051702682269024e-03	4.035727004436250737e-02	2.294145523426594641e-03
nan	1.217750000000000000e+03	1.217750000000000110e+00	nan	1.058037732730099378e-02	3.811670020518991703e-02	2.294954511671102714e-03
nan	1.340000000000000000e+03	1.339999999999999858e+00	nan	1.313153425174107269e-02	3.654268852103209619e-02	2.305542590402866621e-03
nan	1.437500000000000000e+03	1.437500000000000000e+00	nan	1.675695645259622779e-02	3.394883470586405882e-02	2.352310755257593696e-03
nan	1.507250000000000000e+03	1.507249999999999979e+00	nan	1.806272451069901308e-02	3.442596860881604742e-02	2.357363754121286591e-03
nan	1.624250000000000000e+03	1.624249999999999972e+00	nan	1.812820985844609822e-02	3.001597999298493899e-02	2.313300934124957846e-03
nan	1.661750000000000000e+03	1.661750000000000060e+00	nan	2.060113974616228916e-02	3.219255291574391054e-02	2.355638429178843248e-03
nan	1.783250000000000000e+03	1.783250000000000002e+00	nan	2.350267389178384292e-02	2.869666532995839361e-02	2.316943342973149141e-03
nan	1.802250000000000000e+03	1.802250000000000130e+00	nan	2.484806447100140758e-02	2.638400379871682494e-02	2.367684307812259296e-03
nan	1.959500000000000000e+03	1.959500000000000020e+00	nan	2.700003415583296373e-02	2.604479518563133228e-02	2.367519346892023140e-03
nan	2.008250000000000000e+03	2.008250000000000313e+00	nan	2.719001476239668591e-02	2.556522721340453302e-02	2.365494152026967074e-03
nan	2.073250000000000000e+03	2.073249999999999815e+00	nan	3.150638710764042116e-02	2.617951892297699923e-02	2.361154942195459964e-03
nan	2.154500000000000000e+03	2.154500000000000082e+00	nan	3.395720012431979740e-02	2.267030027481865134e-02	2.384615768428857956e-03
nan	2.196000000000000000e+03	2.195999999999999730e+00	nan	3.652116615543832268e-02	2.359459248078299431e-02	2.378089572695727110e-03
nan	2.257500000000000000e+03	2.257500000000000284e+00	nan	4.166808307854807936e-02	2.469477460123620932e-02	2.377436691038038990e-03
nan	2.305750000000000000e+03	2.305750000000000188e+00	nan	3.882741649735521605e-02	2.282685908430273289e-02	2.387250553530386940e-03
nan	2.401250000000000000e+03	2.401250000000000107e+00	nan	4.270464659487060999e-02	2.333984649481988041e-02	2.364934890866653844e-03
nan	2.427250000000000000e+03	2.427249999999999908e+00	nan	4.414806108826496711e-02	2.213054381185572406e-02	2.359940896868277169e-03
nan	2.502750000000000000e+03	2.502749999999999808e+00	nan	4.906818103324894764e-02	2.296093770857463023e-02	2.340187168577960268e-03
nan	2.549250000000000000e+03	2.549249999999999794e+00	nan	5.311942452442508511e-02	2.084459694507231550e-02	2.346852912683827785e-03
nan	2.560750000000000000e+03	2.560750000000000082e+00	nan	5.326654048144519038e-02	2.314400602664956619e-02	2.390857674823384377e-03
nan	2.625000000000000000e+03	2.625000000000000000e+00	nan	5.108377845533595973e-02	2.288426466232632711e-02	2.384818721832619205e-03
nan	2.675750000000000000e+03	2.675749999999999851e+00	nan	5.750625392516894863e-02	2.080877014744568487e-02	2.423359708828252534e-03
nan	2.683000000000000000e+03	2.682999999999999829e+00	nan	5.955553270320024239e-02	2.062918743708270011e-02	2.357005760550812991e-03
nan	2.827500000000000000e+03	2.827500000000000124e+00	nan	5.689743972465066690e-02	2.063714189622917541e-02	2.399421811822150842e-03
nan	2.869750000000000000e+03	2.869749999999999801e+00	nan	6.330033826270664576e-02	2.151082973434903511e-02	2.376892836439770118e-03
nan	2.865500000000000000e+03	2.865499999999999936e+00	nan	6.563493057018376931e-02	2.057905244239950637e-02	2.351140526885776589e-03
nan	2.930000000000000000e+03	2.930000000000000160e+00	nan	6.757928465725626666e-02	1.919252486257259221e-02	2.369534452164364507e-03
nan	2.957750000000000000e+03	2.957750000000000323e+00	nan	6.742937656338199304e-02	1.943891401878176592e-02	2.357539425550304706e-03
nan	3.052000000000000000e+03	3.052000000000000046e+00	nan	7.650971451300847548e-02	1.823457785737991887e-02	2.374654519617324776e-03
nan	3.071750000000000000e+03	3.071750000000000203e+00	nan	7.795454470652884993e-02	1.935190179029776594e-02	2.400084630890765222e-03
nan	3.087500000000000000e+03	3.087500000000000355e+00	nan	8.302313938804672944e-02	1.821832538058662521e-02	2.374086631055683915e-03
nan	3.112750000000000000e+03	3.112750000000000128e+00	nan	8.333814759600954858e-02	1.858270679152556476e-02	2.440449437325107034e-03
nan	3.173500000000000000e+03	3.173500000000000210e+00	nan	8.204735729776757580e-02	1.771192068066150538e-02	2.363142608469974426e-03
nan	3.200250000000000000e+03	3.200250000000000039e+00	nan	8.568989464362175568e-02	1.888868057355988506e-02	2.361946407369159423e-03
nan	3.265250000000000000e+03	3.265249999999999986e+00	nan	8.307385637039033099e-02	1.761467330800466774e-02	2.417512346762817812e-03
nan	4.830000000000000000e+02	4.829999999999999849e-01	nan	3.465024746734712835e-03	6.759178221163880673e-02	1.642390709050188004e-03
nan	6.567500000000000000e+02	6.567499999999999449e-01	nan	5.457799534511309503e-03	4.671618180569801076e-02	1.837196946996615381e-03
nan	7.815000000000000000e+02	7.814999999999999725e-01	nan	7.585673751918875496e-03	4.286226630018486611e-02	1.748291238082836123e-03
nan	8.560000000000000000e+02	8.559999999999999831e-01	nan	9.678470937615202274e-03	4.007584107234224424e-02	1.789089477759126965e-03
nan	9.840000000000000000e+02	9.839999999999999858e-01	nan	1.068729507250054667e-02	3.390973911464223445e-02	1.788073637994310426e-03
nan	1.061750000000000000e+03	1.061749999999999972e+00	nan	1.422073293853998166e-02	3.534573333307179654e-02	1.849976954183525733e-03
nan	1.117500000000000000e+03	1.117499999999999938e+00	nan	1.499025494135253211e-02	3.495650213614198004e-02	1.860580938523981320e-03
nan	1.233000000000000000e+03	1.233000000000000096e+00	nan	1.818220689010274782e-02	3.242636005203267807e-02	1.813514844080903491e-03
nan	1.332500000000000000e+03	1.332500000000000018e+00	nan	1.691737409799998204e-02	3.033094813669971745e-02	1.880196570838337747e-03
nan	1.363500000000000000e+03	1.363500000000000156e+00	nan	2.126289865893227216e-02	3.035333877667896821e-02	1.910316545003818344e-03
nan	1.417000000000000000e+03	1.417000000000000037e+00	nan	2.083536710688349558e-02	2.950340554611691202e-02	1.880931947070041063e-03
nan	1.457500000000000000e+03	1.457500000000000018e+00	nan	2.773240993261083531e-02	2.739714206207240210e-02	1.890652299755351011e-03
nan	1.542000000000000000e+03	1.541999999999999815e+00	nan	2.724186340859091615e-02	2.243224648800387286e-02	1.915409465353447045e-03
nan	1.602500000000000000e+03	1.602500000000000036e+00	nan	3.110436304569930144e-02	2.627749315475514519e-02	1.889505756115384370e-03
nan	1.667500000000000000e+03	1.667499999999999982e+00	nan	2.998958117177608074e-02	2.716122026543522916e-02	1.873211734060213933e-03
nan	1.703000000000000000e+03	1.703000000000000069e+00	nan	3.143951693095914379e-02	2.304609579049247611e-02	1.884081821328845770e-03
nan	1.712750000000000000e+03	1.712750000000000217e+00	nan	3.323515724628123280e-02	2.339448737170272616e-02	1.903117388680169823e-03
nan	1.825000000000000000e+03	1.824999999999999956e+00	nan	3.538376184073399600e-02	2.342432075253901916e-02	1.913153338875700840e-03
nan	1.850750000000000000e+03	1.850750000000000117e+00	nan	3.422159377197431240e-02	2.247198898905428122e-02	1.892155465784530269e-03
nan	1.924000000000000000e+03	1.923999999999999932e+00	nan	4.203261982684125542e-02	2.215972590108224866e-02	1.874177807919348918e-03
nan	1.935750000000000000e+03	1.935750000000000082e+00	nan	4.191090484323467535e-02	2.048853816492024471e-02	1.936087928745047846e-03
nan	2.025250000000000000e+03	2.025249999999999773e+00	nan	4.665031226136306941e-02	2.130943986322304806e-02	1.923086667763660405e-03
nan	2.042250000000000000e+03	2.042250000000000121e+00	nan	4.684427379169164851e-02	2.223380806555329270e-02	1.931913128090843000e-03
nan	2.094250000000000000e+03	2.094249999999999723e+00	nan	5.396153950653115317e-02	1.995388455648487019e-02	1.896512932990564084e-03
nan	2.117000000000000000e+03	2.116999999999999993e+00	nan	5.063361610035599369e-02	2.143218908027768460e-02	1.856233741672998726e-03
nan	2.178250000000000000e+03	2.178250000000000242e+00	nan	5.667532603126801405e-02	1.983436900319463306e-02	1.928654158213485631e-03
nan	2.182750000000000000e+03	2.182750000000000412e+00	nan	6.138116416218508675e-02	2.045955326824248216e-02	1.903102723658228225e-03
nan	2.198000000000000000e+03	2.198000000000000398e+00	nan	5.858847198845751336e-02	1.948140134982611835e-02	1.934627251081632660e-03
nan	2.217500000000000000e+03	2.217499999999999805e+00	nan	6.416096002459426018e-02	1.889452274970538151e-02	1.938642134719253951e-03
nan	2.301500000000000000e+03	2.301499999999999879e+00	nan	6.498150720670992087e-02	1.983919807872369656e-02	1.920860392313346017e-03
nan	2.329750000000000000e+03	2.329749999999999766e+00	nan	6.144625414503934735e-02	1.927414321436066169e-02	1.919515436787799399e-03
nan	2.399000000000000000e+03	2.399000000000000021e+00	nan	5.856759427985025468e-02	1.832062305752812231e-02	1.909457079266305580e-03
nan	2.412750000000000000e+03	2.412749999999999950e+00	nan	7.291620932375053599e-02	2.149943289404337987e-02	1.919723714997375891e-03
nan	2.454250000000000000e+03	2.454249999999999599e+00	nan	7.284582921147375600e-02	1.920056387267131404e-02	1.943009807048828690e-03
nan	2.520000000000000000e+03	2.520000000000000018e+00	nan	7.713714608047439469e-02	1.847320342890220596e-02	1.928609667728410724e-03
nan	2.551250000000000000e+03	2.551250000000000462e+00	nan	7.935382023703141385e-02	1.764565827342663706e-02	1.896496860179986386e-03
nan	2.567250000000000000e+03	2.567250000000000032e+00	nan	7.937199593328614355e-02	1.969222436483589189e-02	1.895224294657107782e-03
nan	2.607500000000000000e+03	2.607499999999999929e+00	nan	8.286551080010440273e-02	1.923707213777648556e-02	1.929694471348911752e-03
nan	2.594500000000000000e+03	2.594500000000000028e+00	nan	8.331117189305814463e-02	1.832990813594849791e-02	1.939927733795724415e-03
nan	2.840000000000000000e+02	2.839999999999999747e-01	nan	3.030803772812618035e-03	6.576225096453149066e-02	1.105308466997930502e-03
nan	4.492500000000000000e+02	4.492499999999999827e-01	nan	4.937108255695932257e-03	4.426221943614894183e-02	1.354874061662773464e-03
nan	5.515000000000000000e+02	5.515000000000001013e-01	nan	7.114137100920459034e-03	4.685956048842661315e-02	1.287142466035451349e-03
nan	6.137500000000000000e+02	6.137500000000000178e-01	nan	8.368936286530015423e-03	3.767735510670724985e-02	1.322747182839985542e-03
nan	6.832500000000000000e+02	6.832500000000000240e-01	nan	1.179547033349592766e-02	3.900015478903812172e-02	1.392679686972019600e-03
nan	7.622500000000000000e+02	7.622500000000000941e-01	nan	1.231611577874502927e-02	3.469755009904397502e-02	1.395576279001997438e-03
nan	8.407500000000000000e+02	8.407499999999999973e-01	nan	1.468978789316111033e-02	3.035441436845097429e-02	1.362492293923043760e-03
nan	8.955000000000000000e+02	8.954999999999999627e-01	nan	1.852684716132557696e-02	3.264415597387663320e-02	1.355978344543451366e-03
nan	9.532500000000000000e+02	9.532499999999999307e-01	nan	1.989894585494766943e-02	2.836411157742360981e-02	1.350008631589957181e-03
nan	1.013000000000000000e+03	1.013000000000000123e+00	nan	2.054838889642951472e-02	2.839551427109599652e-02	1.405078907167868745e-03
nan	1.062750000000000000e+03	1.062750000000000083e+00	nan	2.154807480226850203e-02	2.773768575196279215e-02	1.397340949149407895e-03
nan	1.100500000000000000e+03	1.100500000000000034e+00	nan	2.155801532165924073e-02	2.765133367138066303e-02	1.396134840807169378e-03
nan	1.133250000000000000e+03	1.133250000000000091e+00	nan	2.722334015481919778e-02	2.474124702074206178e-02	1.411843793059630418e-03
nan	1.197500000000000000e+03	1.197500000000000009e+00	nan	2.689077968531705665e-02	2.419172198976664995e-02	1.416180305171388116e-03
nan	1.217500000000000000e+03	1.217499999999999805e+00	nan	2.946135105815983479e-02	2.456175327532496983e-02	1.429315453775049016e-03
nan	1.254750000000000000e+03	1.254749999999999810e+00	nan	3.258659066946734129e-02	2.277101102365761132e-02	1.412953560545343644e-03
nan	1.300500000000000000e+03	1.300499999999999989e+00	nan	3.335962982362161711e-02	2.361238197332810040e-02	1.400475040431137371e-03
nan	1.333250000000000000e+03	1.333250000000000046e+00	nan	3.293518717268284490e-02	2.332596724966998561e-02	1.394577638566048055e-03
nan	1.354750000000000000e+03	1.354750000000000121e+00	nan	3.749896503265404135e-02	2.297521485352594858e-02	1.373857225970979371e-03
nan	1.376250000000000000e+03	1.376249999999999973e+00	nan	3.973936955082990607e-02	2.209055086026388490e-02	1.412618851294265366e-03
nan	1.439750000000000000e+03	1.439750000000000085e+00	nan	4.318152896337323909e-02	2.128956940798822778e-02	1.400481310537702619e-03
nan	1.494500000000000000e+03	1.494500000000000162e+00	nan	4.650603917764328799e-02	2.294496976701028076e-02	1.423857512889407321e-03
nan	1.510750000000000000e+03	1.510750000000000037e+00	nan	4.866079503801756800e-02	2.103085848254821269e-02	1.439637953109791950e-03
nan	1.549500000000000000e+03	1.549500000000000099e+00	nan	4.761811893229150883e-02	2.129227289190965822e-02	1.408807276076288334e-03
nan	1.599500000000000000e+03	1.599499999999999922e+00	nan	5.214806164667606936e-02	1.961604753380648269e-02	1.386879025411058607e-03
nan	1.599750000000000000e+03	1.599749999999999783e+00	nan	5.028957236686437682e-02	2.014651236662275136e-02	1.439245649483400676e-03
nan	1.609500000000000000e+03	1.609499999999999931e+00	nan	5.480816391184362146e-02	1.990312569287265923e-02	1.440266914383619761e-03
nan	1.696500000000000000e+03	1.696500000000000119e+00	nan	5.637214824133707225e-02	1.855854474995514286e-02	1.387471168981505801e-03
nan	1.655500000000000000e+03	1.655499999999999972e+00	nan	6.056336348598279073e-02	1.912096257520461487e-02	1.405368899138578851e-03
nan	1.718500000000000000e+03	1.718500000000000139e+00	nan	6.377577816579105274e-02	1.840670198923831033e-02	1.435488677996388154e-03
nan	1.757000000000000000e+03	1.756999999999999895e+00	nan	6.277495987166048508e-02	1.888905577496858418e-02	1.419175426522473107e-03
nan	1.789250000000000000e+03	1.789250000000000229e+00	nan	6.686307340652319908e-02	1.890931100896216938e-02	1.443048496787795090e-03
nan	1.796750000000000000e+03	1.796750000000000291e+00	nan	6.867716171359461441e-02	1.910984876222007398e-02	1.403470022803689470e-03
nan	1.826250000000000000e+03	1.826249999999999929e+00	nan	6.682343092268183682e-02	1.714835345081383230e-02	1.426364844001094985e-03
nan	1.886000000000000000e+03	1.885999999999999899e+00	nan	7.313082176301577420e-02	1.983531691974469921e-02	1.450677539601962114e-03
nan	1.896500000000000000e+03	1.896500000000000075e+00	nan	6.932738011136052592e-02	1.775999125968697606e-02	1.408780342144477348e-03
nan	1.882750000000000000e+03	1.882750000000000146e+00	nan	7.077357496376635027e-02	1.688493790313345608e-02	1.429051444145980820e-03
nan	1.963500000000000000e+03	1.963499999999999801e+00	nan	7.134793512216219824e-02	1.842486732311177100e-02	1.410236907681581848e-03
nan	1.946500000000000000e+03	1.946500000000000119e+00	nan	7.836316586161728992e-02	1.850808298015869935e-02	1.446832806117735390e-03
