# SourcePhotonFlux	NumberRaysSurvived	PercentageRaysSurvived	PhotonFlux	Bandwidth	HorizontalFocusFWHM	VerticalFocusFWHM
nan	1.000000000000000000e+05	1.000000000000000000e+02	nan	9.990829649355958963e-02	1.077045968554789512e-01	1.009233480767865454e-01
nan	1.000000000000000000e+05	1.000000000000000000e+02	nan	1.499137728885386878e-01	8.812990727899248922e-02	8.083038324237939998e-02
nan	1.000000000000000000e+05	1.000000000000000000e+02	nan	1.997726520535962891e-01	8.391373568994701937e-02	7.584812041316271736e-02
nan	1.000000000000000000e+05	1.000000000000000000e+02	nan	2.497543703846076824e-01	7.605879269340476423e-02	6.301394131860996173e-02
nan	1.000000000000000000e+05	1.000000000000000000e+02	nan	2.996803298246959457e-01	6.719803028462195682e-02	6.131052727010112557e-02
nan	1.000000000000000000e+05	1.000000000000000000e+02	nan	2.938804919556768924e-01	6.468690898409379386e-02	5.166954643316364060e-02
nan	1.000000000000000000e+05	1.000000000000000000e+02	nan	3.973633460172720788e-01	6.477220140514412805e-02	4.928081996564824541e-02
nan	1.000000000000000000e+05	1.000000000000000000e+02	nan	4.489741397959221558e-01	6.355657227866925996e-02	5.013631175110579152e-02
nan	1.000000000000000000e+05	1.000000000000000000e+02	nan	4.997310807414123701e-01	6.189426773221214789e-02	4.662728406303971729e-02
nan	1.000000000000000000e+05	1.000000000000000000e+02	nan	5.489887576727028318e-01	5.494349387860572587e-02	4.512256578576420707e-02
nan	1.000000000000000000e+05	1.000000000000000000e+02	nan	5.014246968090265710e-01	5.404903449464714543e-02	3.961966265362523720e-02
nan	1.000000000000000000e+05	1.000000000000000000e+02	nan	6.492234275916075603e-01	5.596232796662548720e-02	4.218109136158652156e-02
nan	1.000000000000000000e+05	1.000000000000000000e+02	nan	6.996780488945546495e-01	5.468517098377906338e-02	4.070510709319485887e-02
nan	1.000000000000000000e+05	1.000000000000000000e+02	nan	7.495408466493813648e-01	5.284248338767056491e-02	3.652908135435473103e-02
nan	1.000000000000000000e+05	1.000000000000000000e+02	nan	7.989858847627715477e-01	5.318163029148896548e-02	3.724290645251952803e-02
nan	1.000000000000000000e+05	1.000000000000000000e+02	nan	8.475996183680649665e-01	5.261204677098081650e-02	3.627862774841120186e-02
nan	1.000000000000000000e+05	1.000000000000000000e+02	nan	8.980715998509367637e-01	4.913458367728423815e-02	3.506839050317557549e-02
nan	1.000000000000000000e+05	1.000000000000000000e+02	nan	9.456841344259032667e-01	5.511154298444900790e-02	3.445783438839440660e-02
nan	1.000000000000000000e+05	1.000000000000000000e+02	nan	9.994465702495745063e-01	4.986512403345375044e-02	3.465710305798584689e-02
nan	1.000000000000000000e+05	1.000000000000000000e+02	nan	1.045482865744702394e+00	5.080777634595858711e-02	3.249561468712229562e-02
nan	1.000000000000000000e+05	1.000000000000000000e+02	nan	1.099247580634255428e+00	5.119143597017222075e-02	3.163160828921551815e-02
nan	1.000000000000000000e+05	1.000000000000000000e+02	nan	1.149501127093344621e+00	4.618134102623000503e-02	2.983174263219479788e-02
nan	1.000000000000000000e+05	1.000000000000000000e+02	nan	1.199229486080071183e+00	4.633004245284617906e-02	3.060097297490742968e-02
nan	1.000000000000000000e+05	1.000000000000000000e+02	nan	1.248426317378971362e+00	4.650278843798806572e-02	3.033293784611760385e-02
nan	1.000000000000000000e+05	1.000000000000000000e+02	nan	1.279489450730238786e+00	4.907795120780563541e-02	3.034107729440699286e-02
nan	1.000000000000000000e+05	1.000000000000000000e+02	nan	1.347958703769108979e+00	4.582617619348754168e-02	2.962098738716754248e-02
nan	1.000000000000000000e+05	1.000000000000000000e+02	nan	1.398349385954702484e+00	5.063368117560491932e-02	2.692759750565899834e-02
nan	1.000000000000000000e+05	1.000000000000000000e+02	nan	1.448146205100783845e+00	4.777932460266665071e-02	2.835403283363701829e-02
nan	1.000000000000000000e+05	1.000000000000000000e+02	nan	1.497185214886712856e+00	4.738441690307861748e-02	2.648165871546269770e-02
nan	1.000000000000000000e+05	1.000000000000000000e+02	nan	1.547983887744180720e+00	4.625673412310225829e-02	2.564512247561075847e-02
nan	1.000000000000000000e+05	1.000000000000000000e+02	nan	1.599394272236168035e+00	4.881808814983355088e-02	2.920107664995172034e-02
nan	1.000000000000000000e+05	1.000000000000000000e+02	nan	1.648265436462338585e+00	4.937644182037108365e-02	2.451822232632083418e-02
nan	1.000000000000000000e+05	1.000000000000000000e+02	nan	1.693018413081745166e+00	4.313578167968473709e-02	2.605156989988036825e-02
nan	1.000000000000000000e+05	1.000000000000000000e+02	nan	1.739250323963119627e+00	4.323245615546893184e-02	2.381078797932083962e-02
nan	1.000000000000000000e+05	1.000000000000000000e+02	nan	1.798226929912289052e+00	4.182462095290164633e-02	2.528126981252533378e-02
nan	1.000000000000000000e+05	1.000000000000000000e+02	nan	1.848111077082080556e+00	4.849739047710599493e-02	2.359173809300040003e-02
nan	1.000000000000000000e+05	1.000000000000000000e+02	nan	1.898116053407875370e+00	4.789884523211920819e-02	2.268131680970776956e-02
nan	1.000000000000000000e+05	1.000000000000000000e+02	nan	1.947113924694804155e+00	4.278798577369458123e-02	2.286162324829913578e-02
nan	1.000000000000000000e+05	1.000000000000000000e+02	nan	1.978240626963497562e+00	4.552796620814639900e-02	2.259399954896964755e-02
nan	1.000000000000000000e+05	1.000000000000000000e+02	nan	9.979575483433933414e-02	1.117628316318292070e-01	1.048423308573925433e-01
nan	1.000000000000000000e+05	1.000000000000000000e+02	nan	1.496982349203079821e-01	9.689099540770523822e-02	8.552331566037577049e-02
nan	1.000000000000000000e+05	1.000000000000000000e+02	nan	1.998316422180863583e-01	8.025658983424739656e-02	7.557492007462664196e-02
nan	1.000000000000000000e+05	1.000000000000000000e+02	nan	2.469139559704984777e-01	7.689886375363649829e-02	7.289904500622945704e-02
nan	1.000000000000000000e+05	1.000000000000000000e+02	nan	2.995900533292115142e-01	6.692139270169056298e-02	6.154301039188724010e-02
nan	1.000000000000000000e+05	1.000000000000000000e+02	nan	3.489460946144902209e-01	6.927822515947429372e-02	5.944499123723026579e-02
nan	1.000000000000000000e+05	1.000000000000000000e+02	nan	3.996768111757376118e-01	6.434557526637973979e-02	5.087953625606635166e-02
nan	1.000000000000000000e+05	1.000000000000000000e+02	nan	4.486031187639980544e-01	6.059579784716195155e-02	5.354573753750684062e-02
nan	1.000000000000000000e+05	1.000000000000000000e+02	nan	4.990982386114524161e-01	6.244423958227668381e-02	4.426444688337743960e-02
nan	1.000000000000000000e+05	1.000000000000000000e+02	nan	5.490008170667124432e-01	5.607891716860906317e-02	4.374223669727017594e-02
nan	1.000000000000000000e+05	1.000000000000000000e+02	nan	5.993883870803529135e-01	5.525416786030446642e-02	4.086951712890264654e-02
nan	1.000000000000000000e+05	1.000000000000000000e+02	nan	6.488200811041338056e-01	5.827137883377546401e-02	3.850221678625181249e-02
nan	1.000000000000000000e+05	1.000000000000000000e+02	nan	6.977483181284469538e-01	5.622272648173243237e-02	3.922414283745542796e-02
nan	1.000000000000000000e+05	1.000000000000000000e+02	nan	7.490053896349309071e-01	5.149033120454544338e-02	3.851081195471572904e-02
nan	1.000000000000000000e+05	1.000000000000000000e+02	nan	7.987356625252459708e-01	5.389840122851456694e-02	3.828686020195384843e-02
nan	1.000000000000000000e+05	1.000000000000000000e+02	nan	8.481234954535921133e-01	4.970726865157187868e-02	3.373219044353037432e-02
nan	1.000000000000000000e+05	1.000000000000000000e+02	nan	8.993580220142689541e-01	5.277357490709944782e-02	3.399576393979066719e-02
nan	1.000000000000000000e+05	1.000000000000000000e+02	nan	9.492613573695507512e-01	4.911256629174490240e-02	3.115122166183681429e-02
nan	1.000000000000000000e+05	1.000000000000000000e+02	nan	9.991264310255019154e-01	5.054125405863173909e-02	3.188804783840242657e-02
nan	1.000000000000000000e+05	1.000000000000000000e+02	nan	1.043809407111439214e+00	4.672059059217816696e-02	3.036696339242716397e-02
nan	1.000000000000000000e+05	1.000000000000000000e+02	nan	1.099303757421694172e+00	5.000659873216491136e-02	3.211584001645649555e-02
nan	1.000000000000000000e+05	1.000000000000000000e+02	nan	1.147910447979711535e+00	4.887042048646293713e-02	3.034058614911326612e-02
nan	1.000000000000000000e+05	1.000000000000000000e+02	nan	1.185749965599939060e+00	4.587214472886131517e-02	3.120871451132786051e-02
nan	1.000000000000000000e+05	1.000000000000000000e+02	nan	1.245576338727232724e+00	4.854973046808088583e-02	2.983219717271486798e-02
nan	1.000000000000000000e+05	1.000000000000000000e+02	nan	1.298156852541410444e+00	5.286161780237584595e-02	2.815106020344354185e-02
nan	1.000000000000000000e+05	1.000000000000000000e+02	nan	1.347747737625809350e+00	4.612047290625136131e-02	2.767619711529215390e-02
nan	1.000000000000000000e+05	1.000000000000000000e+02	nan	1.394555328496494440e+00	4.447863821381581317e-02	2.744633896409923515e-02
nan	1.000000000000000000e+05	1.000000000000000000e+02	nan	1.449038378626028134e+00	4.775611522200267495e-02	2.649392887361212007e-02
nan	1.000000000000000000e+05	1.000000000000000000e+02	nan	1.497964283607416291e+00	4.481608602675032915e-02	2.556657696949870412e-02
nan	1.000000000000000000e+05	1.000000000000000000e+02	nan	1.548348612654990575e+00	4.326631640581995314e-02	2.790434346374556784e-02
nan	1.000000000000000000e+05	1.000000000000000000e+02	nan	1.599450636639289769e+00	4.469594616174053098e-02	2.692571934108237489e-02
nan	1.000000000000000000e+05	1.000000000000000000e+02	nan	1.646050082786587154e+00	4.368523907698230319e-02	2.415792806126164372e-02
nan	1.000000000000000000e+05	1.000000000000000000e+02	nan	1.697505439911196845e+00	4.874515909456021701e-02	2.552997415175877263e-02
nan	1.000000000000000000e+05	1.000000000000000000e+02	nan	1.747675467685667172e+00	4.277016751138112971e-02	2.485637696636648283e-02
nan	1.000000000000000000e+05	1.000000000000000000e+02	nan	1.799260160293897570e+00	4.343001443771139086e-02	2.375753131140952157e-02
nan	1.000000000000000000e+05	1.000000000000000000e+02	nan	1.847280316403043798e+00	4.219124832177547496e-02	2.326870023731512221e-02
nan	1.000000000000000000e+05	1.000000000000000000e+02	nan	1.898551751870058979e+00	4.429791191907996029e-02	2.610649650978906500e-02
nan	1.000000000000000000e+05	1.000000000000000000e+02	nan	1.944728152723655512e+00	4.241072543563544767e-02	2.433679783953656556e-02
nan	1.000000000000000000e+05	1.000000000000000000e+02	nan	1.678523744614286661e+00	4.721498022474504563e-02	2.273743457475560850e-02
