# SourcePhotonFlux	NumberRaysSurvived	PercentageRaysSurvived	PhotonFlux	Bandwidth	HorizontalFocusFWHM	VerticalFocusFWHM
nan	1.000000000000000000e+05	1.000000000000000000e+02	nan	9.973975438169802032e-02	4.519720160153381516e-01	1.080423709404740029e-01
nan	1.000000000000000000e+05	1.000000000000000000e+02	nan	1.497407450456691436e-01	4.610042061504860955e-01	9.381346327444764488e-02
nan	1.000000000000000000e+05	1.000000000000000000e+02	nan	1.998006182309879364e-01	4.448680469341832477e-01	8.160347347489399494e-02
nan	1.000000000000000000e+05	1.000000000000000000e+02	nan	2.494609498626587651e-01	4.695340507281108300e-01	7.519924477292463938e-02
nan	1.000000000000000000e+05	1.000000000000000000e+02	nan	2.996760097979915827e-01	4.824499302825837610e-01	6.999327384302958532e-02
nan	1.000000000000000000e+05	1.000000000000000000e+02	nan	3.492673165911241995e-01	4.457477287820944545e-01	6.905158164466486392e-02
nan	1.000000000000000000e+05	1.000000000000000000e+02	nan	3.996362082831552698e-01	4.237953125978791147e-01	6.495439026091778811e-02
nan	1.000000000000000000e+05	1.000000000000000000e+02	nan	4.487885639008197813e-01	4.600063109822948304e-01	6.530604964391860390e-02
nan	1.000000000000000000e+05	1.000000000000000000e+02	nan	4.995617708722051020e-01	4.627898228270762582e-01	5.888816923766390654e-02
nan	1.000000000000000000e+05	1.000000000000000000e+02	nan	5.487480003188238697e-01	4.565575682483172248e-01	5.891801855497458273e-02
nan	1.000000000000000000e+05	1.000000000000000000e+02	nan	5.976922858094155799e-01	4.465007062335125676e-01	5.684699118493873049e-02
nan	1.000000000000000000e+05	1.000000000000000000e+02	nan	6.493342023473189784e-01	4.415196038388318756e-01	5.307918715355252476e-02
nan	1.000000000000000000e+05	1.000000000000000000e+02	nan	6.990608559262341259e-01	4.451412501645103381e-01	5.664475603943087967e-02
nan	1.000000000000000000e+05	1.000000000000000000e+02	nan	7.492768189500509379e-01	4.534584183973822125e-01	5.261165550600971352e-02
nan	1.000000000000000000e+05	1.000000000000000000e+02	nan	7.985190024487565097e-01	4.486193913444000425e-01	5.287815914776883286e-02
nan	1.000000000000000000e+05	1.000000000000000000e+02	nan	8.489345264869143648e-01	4.653760448861521404e-01	5.207609182288092109e-02
nan	1.000000000000000000e+05	1.000000000000000000e+02	nan	8.990786807053439134e-01	4.395609953205634746e-01	5.123726243415208104e-02
nan	1.000000000000000000e+05	1.000000000000000000e+02	nan	9.482329630093033757e-01	4.416202950883531542e-01	4.914685961756457000e-02
nan	1.000000000000000000e+05	1.000000000000000000e+02	nan	9.986524785704773421e-01	4.263363580000317787e-01	5.043713751213192709e-02
nan	1.000000000000000000e+05	1.000000000000000000e+02	nan	1.048901073525712491e+00	4.646433659614374045e-01	4.992657450269180619e-02
nan	1.000000000000000000e+05	1.000000000000000000e+02	nan	1.098897848240198982e+00	4.581686018255791693e-01	4.821855826371901355e-02
nan	1.000000000000000000e+05	1.000000000000000000e+02	nan	1.148436382769205011e+00	4.430207252786669270e-01	5.136611804045328883e-02
nan	1.000000000000000000e+05	1.000000000000000000e+02	nan	1.191752602163774100e+00	4.336792592320379280e-01	5.079187602643511074e-02
nan	1.000000000000000000e+05	1.000000000000000000e+02	nan	1.247148672440857808e+00	4.510164318046780418e-01	4.744718189288697069e-02
nan	1.000000000000000000e+05	1.000000000000000000e+02	nan	1.298821635184765455e+00	4.618153549759184684e-01	5.059127536365769229e-02
nan	1.000000000000000000e+05	1.000000000000000000e+02	nan	1.348458451708552275e+00	4.623225609210735998e-01	4.787712386791218716e-02
nan	1.000000000000000000e+05	1.000000000000000000e+02	nan	1.387218169503739773e+00	4.569442167966704105e-01	4.761792578098765494e-02
nan	1.000000000000000000e+05	1.000000000000000000e+02	nan	1.448551596825438992e+00	4.625135735999613140e-01	4.823743953377401805e-02
nan	1.000000000000000000e+05	1.000000000000000000e+02	nan	1.497161779149791982e+00	4.495983371974859866e-01	4.790324658805901470e-02
nan	1.000000000000000000e+05	1.000000000000000000e+02	nan	1.546904853041667138e+00	4.462057087457014792e-01	4.661468133756817983e-02
nan	1.000000000000000000e+05	1.000000000000000000e+02	nan	1.594296407564172569e+00	4.727920354502277434e-01	4.690171253281385372e-02
nan	1.000000000000000000e+05	1.000000000000000000e+02	nan	1.647783661708729142e+00	4.636197081547175358e-01	4.514135694718274944e-02
nan	1.000000000000000000e+05	1.000000000000000000e+02	nan	1.689449544629098909e+00	4.381291278099865849e-01	4.472158883329560575e-02
nan	1.000000000000000000e+05	1.000000000000000000e+02	nan	1.744246260618979250e+00	4.570941599442294168e-01	4.773018941662360987e-02
nan	1.000000000000000000e+05	1.000000000000000000e+02	nan	1.773356160000560067e+00	4.567131375870165377e-01	4.677595982298292376e-02
nan	1.000000000000000000e+05	1.000000000000000000e+02	nan	1.849518456649661857e+00	4.298386376532202235e-01	4.384889811514996322e-02
nan	1.000000000000000000e+05	1.000000000000000000e+02	nan	1.894675958505331437e+00	4.592014957627633676e-01	4.681465007945181250e-02
nan	1.000000000000000000e+05	1.000000000000000000e+02	nan	1.948588028415372264e+00	4.580384199122704003e-01	4.661970913535402883e-02
nan	1.000000000000000000e+05	1.000000000000000000e+02	nan	1.996119635666389058e+00	4.565340175651614318e-01	4.731565918281679939e-02
nan	1.000000000000000000e+05	1.000000000000000000e+02	nan	9.941319609288967740e-02	4.743855913427038051e-01	1.137015769989782044e-01
nan	1.000000000000000000e+05	1.000000000000000000e+02	nan	1.497830268548270283e-01	4.579745998075694380e-01	9.182273382420752528e-02
nan	1.000000000000000000e+05	1.000000000000000000e+02	nan	1.997962960613151040e-01	4.503947033885292162e-01	8.297741808416710108e-02
nan	1.000000000000000000e+05	1.000000000000000000e+02	nan	2.494158504958292610e-01	4.461074961003591022e-01	7.693209485293661665e-02
nan	1.000000000000000000e+05	1.000000000000000000e+02	nan	2.992541048327552744e-01	4.778869871738680164e-01	6.977591071200131556e-02
nan	1.000000000000000000e+05	1.000000000000000000e+02	nan	3.492571303929423721e-01	4.759874736813032303e-01	6.818632138851329905e-02
nan	1.000000000000000000e+05	1.000000000000000000e+02	nan	3.987050707071944089e-01	4.482883630883114923e-01	6.690876738846822380e-02
nan	1.000000000000000000e+05	1.000000000000000000e+02	nan	4.494201264621011660e-01	4.550571725886617958e-01	6.069114393572749150e-02
nan	1.000000000000000000e+05	1.000000000000000000e+02	nan	4.992212132246720557e-01	4.510473032950456651e-01	6.077245245637050153e-02
nan	1.000000000000000000e+05	1.000000000000000000e+02	nan	5.483628463318268587e-01	4.785390281178490413e-01	6.107470205515570794e-02
nan	1.000000000000000000e+05	1.000000000000000000e+02	nan	5.989624010261422882e-01	4.363509813132632198e-01	5.713833965514251295e-02
nan	1.000000000000000000e+05	1.000000000000000000e+02	nan	6.480364363501962544e-01	4.705334740717265762e-01	5.608496952920616341e-02
nan	1.000000000000000000e+05	1.000000000000000000e+02	nan	6.988591588090002915e-01	4.468094240891212765e-01	5.465174505844919151e-02
nan	1.000000000000000000e+05	1.000000000000000000e+02	nan	6.887051289396030063e-01	4.448268436837093942e-01	5.408255891640410123e-02
nan	1.000000000000000000e+05	1.000000000000000000e+02	nan	7.983566517850704258e-01	4.599425599117137886e-01	5.529817570226137902e-02
nan	1.000000000000000000e+05	1.000000000000000000e+02	nan	8.491575160901732033e-01	4.528660360755099590e-01	5.175483322377527617e-02
nan	1.000000000000000000e+05	1.000000000000000000e+02	nan	8.985154582984478111e-01	4.533767883612483396e-01	5.277087394544672377e-02
nan	1.000000000000000000e+05	1.000000000000000000e+02	nan	9.484809472537847341e-01	4.744449428315119510e-01	5.146482550831654734e-02
nan	1.000000000000000000e+05	1.000000000000000000e+02	nan	9.965833062178148793e-01	4.335325893768946504e-01	5.194967394629950580e-02
nan	1.000000000000000000e+05	1.000000000000000000e+02	nan	1.048500526815985268e+00	4.438370813749547006e-01	5.002644924434355989e-02
nan	1.000000000000000000e+05	1.000000000000000000e+02	nan	1.098195380827007739e+00	4.629003437735514370e-01	5.096402999461739636e-02
nan	1.000000000000000000e+05	1.000000000000000000e+02	nan	1.148798121457787147e+00	4.695048092555249575e-01	4.868460690968304944e-02
nan	1.000000000000000000e+05	1.000000000000000000e+02	nan	1.191340741791179880e+00	4.479335189489990765e-01	4.789404411930650585e-02
nan	1.000000000000000000e+05	1.000000000000000000e+02	nan	1.248072422495340561e+00	4.431784818910587398e-01	4.835918107676698274e-02
nan	1.000000000000000000e+05	1.000000000000000000e+02	nan	1.297638751574027083e+00	4.663906632676148023e-01	4.912861089749590709e-02
nan	1.000000000000000000e+05	1.000000000000000000e+02	nan	1.348081912381928760e+00	4.583072341489874413e-01	4.615397257182850960e-02
nan	1.000000000000000000e+05	1.000000000000000000e+02	nan	1.397687072374822037e+00	4.450421954346334696e-01	4.747081197811822001e-02
nan	1.000000000000000000e+05	1.000000000000000000e+02	nan	1.448230558539421509e+00	4.441958573894463358e-01	4.698961269903749460e-02
nan	1.000000000000000000e+05	1.000000000000000000e+02	nan	1.497787687332674977e+00	4.323297466545931167e-01	4.721294937734053787e-02
nan	1.000000000000000000e+05	1.000000000000000000e+02	nan	1.547602395179183077e+00	4.380421819277443563e-01	4.522242593044284442e-02
nan	1.000000000000000000e+05	1.000000000000000000e+02	nan	1.597780632560898084e+00	4.566067688634727895e-01	4.605863182096472247e-02
nan	1.000000000000000000e+05	1.000000000000000000e+02	nan	1.645395751965395448e+00	4.307298650087568181e-01	4.926566143432510592e-02
nan	1.000000000000000000e+05	1.000000000000000000e+02	nan	1.698439169625885370e+00	4.672449451642883833e-01	4.731045803672784267e-02
nan	1.000000000000000000e+05	1.000000000000000000e+02	nan	1.742581245344638319e+00	4.556096502449982211e-01	4.428971200163016320e-02
nan	1.000000000000000000e+05	1.000000000000000000e+02	nan	1.794783098267600963e+00	4.543724777187712061e-01	4.417691027470802001e-02
nan	1.000000000000000000e+05	1.000000000000000000e+02	nan	1.848525680626721623e+00	4.570587713222398207e-01	4.562917538973573772e-02
nan	1.000000000000000000e+05	1.000000000000000000e+02	nan	1.894905930995207655e+00	4.586729399142218666e-01	4.348751428929267110e-02
nan	1.000000000000000000e+05	1.000000000000000000e+02	nan	1.944594200405845186e+00	4.630829910744120315e-01	4.501876073411067991e-02
nan	1.000000000000000000e+05	1.000000000000000000e+02	nan	1.997373021193823206e+00	4.583931615434092555e-01	4.397168130471212216e-02
nan	1.000000000000000000e+05	1.000000000000000000e+02	nan	9.958171942444948854e-02	4.605465995637337273e-01	1.149487925729733295e-01
nan	1.000000000000000000e+05	1.000000000000000000e+02	nan	1.497154342273105954e-01	4.257655079221870920e-01	9.418523602864624367e-02
nan	1.000000000000000000e+05	1.000000000000000000e+02	nan	1.997796872999728635e-01	4.615410471614775356e-01	8.086291655657396049e-02
nan	1.000000000000000000e+05	1.000000000000000000e+02	nan	2.495935690949835362e-01	4.802684752004157676e-01	7.641434779768162266e-02
nan	1.000000000000000000e+05	1.000000000000000000e+02	nan	2.995753057130201569e-01	4.461226103206228921e-01	7.650928202649245891e-02
nan	1.000000000000000000e+05	1.000000000000000000e+02	nan	3.497835535163318355e-01	4.395144730060829286e-01	6.739755730821316015e-02
nan	1.000000000000000000e+05	1.000000000000000000e+02	nan	3.990525374052111829e-01	4.366866670567109976e-01	6.487160398859581623e-02
nan	1.000000000000000000e+05	1.000000000000000000e+02	nan	4.495656023195380158e-01	4.319483065806504207e-01	6.261287205325254124e-02
nan	1.000000000000000000e+05	1.000000000000000000e+02	nan	4.995631022266024956e-01	4.370671285352594748e-01	5.901410221866857514e-02
nan	1.000000000000000000e+05	1.000000000000000000e+02	nan	5.477397389788336568e-01	4.619698141179920947e-01	5.897044894535516391e-02
nan	1.000000000000000000e+05	1.000000000000000000e+02	nan	5.993777684130350281e-01	4.519453675419985439e-01	5.591875851126330843e-02
nan	1.000000000000000000e+05	1.000000000000000000e+02	nan	6.483872588925407854e-01	4.455293752684892361e-01	6.059841011008279543e-02
nan	1.000000000000000000e+05	1.000000000000000000e+02	nan	6.963617213335737688e-01	4.502271988565526017e-01	5.657687600736315686e-02
nan	1.000000000000000000e+05	1.000000000000000000e+02	nan	7.486646362637827679e-01	4.294696782470087126e-01	5.537242133531186661e-02
nan	1.000000000000000000e+05	1.000000000000000000e+02	nan	7.964137911855289076e-01	4.499627852361420821e-01	5.199529266521951687e-02
nan	1.000000000000000000e+05	1.000000000000000000e+02	nan	8.495163187665468740e-01	4.671656050382531622e-01	5.193157163947580146e-02
nan	1.000000000000000000e+05	1.000000000000000000e+02	nan	8.984354112220103161e-01	4.518702084997257007e-01	5.316136466874848976e-02
nan	1.000000000000000000e+05	1.000000000000000000e+02	nan	9.483746637419017134e-01	4.404424326570213211e-01	5.037209471874881661e-02
nan	1.000000000000000000e+05	1.000000000000000000e+02	nan	9.887100289110435369e-01	4.555188804000194214e-01	5.135601744478264508e-02
nan	1.000000000000000000e+05	1.000000000000000000e+02	nan	1.048338821693278078e+00	4.708345046209788110e-01	4.933748506063435901e-02
nan	1.000000000000000000e+05	1.000000000000000000e+02	nan	1.097804080822186279e+00	4.664561325195940578e-01	5.159335163602082192e-02
nan	1.000000000000000000e+05	1.000000000000000000e+02	nan	1.148971956526395388e+00	4.263703965417644515e-01	4.832821739227369240e-02
nan	1.000000000000000000e+05	1.000000000000000000e+02	nan	1.199087060077999922e+00	4.629840590860683225e-01	4.845633476794995037e-02
nan	1.000000000000000000e+05	1.000000000000000000e+02	nan	1.248690535323248696e+00	4.423647985887550482e-01	4.724961414534641080e-02
nan	1.000000000000000000e+05	1.000000000000000000e+02	nan	1.298322571316759877e+00	4.635423171053384972e-01	4.766288777768130924e-02
nan	1.000000000000000000e+05	1.000000000000000000e+02	nan	1.348948458566269437e+00	4.724315597823241508e-01	4.836888237051664707e-02
nan	1.000000000000000000e+05	1.000000000000000000e+02	nan	1.398209813544099234e+00	4.567224684020306791e-01	4.726731954943048930e-02
nan	1.000000000000000000e+05	1.000000000000000000e+02	nan	1.331234351240534242e+00	4.429560826539733487e-01	4.685863751387046860e-02
nan	1.000000000000000000e+05	1.000000000000000000e+02	nan	1.377048671718525963e+00	4.476317667627398023e-01	4.682354318030487739e-02
nan	1.000000000000000000e+05	1.000000000000000000e+02	nan	1.545754524602784841e+00	4.612164014719524197e-01	4.644648706672589722e-02
nan	1.000000000000000000e+05	1.000000000000000000e+02	nan	1.598673480423940418e+00	4.332106663984438000e-01	4.807348112891008524e-02
nan	1.000000000000000000e+05	1.000000000000000000e+02	nan	1.649323791956987861e+00	4.599463156632021543e-01	4.458857816557031117e-02
nan	1.000000000000000000e+05	1.000000000000000000e+02	nan	1.694802511590580707e+00	4.445305826805813765e-01	4.762270711055228978e-02
nan	1.000000000000000000e+05	1.000000000000000000e+02	nan	1.736765098901173587e+00	4.507460506208543771e-01	4.413323614904946651e-02
nan	1.000000000000000000e+05	1.000000000000000000e+02	nan	1.797949764803661310e+00	4.445289221086221043e-01	4.715443086241928594e-02
nan	1.000000000000000000e+05	1.000000000000000000e+02	nan	1.846717515938053111e+00	4.303518805805827685e-01	4.492472460719042215e-02
nan	1.000000000000000000e+05	1.000000000000000000e+02	nan	1.894784362211566986e+00	4.410247099856636210e-01	4.662292449369673242e-02
nan	1.000000000000000000e+05	1.000000000000000000e+02	nan	1.946459209356021347e+00	4.824134625102305396e-01	4.637527268373431433e-02
nan	1.000000000000000000e+05	1.000000000000000000e+02	nan	1.993435641505300282e+00	4.559473440192598481e-01	4.700302486771201077e-02
nan	1.000000000000000000e+05	1.000000000000000000e+02	nan	9.983979960784594709e-02	4.422544563602307521e-01	1.085974368149744407e-01
nan	1.000000000000000000e+05	1.000000000000000000e+02	nan	1.495625902370605331e-01	4.548524341311600550e-01	9.234003336566773412e-02
nan	1.000000000000000000e+05	1.000000000000000000e+02	nan	1.998519890563841273e-01	4.561167644843124869e-01	8.340432479310941338e-02
nan	1.000000000000000000e+05	1.000000000000000000e+02	nan	2.488678985453987025e-01	4.503784692047443916e-01	7.839783793449844884e-02
nan	1.000000000000000000e+05	1.000000000000000000e+02	nan	2.991379861601473067e-01	4.718646983886501389e-01	7.119202691300208219e-02
nan	1.000000000000000000e+05	1.000000000000000000e+02	nan	3.496518740491296739e-01	4.752226840355678328e-01	6.802439955564515417e-02
nan	1.000000000000000000e+05	1.000000000000000000e+02	nan	3.986851915659030965e-01	4.678684517623137307e-01	6.486002058913724333e-02
nan	1.000000000000000000e+05	1.000000000000000000e+02	nan	4.493645550517157972e-01	4.467199412851067808e-01	6.631500281201617442e-02
nan	1.000000000000000000e+05	1.000000000000000000e+02	nan	4.990841309814442184e-01	4.336211044736751341e-01	6.147853140306723529e-02
nan	1.000000000000000000e+05	1.000000000000000000e+02	nan	5.488958546334572475e-01	4.376015029202187101e-01	5.932073305113214068e-02
nan	1.000000000000000000e+05	1.000000000000000000e+02	nan	5.993549503658925914e-01	4.561070707546571734e-01	6.101445627074232603e-02
nan	1.000000000000000000e+05	1.000000000000000000e+02	nan	6.490536314563826181e-01	4.561767521076139920e-01	5.712413644150841907e-02
nan	1.000000000000000000e+05	1.000000000000000000e+02	nan	6.992449317933449038e-01	4.382116784824998112e-01	5.352779846793846025e-02
nan	1.000000000000000000e+05	1.000000000000000000e+02	nan	7.494952800227281386e-01	4.348194726018160261e-01	5.573407354883082310e-02
nan	1.000000000000000000e+05	1.000000000000000000e+02	nan	7.984179186182132071e-01	4.519075860679907519e-01	5.260109505353720294e-02
nan	1.000000000000000000e+05	1.000000000000000000e+02	nan	8.485615116726137330e-01	4.425454496177988473e-01	5.411498407743832451e-02
nan	1.000000000000000000e+05	1.000000000000000000e+02	nan	8.980181198867569492e-01	4.406104168482434802e-01	5.151829898164739241e-02
nan	1.000000000000000000e+05	1.000000000000000000e+02	nan	9.486739576440754718e-01	4.518429755788679891e-01	4.963598799636359526e-02
nan	1.000000000000000000e+05	1.000000000000000000e+02	nan	9.982420838095436011e-01	4.362273463551468167e-01	5.069463624365162097e-02
nan	1.000000000000000000e+05	1.000000000000000000e+02	nan	9.582854437915162560e-01	4.455575582900235254e-01	5.012405619170446497e-02
nan	1.000000000000000000e+05	1.000000000000000000e+02	nan	1.099031045230617565e+00	4.561119957828296823e-01	4.995739076619662433e-02
nan	1.000000000000000000e+05	1.000000000000000000e+02	nan	1.147710288540736201e+00	4.833140013300917803e-01	4.934749857700609227e-02
nan	1.000000000000000000e+05	1.000000000000000000e+02	nan	1.196044247331485622e+00	4.296469337272582067e-01	4.778532777143537635e-02
nan	1.000000000000000000e+05	1.000000000000000000e+02	nan	1.248081540985538140e+00	4.648397658485724504e-01	5.068470289239580817e-02
nan	1.000000000000000000e+05	1.000000000000000000e+02	nan	1.294907845930595158e+00	4.519693643961044671e-01	4.959609097734667127e-02
nan	1.000000000000000000e+05	1.000000000000000000e+02	nan	1.348121274738218744e+00	4.606621984157987515e-01	4.753619386590248602e-02
nan	1.000000000000000000e+05	1.000000000000000000e+02	nan	1.397090702216189584e+00	4.464193992920402199e-01	4.541835457804312137e-02
nan	1.000000000000000000e+05	1.000000000000000000e+02	nan	1.442195244681272470e+00	4.566080789812066443e-01	4.870121353088220639e-02
nan	1.000000000000000000e+05	1.000000000000000000e+02	nan	1.497753522080870425e+00	4.430475788227381528e-01	4.661452219828243759e-02
nan	1.000000000000000000e+05	1.000000000000000000e+02	nan	1.547786217805878550e+00	4.449443537275031835e-01	4.659661419152320849e-02
nan	1.000000000000000000e+05	1.000000000000000000e+02	nan	1.592950327258222387e+00	4.428089090847675546e-01	4.757650700900811075e-02
nan	1.000000000000000000e+05	1.000000000000000000e+02	nan	1.647622258761430203e+00	4.571028089739807010e-01	4.698196982240772368e-02
nan	1.000000000000000000e+05	1.000000000000000000e+02	nan	1.697331881919410534e+00	4.186569257371381969e-01	4.696364731430763273e-02
nan	1.000000000000000000e+05	1.000000000000000000e+02	nan	1.748079095901175606e+00	4.357483246467184212e-01	4.685275426926541198e-02
nan	1.000000000000000000e+05	1.000000000000000000e+02	nan	1.798434931798794878e+00	4.677773575651379412e-01	4.599141043522048805e-02
nan	1.000000000000000000e+05	1.000000000000000000e+02	nan	1.844219738536139630e+00	4.688769806228224035e-01	4.531261201427184276e-02
nan	1.000000000000000000e+05	1.000000000000000000e+02	nan	1.894400975453663705e+00	4.458962653575008761e-01	4.614802646567729705e-02
nan	1.000000000000000000e+05	1.000000000000000000e+02	nan	1.792255902028517145e+00	4.308734325051548075e-01	4.516948953726739047e-02
nan	1.000000000000000000e+05	1.000000000000000000e+02	nan	1.997724096528429527e+00	4.713411304954918113e-01	4.826842369413028577e-02
nan	1.000000000000000000e+05	1.000000000000000000e+02	nan	9.980661825877845672e-02	4.706280491757415807e-01	1.051421603668021149e-01
nan	1.000000000000000000e+05	1.000000000000000000e+02	nan	1.493037894074618066e-01	4.380101446912691987e-01	9.398597706397508744e-02
nan	1.000000000000000000e+05	1.000000000000000000e+02	nan	1.997466576454201004e-01	4.513851604333413148e-01	8.623443689087764708e-02
nan	1.000000000000000000e+05	1.000000000000000000e+02	nan	2.496567582245461381e-01	4.421600140713335958e-01	7.891629954121288926e-02
nan	1.000000000000000000e+05	1.000000000000000000e+02	nan	2.990773921603704366e-01	4.676275392739069336e-01	7.350983779640118954e-02
nan	1.000000000000000000e+05	1.000000000000000000e+02	nan	3.459051533849191173e-01	4.618284197287848558e-01	6.608159051954543006e-02
nan	1.000000000000000000e+05	1.000000000000000000e+02	nan	3.997122618238364566e-01	4.616421679977678050e-01	6.463496588088174510e-02
nan	1.000000000000000000e+05	1.000000000000000000e+02	nan	4.488815814566322615e-01	4.588261251729670587e-01	6.177634224172345173e-02
nan	1.000000000000000000e+05	1.000000000000000000e+02	nan	4.994431341297058680e-01	4.714619258132532464e-01	5.991255221509325657e-02
nan	1.000000000000000000e+05	1.000000000000000000e+02	nan	5.434034703538088706e-01	4.413744268544150806e-01	5.827628332377922382e-02
nan	1.000000000000000000e+05	1.000000000000000000e+02	nan	5.992547856164947007e-01	4.600542071060353400e-01	5.738717944515672742e-02
nan	1.000000000000000000e+05	1.000000000000000000e+02	nan	6.491856962007034326e-01	4.316259576907761630e-01	5.643225322505882047e-02
nan	1.000000000000000000e+05	1.000000000000000000e+02	nan	6.986019959210238994e-01	4.616622675278862498e-01	5.513329357426803579e-02
nan	1.000000000000000000e+05	1.000000000000000000e+02	nan	7.491884859309720923e-01	4.446767386769193697e-01	5.397958668711475005e-02
nan	1.000000000000000000e+05	1.000000000000000000e+02	nan	7.993620953050424305e-01	4.388122055318751658e-01	5.262334756646640244e-02
nan	1.000000000000000000e+05	1.000000000000000000e+02	nan	8.489480962639959216e-01	4.634582615483566204e-01	5.374585830371868267e-02
nan	1.000000000000000000e+05	1.000000000000000000e+02	nan	8.947594939912733025e-01	4.596239184857352500e-01	5.256083343949487230e-02
nan	1.000000000000000000e+05	1.000000000000000000e+02	nan	9.442625883323785274e-01	4.659340206088250502e-01	5.262921577155654090e-02
nan	1.000000000000000000e+05	1.000000000000000000e+02	nan	9.974151087440361607e-01	4.496431194299509992e-01	5.117164856037664800e-02
nan	1.000000000000000000e+05	1.000000000000000000e+02	nan	1.048707282603572821e+00	4.648553333971516266e-01	5.247341420059906808e-02
nan	1.000000000000000000e+05	1.000000000000000000e+02	nan	1.094372825095206281e+00	4.473835390699231196e-01	5.227229266336523572e-02
nan	1.000000000000000000e+05	1.000000000000000000e+02	nan	1.148195472019835961e+00	4.512649345037474391e-01	4.950727368518498955e-02
nan	1.000000000000000000e+05	1.000000000000000000e+02	nan	1.192755917104761920e+00	4.407318839225649598e-01	4.920759402908886360e-02
nan	1.000000000000000000e+05	1.000000000000000000e+02	nan	1.246731827722271646e+00	4.464618458595071560e-01	4.808893523144215643e-02
nan	1.000000000000000000e+05	1.000000000000000000e+02	nan	1.298810946134267397e+00	4.388327402233991870e-01	4.851578989026004984e-02
nan	1.000000000000000000e+05	1.000000000000000000e+02	nan	1.347831489477925970e+00	4.271774949386351605e-01	4.631994928420426344e-02
nan	1.000000000000000000e+05	1.000000000000000000e+02	nan	1.395782271285895604e+00	4.489990510393082612e-01	4.798661728936253618e-02
nan	1.000000000000000000e+05	1.000000000000000000e+02	nan	1.447903395257014836e+00	4.262602506978425687e-01	4.736140435091817924e-02
nan	1.000000000000000000e+05	1.000000000000000000e+02	nan	1.498055158906367978e+00	4.343440527781780025e-01	4.633207860348009799e-02
nan	1.000000000000000000e+05	1.000000000000000000e+02	nan	1.542260307230833405e+00	4.563932155570304405e-01	4.732514299369601496e-02
nan	1.000000000000000000e+05	1.000000000000000000e+02	nan	1.597124869251445034e+00	4.670046865174281581e-01	4.777002873849194031e-02
nan	1.000000000000000000e+05	1.000000000000000000e+02	nan	1.641365597394610631e+00	4.525534989293683030e-01	4.498436106512341409e-02
nan	1.000000000000000000e+05	1.000000000000000000e+02	nan	1.698558325142585090e+00	4.426347867265920666e-01	4.572024074425878187e-02
nan	1.000000000000000000e+05	1.000000000000000000e+02	nan	1.748136891158821982e+00	4.435754573597597838e-01	4.410065060555792837e-02
nan	1.000000000000000000e+05	1.000000000000000000e+02	nan	1.793130909045487442e+00	4.344513993425821452e-01	4.502204643397607342e-02
nan	1.000000000000000000e+05	1.000000000000000000e+02	nan	1.837632706187775966e+00	4.470798438781171114e-01	4.522483773089118475e-02
nan	1.000000000000000000e+05	1.000000000000000000e+02	nan	1.896748400681758540e+00	4.386898494536558557e-01	4.655984631961020137e-02
nan	1.000000000000000000e+05	1.000000000000000000e+02	nan	1.941920967312057655e+00	4.465357445033203421e-01	4.632155380775013903e-02
nan	1.000000000000000000e+05	1.000000000000000000e+02	nan	1.996936698311003511e+00	4.565140772535766778e-01	4.500174318977901572e-02
nan	1.000000000000000000e+05	1.000000000000000000e+02	nan	9.968135642169428934e-02	4.566333565283159923e-01	1.135065399827705768e-01
nan	1.000000000000000000e+05	1.000000000000000000e+02	nan	1.498068348316010656e-01	4.408384978062629411e-01	9.211049971179563478e-02
nan	1.000000000000000000e+05	1.000000000000000000e+02	nan	1.993945430199488555e-01	4.606802611167000183e-01	8.098178485447538044e-02
nan	1.000000000000000000e+05	1.000000000000000000e+02	nan	2.495688041505133015e-01	4.432446359033934691e-01	7.344018863265880381e-02
nan	1.000000000000000000e+05	1.000000000000000000e+02	nan	2.992210436131870210e-01	4.356612199628813187e-01	7.283395132352685208e-02
nan	1.000000000000000000e+05	1.000000000000000000e+02	nan	3.492536641723802404e-01	4.593090185092865152e-01	6.850305150553447076e-02
nan	1.000000000000000000e+05	1.000000000000000000e+02	nan	3.993862563212786654e-01	4.556115816720716083e-01	6.216904266916454397e-02
nan	1.000000000000000000e+05	1.000000000000000000e+02	nan	4.495844251103306988e-01	4.484152997134014385e-01	6.341278879640230293e-02
nan	1.000000000000000000e+05	1.000000000000000000e+02	nan	4.987280281509214319e-01	4.473880808386436203e-01	5.862198478541604668e-02
nan	1.000000000000000000e+05	1.000000000000000000e+02	nan	5.456973355132390680e-01	4.404519473497278126e-01	5.907782337708980536e-02
nan	1.000000000000000000e+05	1.000000000000000000e+02	nan	5.990393893057728292e-01	4.471738385747986433e-01	5.859328164461539284e-02
nan	1.000000000000000000e+05	1.000000000000000000e+02	nan	6.485350609997908577e-01	4.498191197518618401e-01	5.301258317724355518e-02
nan	1.000000000000000000e+05	1.000000000000000000e+02	nan	6.995732795938920390e-01	4.710428283531118976e-01	5.381337733465837297e-02
nan	1.000000000000000000e+05	1.000000000000000000e+02	nan	7.494325550097755695e-01	4.467316865227561884e-01	5.784042451011866398e-02
nan	1.000000000000000000e+05	1.000000000000000000e+02	nan	7.995891503210543760e-01	4.595981533947779418e-01	5.142007289997760355e-02
nan	1.000000000000000000e+05	1.000000000000000000e+02	nan	8.483078383063116235e-01	4.329211155397870714e-01	5.424399627172535321e-02
nan	1.000000000000000000e+05	1.000000000000000000e+02	nan	8.985535357585376914e-01	4.474781532871755507e-01	5.192936001974388094e-02
nan	1.000000000000000000e+05	1.000000000000000000e+02	nan	9.489819638852168282e-01	4.744788549884864093e-01	5.297641332773087713e-02
nan	1.000000000000000000e+05	1.000000000000000000e+02	nan	9.990185312909716231e-01	4.352422135598977282e-01	5.107086127131886533e-02
nan	1.000000000000000000e+05	1.000000000000000000e+02	nan	1.046182113576549000e+00	4.569282340734237002e-01	4.944888889902366441e-02
nan	1.000000000000000000e+05	1.000000000000000000e+02	nan	1.097630132560198035e+00	4.749638572027135019e-01	5.166949249221928359e-02
nan	1.000000000000000000e+05	1.000000000000000000e+02	nan	1.149065605652651811e+00	4.482232520165614909e-01	4.956372748595817834e-02
nan	1.000000000000000000e+05	1.000000000000000000e+02	nan	1.101753899174253259e+00	4.570018904284420813e-01	4.851820240810875845e-02
nan	1.000000000000000000e+05	1.000000000000000000e+02	nan	1.248677572934184354e+00	4.374630365820952327e-01	5.022553233408706685e-02
nan	1.000000000000000000e+05	1.000000000000000000e+02	nan	1.295668403159822901e+00	4.572635637941467324e-01	4.784688219641081153e-02
nan	1.000000000000000000e+05	1.000000000000000000e+02	nan	1.348236847303951436e+00	4.471635509352398508e-01	4.603313680165527222e-02
nan	1.000000000000000000e+05	1.000000000000000000e+02	nan	1.398541571889040824e+00	4.538066125586553423e-01	4.663406616168649932e-02
nan	1.000000000000000000e+05	1.000000000000000000e+02	nan	1.445282647336739501e+00	4.600144412293031282e-01	4.814410660127961539e-02
nan	1.000000000000000000e+05	1.000000000000000000e+02	nan	1.493258855086537551e+00	4.722526952997928573e-01	4.985137877449555971e-02
nan	1.000000000000000000e+05	1.000000000000000000e+02	nan	1.547280037872099001e+00	4.371778730429080606e-01	4.559665085597597312e-02
nan	1.000000000000000000e+05	1.000000000000000000e+02	nan	1.597968050980057342e+00	4.555733369612898764e-01	4.688281281188584615e-02
nan	1.000000000000000000e+05	1.000000000000000000e+02	nan	1.647675334545397163e+00	4.460422617362047593e-01	4.577332193717992270e-02
nan	1.000000000000000000e+05	1.000000000000000000e+02	nan	1.698882597559645546e+00	4.294528766938273123e-01	4.597903780165103066e-02
nan	1.000000000000000000e+05	1.000000000000000000e+02	nan	1.744176032444499924e+00	4.297111826204468299e-01	4.558835336839086455e-02
nan	1.000000000000000000e+05	1.000000000000000000e+02	nan	1.798737586036224911e+00	4.497143649332641102e-01	4.570645959366789746e-02
nan	1.000000000000000000e+05	1.000000000000000000e+02	nan	1.848330274760030534e+00	4.482621102441283756e-01	4.825774212474909231e-02
nan	1.000000000000000000e+05	1.000000000000000000e+02	nan	1.895429321041888215e+00	4.747813315689171088e-01	4.611136768403754221e-02
nan	1.000000000000000000e+05	1.000000000000000000e+02	nan	1.947010065960000702e+00	4.628889903699437425e-01	4.403359710513005121e-02
nan	1.000000000000000000e+05	1.000000000000000000e+02	nan	1.989109420679255891e+00	4.681316570799998189e-01	4.460732356597402193e-02
