# SourcePhotonFlux	NumberRaysSurvived	PercentageRaysSurvived	PhotonFlux	Bandwidth	HorizontalFocusFWHM	VerticalFocusFWHM
nan	1.000000000000000000e+04	1.000000000000000000e+01	nan	9.977071762451857409e-03	1.110211583385876770e-02	1.074113967424936492e-02
nan	1.000000000000000000e+04	1.000000000000000000e+01	nan	1.497818943193579035e-02	9.225392635642966008e-03	8.203172438531164401e-03
nan	1.000000000000000000e+04	1.000000000000000000e+01	nan	1.997441307114172435e-02	7.995065219875727852e-03	7.496558076008123794e-03
nan	1.000000000000000000e+04	1.000000000000000000e+01	nan	2.494679438481483408e-02	7.601877763850115044e-03	6.738173166173452681e-03
nan	1.000000000000000000e+04	1.000000000000000000e+01	nan	2.996349255999860087e-02	6.949321017652697503e-03	5.986255852543409355e-03
nan	1.000000000000000000e+04	1.000000000000000000e+01	nan	3.488019342342738721e-02	6.684488078733881108e-03	5.727579803381157610e-03
nan	1.000000000000000000e+04	1.000000000000000000e+01	nan	3.995898075451122938e-02	6.468458409812000154e-03	5.414659389764795577e-03
nan	1.000000000000000000e+04	1.000000000000000000e+01	nan	4.351444214212823319e-02	6.042117402101238217e-03	5.041577701030775308e-03
nan	1.000000000000000000e+04	1.000000000000000000e+01	nan	4.991003906837363641e-02	5.803048274282750045e-03	4.867414297969138541e-03
nan	1.000000000000000000e+04	1.000000000000000000e+01	nan	5.485013997334362706e-02	5.691347409450586529e-03	4.691123671970849791e-03
nan	1.000000000000000000e+04	1.000000000000000000e+01	nan	5.987577617011084069e-02	5.638915280586432113e-03	4.622089750712573067e-03
nan	1.000000000000000000e+04	1.000000000000000000e+01	nan	6.492591207658164609e-02	5.627536924460885270e-03	4.391562927195532921e-03
nan	1.000000000000000000e+04	1.000000000000000000e+01	nan	6.985379318506830526e-02	5.235900317398400894e-03	4.130207906659431015e-03
nan	1.000000000000000000e+04	1.000000000000000000e+01	nan	7.490229898221970051e-02	5.250258909739905638e-03	4.050860516477893317e-03
nan	1.000000000000000000e+04	1.000000000000000000e+01	nan	7.993777576831348486e-02	5.170272697936255726e-03	3.839865546460166645e-03
nan	1.000000000000000000e+04	1.000000000000000000e+01	nan	8.489331051828116759e-02	5.407704096827746498e-03	3.657942996620370396e-03
nan	1.000000000000000000e+04	1.000000000000000000e+01	nan	8.940895262300159463e-02	5.047064737337109315e-03	3.801830707114686649e-03
nan	1.000000000000000000e+04	1.000000000000000000e+01	nan	9.481285874660784485e-02	4.924256625242940874e-03	3.659528582880962246e-03
nan	1.000000000000000000e+04	1.000000000000000000e+01	nan	9.987959394497011867e-02	4.975845059854403125e-03	3.565530021784459134e-03
nan	1.000000000000000000e+04	1.000000000000000000e+01	nan	1.048217413356405670e-01	4.896862756743404141e-03	3.394678684936113834e-03
nan	1.000000000000000000e+04	1.000000000000000000e+01	nan	1.062791876309879813e-01	4.891630076333287891e-03	3.375337741797878287e-03
nan	1.000000000000000000e+04	1.000000000000000000e+01	nan	1.148426403244957317e-01	4.630118514408707378e-03	3.242808115728587539e-03
nan	1.000000000000000000e+04	1.000000000000000000e+01	nan	1.198807565187985230e-01	4.673055947544857425e-03	3.173984380542563960e-03
nan	1.000000000000000000e+04	1.000000000000000000e+01	nan	1.247538918461168489e-01	4.727185597453777491e-03	3.078969489929227372e-03
nan	1.000000000000000000e+04	1.000000000000000000e+01	nan	1.298525763199450123e-01	4.721152508409444046e-03	3.166614438071297007e-03
nan	1.000000000000000000e+04	1.000000000000000000e+01	nan	1.348199228341036560e-01	4.733440975761064179e-03	3.056386784484773494e-03
nan	1.000000000000000000e+04	1.000000000000000000e+01	nan	1.396728653416153265e-01	4.608715294027472716e-03	2.953565764151897585e-03
nan	1.000000000000000000e+04	1.000000000000000000e+01	nan	1.443345579744072793e-01	4.569816328008099830e-03	2.982415646227283036e-03
nan	1.000000000000000000e+04	1.000000000000000000e+01	nan	1.498493292912667085e-01	4.602371579026921095e-03	2.911402916747118756e-03
nan	1.000000000000000000e+04	1.000000000000000000e+01	nan	1.545049634522388249e-01	4.643952173207083894e-03	3.021194350804532608e-03
nan	1.000000000000000000e+04	1.000000000000000000e+01	nan	1.598424714379348133e-01	4.473644046163767832e-03	2.869202253241909164e-03
nan	1.000000000000000000e+04	1.000000000000000000e+01	nan	1.646368022924025454e-01	4.442685665604116131e-03	2.806348384467830144e-03
nan	1.000000000000000000e+04	1.000000000000000000e+01	nan	1.696787205807367971e-01	4.328454133291433255e-03	2.714171789704077770e-03
nan	1.000000000000000000e+04	1.000000000000000000e+01	nan	1.690862830246150084e-01	4.227673884664203373e-03	2.765542211538671302e-03
nan	1.000000000000000000e+04	1.000000000000000000e+01	nan	1.791631153805496868e-01	4.405932480205991715e-03	2.691590637096404927e-03
nan	1.000000000000000000e+04	1.000000000000000000e+01	nan	1.846662684580814839e-01	4.464250655207445927e-03	2.715145794488185715e-03
nan	1.000000000000000000e+04	1.000000000000000000e+01	nan	1.894925226536020024e-01	4.474762497507321982e-03	2.634529764871467415e-03
nan	1.000000000000000000e+04	1.000000000000000000e+01	nan	1.882458341361494258e-01	4.504194605863156946e-03	2.597170216513963216e-03
nan	1.000000000000000000e+04	1.000000000000000000e+01	nan	1.995955843789101736e-01	4.449117078743254801e-03	2.579617547710687762e-03
nan	1.000000000000000000e+04	1.000000000000000000e+01	nan	9.969954060670431842e-03	1.134697667822226128e-02	1.068728089295077968e-02
nan	1.000000000000000000e+04	1.000000000000000000e+01	nan	1.498301911755561301e-02	9.002801792776226122e-03	8.688049764259924215e-03
nan	1.000000000000000000e+04	1.000000000000000000e+01	nan	1.996869379536320849e-02	8.216841343574513359e-03	7.424348661319382821e-03
nan	1.000000000000000000e+04	1.000000000000000000e+01	nan	2.494256198101680796e-02	7.488374964120114372e-03	6.762775093242535604e-03
nan	1.000000000000000000e+04	1.000000000000000000e+01	nan	2.991641391483312873e-02	7.164885690006254568e-03	6.150126808616572689e-03
nan	1.000000000000000000e+04	1.000000000000000000e+01	nan	3.490412501553465108e-02	6.756576201350547595e-03	5.660410304767170102e-03
nan	1.000000000000000000e+04	1.000000000000000000e+01	nan	3.993211112903224946e-02	6.503122501145061282e-03	5.373828095162182586e-03
nan	1.000000000000000000e+04	1.000000000000000000e+01	nan	4.492522789635529368e-02	6.007621000223334687e-03	5.048063203872552723e-03
nan	1.000000000000000000e+04	1.000000000000000000e+01	nan	4.989348491462749363e-02	5.874063857675663677e-03	4.823445986877183261e-03
nan	1.000000000000000000e+04	1.000000000000000000e+01	nan	5.490881036316068442e-02	5.819064243631448877e-03	4.506051940766149511e-03
nan	1.000000000000000000e+04	1.000000000000000000e+01	nan	5.985429376838056342e-02	5.495194927033749364e-03	4.350232838158552863e-03
nan	1.000000000000000000e+04	1.000000000000000000e+01	nan	6.490250451684233257e-02	5.610441483246634414e-03	4.391550047195232238e-03
nan	1.000000000000000000e+04	1.000000000000000000e+01	nan	6.976450818457920200e-02	5.561773823679628734e-03	4.003224735122100017e-03
nan	1.000000000000000000e+04	1.000000000000000000e+01	nan	7.487883087170757457e-02	5.371248087410926061e-03	4.010299836531743337e-03
nan	1.000000000000000000e+04	1.000000000000000000e+01	nan	7.975875007600394251e-02	5.186621648979867008e-03	3.960590987901120227e-03
nan	1.000000000000000000e+04	1.000000000000000000e+01	nan	8.489600412691743203e-02	5.059672503372257373e-03	3.710740217909212942e-03
nan	1.000000000000000000e+04	1.000000000000000000e+01	nan	8.962414690337368317e-02	4.992905648634691704e-03	3.596158633115499603e-03
nan	1.000000000000000000e+04	1.000000000000000000e+01	nan	9.442744045251515173e-02	4.921895207840580599e-03	3.545330169366982427e-03
nan	1.000000000000000000e+04	1.000000000000000000e+01	nan	9.988561339449120169e-02	4.790767697718138936e-03	3.447378235568097221e-03
nan	1.000000000000000000e+04	1.000000000000000000e+01	nan	1.047483293123082221e-01	4.874637539344213628e-03	3.434652192851038368e-03
nan	1.000000000000000000e+04	1.000000000000000000e+01	nan	1.098634391831433132e-01	4.808770311469970880e-03	3.281320088724751834e-03
nan	1.000000000000000000e+04	1.000000000000000000e+01	nan	1.147078854965161571e-01	4.844851449213823102e-03	3.182488064521025485e-03
nan	1.000000000000000000e+04	1.000000000000000000e+01	nan	1.197714323691457111e-01	4.645788170066333066e-03	3.222929937736407867e-03
nan	1.000000000000000000e+04	1.000000000000000000e+01	nan	1.248575863001883529e-01	4.581683554534017253e-03	3.190961583240622870e-03
nan	1.000000000000000000e+04	1.000000000000000000e+01	nan	1.297931999174625206e-01	4.628704856855491052e-03	3.094525917131605783e-03
nan	1.000000000000000000e+04	1.000000000000000000e+01	nan	1.348516821269936383e-01	4.553003935760075241e-03	2.960193074665066516e-03
nan	1.000000000000000000e+04	1.000000000000000000e+01	nan	1.397452875277622186e-01	4.456897060484400937e-03	2.976826150203399322e-03
nan	1.000000000000000000e+04	1.000000000000000000e+01	nan	1.447732121110857362e-01	4.713609134595160219e-03	3.089985367960028720e-03
nan	1.000000000000000000e+04	1.000000000000000000e+01	nan	1.497743987237186158e-01	4.518433747514235058e-03	2.934797431247112079e-03
nan	1.000000000000000000e+04	1.000000000000000000e+01	nan	1.497900989189433485e-01	4.432302917199394503e-03	2.860231920190444647e-03
nan	1.000000000000000000e+04	1.000000000000000000e+01	nan	1.592289945075799351e-01	4.520700404748410027e-03	2.865061671938777099e-03
nan	1.000000000000000000e+04	1.000000000000000000e+01	nan	1.642692366981464147e-01	4.381488976625102193e-03	2.892053872307735057e-03
nan	1.000000000000000000e+04	1.000000000000000000e+01	nan	1.694888425211729666e-01	4.509887235541781142e-03	2.770677882315085178e-03
nan	1.000000000000000000e+04	1.000000000000000000e+01	nan	1.745981333250142542e-01	4.349510142958150534e-03	2.777013772070268012e-03
nan	1.000000000000000000e+04	1.000000000000000000e+01	nan	1.797940989158792191e-01	4.378886276722313703e-03	2.702160659867484764e-03
nan	1.000000000000000000e+04	1.000000000000000000e+01	nan	1.847796896686964008e-01	4.378754656948035361e-03	2.671194692289528654e-03
nan	1.000000000000000000e+04	1.000000000000000000e+01	nan	1.835617688261957370e-01	4.292114084662052194e-03	2.585120721851018842e-03
nan	1.000000000000000000e+04	1.000000000000000000e+01	nan	1.943390845793100952e-01	4.372830942957180514e-03	2.575755357470195690e-03
nan	1.000000000000000000e+04	1.000000000000000000e+01	nan	1.933045113188897046e-01	4.524422360592183015e-03	2.566290016109396086e-03
nan	1.000000000000000000e+04	1.000000000000000000e+01	nan	9.981038029392123520e-03	1.067861507708844221e-02	1.033615020501664483e-02
nan	1.000000000000000000e+04	1.000000000000000000e+01	nan	1.498174318631612448e-02	9.752674134157599331e-03	9.046821357921404350e-03
nan	1.000000000000000000e+04	1.000000000000000000e+01	nan	1.998506277898116218e-02	8.133699867249089693e-03	7.706070453833885163e-03
nan	1.000000000000000000e+04	1.000000000000000000e+01	nan	2.497149432642288558e-02	7.662152704363907676e-03	6.707733170030890854e-03
nan	1.000000000000000000e+04	1.000000000000000000e+01	nan	2.981177530016793781e-02	6.956280654327193572e-03	5.967148149039151056e-03
nan	1.000000000000000000e+04	1.000000000000000000e+01	nan	3.494791977619513684e-02	6.866993429370390860e-03	5.820180360156941915e-03
nan	1.000000000000000000e+04	1.000000000000000000e+01	nan	3.985986955502369283e-02	6.333049361479953059e-03	5.351896735377388407e-03
nan	1.000000000000000000e+04	1.000000000000000000e+01	nan	4.491509984636025271e-02	6.110665277533368182e-03	4.996874564828742912e-03
nan	1.000000000000000000e+04	1.000000000000000000e+01	nan	4.989906345585609637e-02	5.879279434320542480e-03	4.873515499568042454e-03
nan	1.000000000000000000e+04	1.000000000000000000e+01	nan	5.491373824733954828e-02	5.782352607607908583e-03	4.648698047320718243e-03
nan	1.000000000000000000e+04	1.000000000000000000e+01	nan	5.992719405525122334e-02	5.483383309395630303e-03	4.385181128938280340e-03
nan	1.000000000000000000e+04	1.000000000000000000e+01	nan	6.491586519468114935e-02	5.446202123323411193e-03	4.257971447997148211e-03
nan	1.000000000000000000e+04	1.000000000000000000e+01	nan	6.768177509906875278e-02	5.394517359297726702e-03	4.075850479772356177e-03
nan	1.000000000000000000e+04	1.000000000000000000e+01	nan	7.486933532344777764e-02	5.216507578227537467e-03	3.990058606213516337e-03
nan	1.000000000000000000e+04	1.000000000000000000e+01	nan	7.991221824914646055e-02	5.124810295273555215e-03	3.863151315071967212e-03
nan	1.000000000000000000e+04	1.000000000000000000e+01	nan	8.490349050752342419e-02	5.066814975025419124e-03	3.698231593902300777e-03
nan	1.000000000000000000e+04	1.000000000000000000e+01	nan	8.966998719605158430e-02	5.010890127087703691e-03	3.727526550554514841e-03
nan	1.000000000000000000e+04	1.000000000000000000e+01	nan	9.178906348507916146e-02	5.046630366786114368e-03	3.616063363017737488e-03
nan	1.000000000000000000e+04	1.000000000000000000e+01	nan	9.987452456392816036e-02	5.002745041857359007e-03	3.538773562033738825e-03
nan	1.000000000000000000e+04	1.000000000000000000e+01	nan	1.047864202643404435e-01	4.794627078708037574e-03	3.359224770475998604e-03
nan	1.000000000000000000e+04	1.000000000000000000e+01	nan	1.095108727068372784e-01	4.825615813996376492e-03	3.431749535201764848e-03
nan	1.000000000000000000e+04	1.000000000000000000e+01	nan	1.148268297009667621e-01	4.908654781356719919e-03	3.384937782760887113e-03
nan	1.000000000000000000e+04	1.000000000000000000e+01	nan	1.196062426198818696e-01	4.826653462866378232e-03	3.206517594652927901e-03
nan	1.000000000000000000e+04	1.000000000000000000e+01	nan	1.206226951137968906e-01	4.559282764541716833e-03	3.248797647595285006e-03
nan	1.000000000000000000e+04	1.000000000000000000e+01	nan	1.297089318389930690e-01	4.606889805745152319e-03	3.070486190093714950e-03
nan	1.000000000000000000e+04	1.000000000000000000e+01	nan	1.348262973491478056e-01	4.501476808472978583e-03	3.105901945920262145e-03
nan	1.000000000000000000e+04	1.000000000000000000e+01	nan	1.353666661694280793e-01	4.495525088771034142e-03	2.958213496671437820e-03
nan	1.000000000000000000e+04	1.000000000000000000e+01	nan	1.443291137203505103e-01	4.501448663478502081e-03	3.004184641638458532e-03
nan	1.000000000000000000e+04	1.000000000000000000e+01	nan	1.497406209029554791e-01	4.545754226632336102e-03	2.931886121544693448e-03
nan	1.000000000000000000e+04	1.000000000000000000e+01	nan	1.546545182004842867e-01	4.638117735355394393e-03	2.962448875836748517e-03
nan	1.000000000000000000e+04	1.000000000000000000e+01	nan	1.597974066662345705e-01	4.396989351342044453e-03	2.925400739767905663e-03
nan	1.000000000000000000e+04	1.000000000000000000e+01	nan	1.647096235201047365e-01	4.514781023333352440e-03	2.788997553187692359e-03
nan	1.000000000000000000e+04	1.000000000000000000e+01	nan	1.694613722948724865e-01	4.466624156459710407e-03	2.837394359587571118e-03
nan	1.000000000000000000e+04	1.000000000000000000e+01	nan	1.746290248259128874e-01	4.444752611548060187e-03	2.747904596580037339e-03
nan	1.000000000000000000e+04	1.000000000000000000e+01	nan	1.797130083115143773e-01	4.443972698242547141e-03	2.657025560150038691e-03
nan	1.000000000000000000e+04	1.000000000000000000e+01	nan	1.847073410438156427e-01	4.424796906037383078e-03	2.631337660530834108e-03
nan	1.000000000000000000e+04	1.000000000000000000e+01	nan	1.898568552989945701e-01	4.377585374301654585e-03	2.667065576889697184e-03
nan	1.000000000000000000e+04	1.000000000000000000e+01	nan	1.947910450261315374e-01	4.327681702360565430e-03	2.607304879119900533e-03
nan	1.000000000000000000e+04	1.000000000000000000e+01	nan	1.987453458531672212e-01	4.235877969675187239e-03	2.583874850000212903e-03
