Simulation Number PG.cFactor ExitSlit.openingHeight SU.photonEnergy PG.orderDiffraction SU.numberRays
0                 2.5        0.027                  100             1                   100000.0     
1                 2.5        0.027                  200             1                   100000.0     
2                 2.5        0.027                  300             1                   100000.0     
3                 2.5        0.027                  400             1                   100000.0     
4                 2.5        0.027                  500             1                   100000.0     
5                 2.5        0.027                  600             1                   100000.0     
6                 2.5        0.027                  700             1                   100000.0     
7                 2.5        0.027                  800             1                   100000.0     
8                 2.5        0.027                  900             1                   100000.0     
9                 2.5        0.027                  1000            1                   100000.0     
10                2.5        0.027                  1100            1                   100000.0     
11                2.5        0.027                  1200            1                   100000.0     
12                2.5        0.027                  1300            1                   100000.0     
13                2.5        0.027                  1400            1                   100000.0     
14                2.5        0.027                  1500            1                   100000.0     
15                2.5        0.027                  1600            1                   100000.0     
16                2.5        0.027                  1700            1                   100000.0     
17                2.5        0.027                  1800            1                   100000.0     
18                2.5        0.027                  1900            1                   100000.0     
19                2.5        0.027                  2000            1                   100000.0     
20                2.5        0.027                  2100            1                   100000.0     
