# SourcePhotonFlux	NumberRaysSurvived	PercentageRaysSurvived	PhotonFlux	Bandwidth	HorizontalFocusFWHM	VerticalFocusFWHM
nan	2.259599999999999795e+02	2.259599999999999942e-01	nan	6.022074650849163283e-04	7.647334274795596423e-03	5.411594587664389413e-04
nan	2.825199999999999818e+02	2.825199999999999934e-01	nan	1.063107147493838091e-03	6.319075616459899139e-03	5.415659505193951093e-04
nan	3.438400000000000318e+02	3.438400000000000345e-01	nan	1.338724585710906545e-03	5.591071998735621523e-03	5.525832489222110141e-04
nan	3.910400000000000205e+02	3.910399999999999987e-01	nan	1.675681824166304042e-03	5.277370133807713151e-03	5.660342750119246730e-04
nan	4.292800000000000296e+02	4.292799999999999949e-01	nan	2.033503780303363030e-03	4.911595791527763842e-03	5.636391954023180261e-04
nan	4.636800000000000068e+02	4.636799999999999811e-01	nan	2.388275985472319233e-03	4.835040937654360924e-03	5.692808408354844887e-04
nan	5.040800000000000409e+02	5.040799999999999725e-01	nan	2.910504208271049668e-03	4.350315328903216726e-03	5.730929736047672089e-04
nan	5.252000000000000455e+02	5.252000000000000002e-01	nan	3.273887864015704967e-03	4.580070788276831284e-03	5.640031242221932826e-04
nan	5.651600000000000819e+02	5.651599999999999957e-01	nan	3.736520220679722011e-03	4.114100074732777133e-03	5.697999577773352631e-04
nan	5.844800000000000182e+02	5.844799999999999995e-01	nan	4.079062167511438367e-03	3.827647069441649039e-03	5.770151356533313996e-04
nan	6.180399999999999636e+02	6.180399999999999228e-01	nan	4.542606649529261353e-03	4.067968531652790300e-03	5.720699522220487436e-04
nan	6.403600000000000136e+02	6.403600000000000403e-01	nan	5.340261956212089337e-03	3.872802476943457226e-03	5.754049407348733099e-04
nan	6.626399999999999864e+02	6.626400000000001178e-01	nan	5.342143877205671534e-03	3.872004108191749901e-03	5.760702697176209915e-04
nan	6.905199999999999818e+02	6.905199999999999116e-01	nan	5.897533874444889704e-03	3.691298106677205239e-03	5.692258725933411426e-04
nan	7.185199999999999818e+02	7.185200000000000475e-01	nan	6.811311651158576293e-03	3.588810699100338820e-03	5.715564163127944330e-04
nan	7.320399999999999636e+02	7.320399999999999130e-01	nan	7.078277154955685442e-03	3.514164520787979758e-03	5.676119692292829703e-04
nan	7.574800000000000182e+02	7.574800000000000422e-01	nan	7.653078204302801897e-03	3.291147698783446381e-03	5.591617169351407795e-04
nan	7.844399999999999409e+02	7.844400000000000261e-01	nan	7.496569730715237252e-03	3.414606050655194600e-03	5.698059997470219813e-04
nan	7.966399999999999864e+02	7.966400000000000148e-01	nan	8.871446158004800062e-03	3.523114287712731611e-03	5.726791915377857237e-04
nan	8.189199999999999591e+02	8.189199999999999813e-01	nan	9.242955749950852035e-03	3.359722585421802497e-03	5.707397647197665807e-04
nan	8.371200000000001182e+02	8.371199999999999752e-01	nan	1.005066402803094991e-02	3.469338245783297990e-03	5.742471950137614930e-04
nan	8.476000000000000227e+02	8.476000000000001311e-01	nan	9.993707018757050711e-03	3.323382954843144381e-03	5.747287094655333496e-04
nan	8.701200000000001182e+02	8.701200000000002266e-01	nan	1.158911608949892910e-02	3.134358720370572504e-03	5.721349749568314892e-04
nan	8.903200000000000500e+02	8.903200000000000003e-01	nan	1.101362338592480269e-02	3.188474731151422995e-03	5.755069497327260997e-04
nan	9.083999999999999773e+02	9.084000000000000963e-01	nan	1.181509038086915077e-02	3.317547199144586789e-03	5.678541922256028548e-04
nan	9.336799999999999500e+02	9.336800000000000654e-01	nan	1.235519391797424739e-02	3.076970201503043036e-03	5.748240877830204740e-04
nan	9.413999999999999773e+02	9.414000000000000146e-01	nan	1.339748196028267557e-02	3.012455273128488396e-03	5.723726918785033025e-04
nan	9.569600000000000364e+02	9.569599999999999218e-01	nan	1.273300898023080677e-02	3.085844272034337244e-03	5.735480497415623279e-04
nan	9.916399999999999864e+02	9.916399999999999659e-01	nan	1.451668989694553623e-02	2.937154198041687630e-03	5.712572644637522578e-04
nan	9.961200000000001182e+02	9.961200000000000054e-01	nan	1.537788194676977492e-02	3.026924170091008833e-03	5.784105288961512810e-04
nan	9.986399999999999864e+02	9.986399999999999721e-01	nan	1.667914756122627212e-02	3.011415981253531913e-03	5.829666690471272446e-04
nan	1.025160000000000082e+03	1.025160000000000071e+00	nan	1.638156551428437274e-02	3.037208434833135653e-03	5.692506472802776486e-04
nan	1.044400000000000091e+03	1.044399999999999995e+00	nan	1.702713916890388757e-02	3.025023218124135022e-03	5.720664422096549424e-04
nan	1.057200000000000045e+03	1.057199999999999918e+00	nan	1.886107692312179868e-02	2.974373962167587999e-03	5.734127829166006142e-04
nan	1.070799999999999955e+03	1.070799999999999974e+00	nan	1.879431258570548463e-02	3.078616483774017972e-03	5.782192957555713341e-04
nan	1.084320000000000164e+03	1.084319999999999951e+00	nan	1.940306346240504298e-02	2.965434563485727128e-03	5.804743042911680948e-04
nan	1.103759999999999991e+03	1.103759999999999852e+00	nan	2.053015295162367512e-02	2.989565728677024987e-03	5.668149709217981582e-04
nan	1.108320000000000164e+03	1.108320000000000194e+00	nan	2.082817948466981692e-02	2.921556050310053498e-03	5.744093673260786343e-04
nan	1.131320000000000164e+03	1.131319999999999881e+00	nan	2.143637190903064163e-02	2.980791336394529849e-03	5.803696027139359018e-04
nan	1.573599999999999852e+02	1.573599999999999721e-01	nan	4.253925567542182718e-04	8.173007645060768184e-03	5.328537487979182179e-04
nan	2.018799999999999955e+02	2.018799999999999761e-01	nan	6.757456869956968235e-04	6.608037055965225275e-03	5.415683226950680166e-04
nan	2.388400000000000034e+02	2.388399999999999967e-01	nan	9.133406885371186034e-04	6.008073289192657727e-03	5.396193620476908434e-04
nan	2.748799999999999955e+02	2.748800000000000132e-01	nan	1.314879223950811155e-03	5.347424445718803807e-03	5.578910951567061117e-04
nan	3.051999999999999886e+02	3.052000000000000268e-01	nan	1.494302134574354568e-03	4.529961215388807368e-03	5.563814941160662034e-04
nan	3.339199999999999591e+02	3.339199999999999391e-01	nan	1.869480587472480788e-03	4.855995332043870800e-03	5.683595448556765786e-04
nan	3.583999999999999773e+02	3.584000000000000519e-01	nan	1.857466643070893085e-03	4.414762593904780416e-03	5.645510011933427838e-04
nan	3.767199999999999704e+02	3.767199999999999993e-01	nan	2.334604904283423855e-03	4.369395184414161769e-03	5.579582784227222689e-04
nan	3.904800000000000182e+02	3.904800000000000493e-01	nan	2.566667043390680279e-03	4.338283323722165463e-03	5.663494828580148107e-04
nan	4.197600000000000477e+02	4.197599999999999665e-01	nan	2.766849145909873204e-03	4.156734654899837955e-03	5.644122007303102248e-04
nan	4.336000000000000227e+02	4.336000000000000409e-01	nan	2.875140873466079834e-03	3.611505788838829858e-03	5.649885409082359457e-04
nan	4.660000000000000000e+02	4.660000000000000253e-01	nan	3.509313060285421636e-03	3.652213896045862582e-03	5.676315802039098466e-04
nan	4.687600000000000477e+02	4.687599999999999545e-01	nan	4.005515776325409630e-03	3.413869551151595648e-03	5.720576483896627632e-04
nan	4.816399999999999864e+02	4.816399999999999570e-01	nan	4.182841380879835994e-03	3.345821984706226406e-03	5.668298634608255485e-04
nan	5.089199999999999591e+02	5.089200000000000390e-01	nan	4.588518208711320559e-03	3.517176171797489759e-03	5.661323184144639647e-04
nan	5.270399999999999636e+02	5.270399999999999530e-01	nan	5.368538500947579381e-03	3.340329131925062842e-03	5.694816509020200453e-04
nan	5.324800000000000182e+02	5.324799999999999534e-01	nan	5.245307697286989701e-03	3.508354687617973831e-03	5.654166585290122541e-04
nan	5.552799999999999727e+02	5.552799999999999958e-01	nan	5.316429126428374834e-03	3.495384064231030902e-03	5.760453489885083034e-04
nan	5.719199999999999591e+02	5.719199999999999839e-01	nan	5.992907232530342646e-03	3.443402867332153502e-03	5.676252084349296765e-04
nan	5.792400000000000091e+02	5.792400000000000881e-01	nan	6.374625991702487574e-03	3.383379993917330544e-03	5.734446781831543764e-04
nan	5.851200000000000045e+02	5.851199999999999735e-01	nan	6.669518521130157404e-03	3.376024547035731856e-03	5.764055639741994756e-04
nan	6.061600000000000819e+02	6.061600000000000321e-01	nan	7.253657379214928716e-03	3.171978147329242766e-03	5.732791428695266454e-04
nan	6.192799999999999727e+02	6.192800000000000527e-01	nan	7.710559487704812809e-03	3.339043766054407281e-03	5.666432438710770078e-04
nan	6.263999999999999773e+02	6.264000000000000679e-01	nan	7.746525842294431016e-03	3.016099881248067958e-03	5.612073317767631627e-04
nan	6.469199999999999591e+02	6.469199999999999395e-01	nan	8.719733236730461967e-03	3.242075128824568712e-03	5.745019512199805436e-04
nan	6.556000000000000227e+02	6.555999999999999606e-01	nan	8.670201416607596287e-03	3.211062725451165924e-03	5.686305453428115806e-04
nan	6.650000000000000000e+02	6.650000000000000355e-01	nan	9.669681867308099754e-03	3.205590550133045804e-03	5.722597200892902631e-04
nan	6.793199999999999363e+02	6.793200000000000349e-01	nan	1.039912380213536477e-02	3.086981739986493015e-03	5.812426824611624954e-04
nan	6.810800000000000409e+02	6.810800000000000187e-01	nan	1.010920046895080401e-02	2.918815533882125959e-03	5.804761742869051291e-04
nan	6.988799999999999955e+02	6.988800000000000567e-01	nan	9.908989606246905099e-03	3.178896965039614692e-03	5.684162519960948628e-04
nan	7.213600000000000136e+02	7.213600000000000012e-01	nan	1.163671091133437578e-02	2.832246282426391804e-03	5.720012629176063476e-04
nan	7.229199999999999591e+02	7.229200000000000070e-01	nan	1.129168168118667437e-02	3.077466807141910655e-03	5.638449836846716728e-04
nan	7.308399999999999181e+02	7.308400000000000452e-01	nan	1.214156367549549045e-02	2.877117496336396244e-03	5.701467118638748124e-04
nan	7.450399999999999636e+02	7.450399999999999245e-01	nan	1.234834223527286542e-02	2.895097441201959203e-03	5.696684642713100441e-04
nan	7.610399999999999636e+02	7.610400000000000498e-01	nan	1.356627779963673688e-02	2.867718073183812312e-03	5.738852556308306294e-04
nan	7.661200000000000045e+02	7.661200000000001342e-01	nan	1.400431287877836398e-02	2.913192046855001861e-03	5.757355363718788402e-04
nan	7.778799999999999955e+02	7.778800000000001269e-01	nan	1.349754435666000209e-02	3.000819050468082026e-03	5.811244603276314018e-04
nan	7.900000000000000000e+02	7.900000000000000355e-01	nan	1.432233912534684392e-02	2.779411167366360649e-03	5.730835399406936656e-04
nan	7.858799999999999955e+02	7.858800000000000230e-01	nan	1.505226059797678227e-02	2.904319369943715243e-03	5.692683939545199918e-04
nan	1.072800000000000011e+02	1.072800000000000004e-01	nan	3.151432182301050358e-04	7.637213838680797021e-03	5.154006127777795328e-04
nan	1.422400000000000091e+02	1.422400000000000053e-01	nan	4.516575443665260883e-04	6.808692742261253199e-03	5.371540039611027951e-04
nan	1.698799999999999955e+02	1.698799999999999755e-01	nan	6.830323927636073114e-04	5.905348700700141507e-03	5.424903159682934860e-04
nan	1.913599999999999852e+02	1.913600000000000023e-01	nan	8.579385325981547447e-04	5.538762557759352619e-03	5.595705809887110364e-04
nan	2.101199999999999761e+02	2.101200000000000012e-01	nan	1.013970103288102135e-03	4.757103304607858407e-03	5.526273871076339047e-04
nan	2.321199999999999761e+02	2.321200000000000208e-01	nan	1.238515016234487207e-03	4.368129703248110896e-03	5.582401322535823210e-04
nan	2.398800000000000239e+02	2.398800000000000099e-01	nan	1.385412021309093741e-03	4.436299077896723245e-03	5.615948096897610976e-04
nan	2.599599999999999795e+02	2.599600000000000244e-01	nan	1.542207103696000437e-03	4.061833682479161663e-03	5.583811534672197732e-04
nan	2.788000000000000114e+02	2.788000000000000478e-01	nan	1.736745015250562574e-03	3.919053551361137769e-03	5.676812729207068690e-04
nan	2.943600000000000136e+02	2.943600000000000105e-01	nan	2.024277150349007657e-03	3.866086952160196957e-03	5.661229727464446582e-04
nan	3.062800000000000296e+02	3.062799999999999967e-01	nan	2.181540026513175377e-03	3.839393198934053231e-03	5.635478951591429541e-04
nan	3.168400000000000318e+02	3.168400000000000105e-01	nan	2.632710290545219305e-03	3.433262337609666211e-03	5.646919891087912686e-04
nan	3.301599999999999682e+02	3.301599999999999535e-01	nan	2.525524280140416418e-03	3.581359120160335779e-03	5.700747526076445576e-04
nan	3.420400000000000205e+02	3.420400000000000107e-01	nan	2.978082595441264822e-03	3.623431770872516302e-03	5.629257393982231312e-04
nan	3.547199999999999704e+02	3.547200000000000353e-01	nan	3.142635040749155312e-03	3.337335219050249161e-03	5.695492277145277130e-04
nan	3.634800000000000182e+02	3.634799999999999698e-01	nan	3.347987104370986431e-03	3.427675319529989960e-03	5.681754837886908308e-04
nan	3.760800000000000409e+02	3.760799999999999699e-01	nan	3.773623855836376415e-03	3.313984474036969254e-03	5.718171616751822114e-04
nan	3.938000000000000114e+02	3.937999999999999834e-01	nan	3.629518036495937763e-03	3.173308212720847565e-03	5.694720164719835115e-04
nan	3.972800000000000296e+02	3.972800000000000220e-01	nan	4.166177245178914572e-03	3.160498539303388706e-03	5.690034108443997336e-04
nan	4.187199999999999704e+02	4.187199999999999811e-01	nan	4.587571539814235336e-03	3.459177991913374266e-03	5.714602746277894565e-04
nan	4.253199999999999932e+02	4.253199999999999759e-01	nan	4.860758360046020521e-03	3.272126124842421324e-03	5.724255436493185922e-04
nan	4.214399999999999409e+02	4.214399999999999258e-01	nan	4.825764969000374480e-03	3.203447346233541295e-03	5.676429342998974689e-04
nan	4.433199999999999932e+02	4.433200000000000474e-01	nan	5.120551267791597153e-03	2.950796125567762673e-03	5.759017638883491422e-04
nan	4.408000000000000114e+02	4.407999999999999696e-01	nan	5.853062670403232949e-03	3.274717477922730376e-03	5.738721552071641887e-04
nan	4.540399999999999636e+02	4.540399999999999991e-01	nan	5.792308379795940709e-03	3.147864153111954756e-03	5.654425927463201107e-04
nan	4.606000000000000227e+02	4.606000000000000094e-01	nan	6.089266113003759424e-03	3.089701362596696844e-03	5.732931146119994714e-04
nan	4.755600000000000591e+02	4.755599999999999272e-01	nan	6.403213175181008202e-03	2.917981432482427088e-03	5.768715678998529708e-04
nan	4.871600000000000250e+02	4.871600000000000930e-01	nan	6.966842775273107864e-03	3.089169446110409147e-03	5.687367226171349908e-04
nan	4.982800000000000296e+02	4.982799999999999452e-01	nan	6.900546137312631341e-03	2.841079737924815697e-03	5.658879709792301229e-04
nan	4.940399999999999636e+02	4.940399999999999237e-01	nan	7.237235612383301035e-03	2.864940340311596459e-03	5.756213918397849131e-04
nan	5.060000000000000000e+02	5.060000000000000053e-01	nan	7.636551522555237899e-03	3.161505236790930398e-03	5.614302843230680427e-04
nan	5.180800000000000409e+02	5.180799999999999850e-01	nan	8.004525549049503960e-03	3.061674049195980095e-03	5.734879449985740962e-04
nan	5.141600000000000819e+02	5.141600000000000614e-01	nan	8.340416890905543584e-03	2.880876612661309368e-03	5.604611217003702128e-04
nan	5.262000000000000455e+02	5.262000000000000011e-01	nan	8.619489379570950335e-03	3.026404639557507981e-03	5.696119620579765015e-04
nan	5.342000000000000455e+02	5.342000000000000082e-01	nan	8.941534473988214243e-03	2.930530805041561826e-03	5.750350663970952864e-04
nan	5.432000000000000455e+02	5.432000000000000162e-01	nan	9.508954917046138697e-03	2.954129408778470058e-03	5.692135702736967002e-04
nan	5.473600000000000136e+02	5.473599999999999577e-01	nan	1.014294829058599162e-02	3.009601176030173714e-03	5.754777386235718304e-04
nan	5.562400000000000091e+02	5.562399999999999567e-01	nan	1.061783428142916777e-02	2.961304248656600625e-03	5.679468103314754771e-04
nan	5.653600000000000136e+02	5.653599999999999737e-01	nan	1.102863080966017158e-02	2.772171726384678458e-03	5.729298914109489781e-04
nan	1.776800000000000068e+02	1.776800000000000046e-01	nan	6.301186975071005128e-04	7.589638211510795103e-03	4.224072932610266513e-04
nan	2.332800000000000296e+02	2.332799999999999874e-01	nan	8.483744856948759660e-04	6.967207660992067071e-03	4.432199820981688613e-04
nan	2.834800000000000182e+02	2.834800000000000098e-01	nan	1.276724501278749761e-03	6.443001174355542440e-03	4.545073361240586441e-04
nan	3.250800000000000409e+02	3.250800000000000356e-01	nan	1.592727244453726737e-03	5.799046251281640869e-03	4.609021689544670749e-04
nan	3.536800000000000068e+02	3.536800000000000499e-01	nan	2.072788353523264803e-03	5.099434932026429904e-03	4.599881683230182716e-04
nan	3.828799999999999955e+02	3.828799999999999981e-01	nan	2.280945400721066073e-03	4.290140345784412834e-03	4.653676210437977735e-04
nan	4.164800000000000182e+02	4.164799999999999613e-01	nan	2.712509545735884101e-03	4.598355002079461754e-03	4.666467971549169771e-04
nan	4.390000000000000000e+02	4.389999999999999458e-01	nan	3.127019858070525203e-03	4.474454446353097817e-03	4.750873892714458204e-04
nan	4.610399999999999636e+02	4.610400000000000054e-01	nan	3.619076298180061522e-03	4.179183986429175698e-03	4.763673307922504721e-04
nan	4.877199999999999704e+02	4.877199999999999314e-01	nan	3.576381738012059889e-03	4.087508502020091410e-03	4.773609470218951180e-04
nan	5.141200000000000045e+02	5.141199999999999104e-01	nan	4.091805293969628596e-03	3.849105044431366807e-03	4.738617060473113911e-04
nan	5.323199999999999363e+02	5.323200000000000154e-01	nan	4.963048487356900781e-03	3.986503826803538576e-03	4.777444836554301032e-04
nan	5.497200000000000273e+02	5.497199999999999864e-01	nan	5.600644467981510423e-03	3.666708143620901923e-03	4.774238724586807531e-04
nan	5.717200000000000273e+02	5.717200000000000060e-01	nan	5.794991311531703417e-03	3.731452049527539307e-03	4.719669009846406147e-04
nan	5.888799999999999955e+02	5.888800000000000701e-01	nan	6.482204157991873147e-03	3.674418520338820250e-03	4.734880274945690035e-04
nan	6.178799999999999955e+02	6.178799999999999848e-01	nan	6.370496024642307090e-03	3.545879085140222174e-03	4.729097727407580816e-04
nan	6.282799999999999727e+02	6.282799999999999496e-01	nan	6.492603565166063691e-03	3.479035529710394585e-03	4.712383374854358276e-04
nan	6.607999999999999545e+02	6.607999999999999430e-01	nan	7.278282552269957698e-03	3.523190504458249307e-03	4.749375652168933456e-04
nan	6.675199999999999818e+02	6.675199999999998912e-01	nan	7.894822703851786874e-03	3.380021815128932648e-03	4.731356721154269694e-04
nan	6.774800000000000182e+02	6.774800000000000821e-01	nan	8.536729455463501828e-03	3.281887150538838165e-03	4.780894614454034362e-04
nan	6.875199999999999818e+02	6.875199999999999090e-01	nan	9.346324602383901045e-03	3.523320900105442362e-03	4.791189854550318697e-04
nan	7.184399999999999409e+02	7.184399999999999675e-01	nan	9.151269054445947820e-03	3.240617270550958696e-03	4.784901277499658059e-04
nan	7.268799999999999955e+02	7.268800000000000816e-01	nan	1.060857862534248831e-02	3.267406748771559122e-03	4.756849388192178766e-04
nan	7.425199999999999818e+02	7.425199999999999578e-01	nan	1.021544875509789591e-02	3.215416023040015663e-03	4.783119360498180417e-04
nan	7.576800000000000637e+02	7.576800000000000201e-01	nan	1.096932400935657012e-02	3.311376551242838258e-03	4.759052085878433323e-04
nan	7.686800000000000637e+02	7.686800000000000299e-01	nan	1.192217986148534636e-02	3.155829048328116001e-03	4.770661832348467861e-04
nan	7.890399999999999636e+02	7.890400000000001857e-01	nan	1.244346532920644587e-02	3.118150252180149681e-03	4.827094353970514231e-04
nan	8.025600000000000591e+02	8.025600000000000511e-01	nan	1.280373416357178870e-02	3.085307987594393224e-03	4.814736075985048781e-04
nan	8.155600000000000591e+02	8.155599999999999516e-01	nan	1.335321423431196433e-02	2.985259831837347357e-03	4.770581853147699706e-04
nan	8.226000000000000227e+02	8.226000000000001089e-01	nan	1.362490488195362490e-02	2.969628338939127830e-03	4.778142648556469793e-04
nan	8.452400000000000091e+02	8.452399999999998803e-01	nan	1.454679104914248511e-02	2.920891941971976661e-03	4.839569705518900625e-04
nan	8.610799999999999272e+02	8.610800000000000676e-01	nan	1.505690492426765489e-02	2.970413028701444306e-03	4.811663458174005341e-04
nan	8.722400000000000091e+02	8.722400000000000153e-01	nan	1.512606740558112596e-02	3.057261143627768886e-03	4.824595025427065825e-04
nan	8.944799999999999045e+02	8.944800000000000528e-01	nan	1.648581224567351525e-02	3.024419615456492606e-03	4.740293959907453461e-04
nan	8.904799999999999045e+02	8.904799999999999383e-01	nan	1.618339100247794676e-02	2.930156005208530388e-03	4.842083476230475041e-04
nan	9.195600000000000591e+02	9.195600000000000440e-01	nan	1.826005313484529297e-02	2.845012706213179143e-03	4.813744356092756094e-04
nan	9.248799999999998818e+02	9.248800000000001464e-01	nan	1.820926430241343041e-02	3.009680749042522273e-03	4.815608448639166375e-04
nan	9.319600000000000364e+02	9.319599999999998996e-01	nan	1.900498860644802418e-02	2.800412685044648131e-03	4.791750379194282638e-04
nan	9.445600000000000591e+02	9.445599999999998442e-01	nan	1.795118911243662185e-02	2.830225334755377079e-03	4.736645769473060079e-04
nan	1.286400000000000148e+02	1.286400000000000043e-01	nan	4.519497370557701418e-04	7.628925021859436946e-03	4.332173875896328701e-04
nan	1.678400000000000034e+02	1.678399999999999892e-01	nan	7.089650921886914538e-04	6.275051167933145928e-03	4.285102201023975729e-04
nan	1.954000000000000057e+02	1.954000000000000181e-01	nan	9.350153608295386437e-04	5.730775603251256692e-03	4.566860824847376659e-04
nan	2.220800000000000125e+02	2.220799999999999719e-01	nan	1.167656583011193999e-03	5.086632727415290114e-03	4.680411878359063207e-04
nan	2.488000000000000114e+02	2.488000000000000489e-01	nan	1.406051906728862308e-03	4.904381412680713578e-03	4.563606574568636375e-04
nan	2.697199999999999704e+02	2.697199999999999598e-01	nan	1.605326191579479296e-03	4.788605188287715746e-03	4.649214369110641612e-04
nan	2.955199999999999818e+02	2.955200000000000049e-01	nan	1.884085208519081745e-03	4.635898804925392240e-03	4.675066116408593993e-04
nan	3.175600000000000023e+02	3.175599999999999534e-01	nan	2.109283716706613319e-03	4.517549612379392898e-03	4.689015557022109472e-04
nan	3.250400000000000205e+02	3.250400000000000511e-01	nan	2.444187162939215514e-03	4.163807614612783682e-03	4.707329461762888674e-04
nan	3.462400000000000091e+02	3.462399999999999922e-01	nan	2.625150155613482743e-03	4.107121309001657630e-03	4.710897703494974645e-04
nan	3.589599999999999795e+02	3.589600000000000013e-01	nan	2.941017681646371923e-03	3.982758212343148578e-03	4.717678922901618948e-04
nan	3.773199999999999932e+02	3.773199999999999887e-01	nan	3.617705890833349067e-03	3.791167145327486391e-03	4.744900590755494032e-04
nan	3.878000000000000114e+02	3.878000000000000336e-01	nan	3.707560336497408432e-03	3.694579238616307187e-03	4.696472839207908065e-04
nan	4.079199999999999591e+02	4.079200000000000048e-01	nan	3.745739898363353859e-03	4.124875620349605088e-03	4.718136363085615771e-04
nan	4.186800000000000068e+02	4.186800000000000521e-01	nan	4.229829541814069359e-03	3.471984037634000091e-03	4.779504910559800477e-04
nan	4.328399999999999750e+02	4.328400000000000025e-01	nan	4.761179502152117562e-03	3.292991941250723951e-03	4.776128681775046393e-04
nan	4.430000000000000000e+02	4.429999999999999494e-01	nan	4.597111364246302470e-03	3.387339415099761050e-03	4.739575882172682446e-04
nan	4.603199999999999932e+02	4.603200000000000069e-01	nan	5.197632866061212102e-03	3.482425515546082317e-03	4.732834655870698896e-04
nan	4.668799999999999955e+02	4.668799999999999062e-01	nan	5.998738470029820607e-03	3.510031021300606072e-03	4.740527727574984874e-04
nan	4.867199999999999704e+02	4.867199999999999305e-01	nan	5.947515829884651023e-03	3.212162555513711163e-03	4.751154792300269392e-04
nan	5.001600000000000250e+02	5.001599999999999380e-01	nan	6.545143640742026939e-03	3.296982271096893149e-03	4.822400537470829468e-04
nan	5.095600000000000591e+02	5.095599999999999019e-01	nan	6.849855380405642062e-03	3.368297201448591013e-03	4.822775270212802177e-04
nan	5.170399999999999636e+02	5.170399999999999441e-01	nan	7.231094139779088888e-03	3.248225059507042940e-03	4.754369090969381702e-04
nan	5.282000000000000455e+02	5.282000000000000028e-01	nan	7.323986363699078010e-03	3.034051985240120673e-03	4.828666737558212976e-04
nan	5.321600000000000819e+02	5.321599999999999664e-01	nan	7.616013077649768162e-03	3.095173396152078264e-03	4.755439648899856026e-04
nan	5.498399999999999181e+02	5.498399999999998844e-01	nan	8.105993123972438791e-03	3.059577819775079807e-03	4.720217753325946621e-04
nan	5.691600000000000819e+02	5.691599999999999993e-01	nan	8.977081597104188612e-03	3.125299856048171371e-03	4.772134242842838536e-04
nan	5.606399999999999864e+02	5.606400000000000272e-01	nan	8.813884285864333201e-03	3.159358145357492233e-03	4.839405722864220595e-04
nan	5.771200000000000045e+02	5.771200000000000774e-01	nan	9.312144807863661014e-03	3.115245606900248800e-03	4.768750256235419478e-04
nan	5.878399999999999181e+02	5.878400000000000292e-01	nan	9.724605321935086977e-03	3.142310389783743631e-03	4.699612294085158608e-04
nan	5.892799999999999727e+02	5.892799999999999150e-01	nan	1.027687845242326176e-02	3.040660564589829033e-03	4.844613298641967168e-04
nan	5.962000000000000455e+02	5.962000000000000632e-01	nan	1.039466168766011930e-02	3.026899960225053546e-03	4.746743153692574717e-04
nan	6.117999999999999545e+02	6.118000000000000105e-01	nan	1.019858438095980029e-02	3.105405433450960338e-03	4.723025050437444747e-04
nan	6.242799999999999727e+02	6.242799999999999461e-01	nan	1.126107266384679048e-02	3.137588679341598349e-03	4.722529068751799225e-04
nan	6.284800000000000182e+02	6.284799999999999276e-01	nan	1.215838569525658393e-02	2.959969461971282637e-03	4.780194964004287833e-04
nan	6.407599999999999909e+02	6.407599999999999962e-01	nan	1.202543769023577645e-02	2.797863470973035137e-03	4.727145212140316795e-04
nan	6.480000000000000000e+02	6.479999999999999094e-01	nan	1.278581733588907664e-02	2.800428534617294650e-03	4.780024686955637462e-04
nan	6.647200000000000273e+02	6.647199999999999775e-01	nan	1.271160085107112502e-02	2.915767548701420769e-03	4.767953200370099323e-04
nan	6.644800000000000182e+02	6.644800000000000706e-01	nan	1.344859206355977256e-02	2.768276298278791493e-03	4.722228319782990858e-04
nan	8.707999999999999829e+01	8.708000000000000462e-02	nan	2.858186121505923351e-04	7.418281603239293247e-03	4.077554091494376798e-04
nan	1.197599999999999909e+02	1.197600000000000053e-01	nan	4.592092823361326910e-04	6.313045778825479570e-03	4.471580370413853300e-04
nan	1.380799999999999841e+02	1.380800000000000083e-01	nan	6.808005744505863429e-04	6.354479343992377668e-03	4.453508842882142782e-04
nan	1.594000000000000057e+02	1.593999999999999861e-01	nan	7.988651239736555085e-04	5.700507012916629195e-03	4.690699455588270015e-04
nan	1.763199999999999932e+02	1.763200000000000045e-01	nan	9.992806105788075259e-04	4.682830247340991243e-03	4.582413445664666870e-04
nan	1.914399999999999977e+02	1.914399999999999991e-01	nan	1.137494428305671924e-03	4.768235523605561695e-03	4.633385298700362360e-04
nan	2.014000000000000057e+02	2.013999999999999679e-01	nan	1.268896012766162953e-03	4.581417019436584241e-03	4.682020891783325524e-04
nan	2.205199999999999818e+02	2.205199999999999938e-01	nan	1.534192281490049780e-03	4.533358670909892231e-03	4.691624144851858297e-04
nan	2.331999999999999886e+02	2.331999999999999906e-01	nan	1.832845682536117082e-03	3.821388468435641620e-03	4.754161535942652800e-04
nan	2.431199999999999761e+02	2.431199999999999473e-01	nan	2.110254069802976976e-03	3.762886821210945608e-03	4.719520937454690533e-04
nan	2.612800000000000296e+02	2.612800000000000122e-01	nan	2.060419915978855231e-03	3.887196443865447749e-03	4.667155565424905661e-04
nan	2.657599999999999909e+02	2.657599999999999962e-01	nan	2.274368690600567754e-03	3.754625371544362267e-03	4.698867521799257466e-04
nan	2.713199999999999932e+02	2.713200000000000611e-01	nan	2.451852533199599081e-03	3.483841802611887216e-03	4.712291634990970032e-04
nan	2.916000000000000227e+02	2.915999999999999703e-01	nan	2.732458027358007028e-03	3.356473689597279896e-03	4.777994888264309905e-04
nan	3.000400000000000205e+02	3.000399999999999734e-01	nan	3.071444962051827956e-03	3.494768893814431850e-03	4.681205696128380549e-04
nan	3.098000000000000114e+02	3.097999999999999643e-01	nan	3.509315414999036702e-03	3.641112311515143276e-03	4.791249417878017049e-04
nan	3.160800000000000409e+02	3.160800000000000276e-01	nan	3.518650063269888363e-03	3.287116485038006804e-03	4.686441775480559499e-04
nan	3.271200000000000045e+02	3.271199999999999664e-01	nan	3.604491673613665313e-03	3.285733805453979004e-03	4.763083147877098899e-04
nan	3.325600000000000023e+02	3.325600000000000223e-01	nan	4.094656478077922206e-03	3.462718294671072311e-03	4.810924526596064882e-04
nan	3.403199999999999932e+02	3.403200000000000669e-01	nan	4.107755941831782963e-03	3.128746398313684944e-03	4.758396032398549145e-04
nan	3.529199999999999591e+02	3.529200000000000115e-01	nan	4.587227902648009434e-03	3.349514312966191208e-03	4.747980143629523591e-04
nan	3.564800000000000182e+02	3.564799999999999636e-01	nan	4.639806241248152323e-03	3.475836577085019471e-03	4.774691062177143170e-04
nan	3.608000000000000114e+02	3.607999999999999541e-01	nan	5.027692012017723894e-03	3.358870008008296628e-03	4.753187324063620311e-04
nan	3.715199999999999818e+02	3.715200000000000169e-01	nan	5.104174151165352322e-03	3.096634124734279347e-03	4.774971288360729533e-04
nan	3.840800000000000409e+02	3.840800000000000325e-01	nan	5.220789492059339440e-03	3.257453097427602442e-03	4.752600631999651451e-04
nan	3.838000000000000114e+02	3.837999999999999745e-01	nan	6.057070034394200497e-03	3.228748688422382503e-03	4.702533771389751723e-04
nan	3.898000000000000114e+02	3.898000000000000353e-01	nan	5.583798172428941844e-03	3.187984837934480960e-03	4.811926275361755540e-04
nan	4.002400000000000091e+02	4.002399999999999847e-01	nan	6.315172267450179164e-03	3.201899737885609189e-03	4.706107924739116291e-04
nan	4.002800000000000296e+02	4.002799999999999692e-01	nan	7.121806359382390657e-03	2.887785549394027585e-03	4.864544253669983399e-04
nan	4.077599999999999909e+02	4.077600000000000113e-01	nan	6.511098061109806337e-03	3.056210125063618492e-03	4.808864193205171955e-04
nan	4.224399999999999409e+02	4.224400000000000377e-01	nan	7.032700862955607382e-03	2.922857521612591720e-03	4.757898140698470224e-04
nan	4.237600000000000477e+02	4.237599999999999700e-01	nan	7.465870901542074820e-03	3.065701075675990751e-03	4.722683226095551984e-04
nan	4.316000000000000227e+02	4.315999999999999837e-01	nan	7.606841898705170649e-03	2.957713909321299517e-03	4.693330065228129436e-04
nan	4.409199999999999591e+02	4.409200000000000341e-01	nan	8.346196784232233143e-03	2.768661248289477038e-03	4.835495177784389408e-04
nan	4.485600000000000591e+02	4.485599999999999588e-01	nan	8.314832453825147032e-03	2.874091357575995348e-03	4.711659369989442065e-04
nan	4.490399999999999636e+02	4.490399999999999392e-01	nan	8.859418510237446892e-03	2.939884584171775003e-03	4.725729165293801018e-04
nan	4.628000000000000114e+02	4.627999999999999892e-01	nan	8.855277698194186434e-03	3.080123588017944815e-03	4.735928452671081534e-04
nan	4.600399999999999636e+02	4.600399999999999490e-01	nan	9.240372986732836233e-03	3.069567881501325535e-03	4.771715599183815461e-04
nan	4.754399999999999409e+02	4.754400000000000293e-01	nan	9.602535957410510831e-03	2.736175713026292502e-03	4.794964294717364854e-04
nan	1.335600000000000023e+02	1.335599999999999843e-01	nan	5.540905765934666868e-04	8.105781053487226204e-03	3.492343628134130179e-04
nan	1.864799999999999898e+02	1.864800000000000346e-01	nan	8.955832722585910319e-04	6.555181506518377790e-03	3.480120766397276329e-04
nan	2.124800000000000182e+02	2.124800000000000022e-01	nan	1.308034237102901785e-03	5.736692972342369648e-03	3.640215639078099499e-04
nan	2.439199999999999875e+02	2.439199999999999979e-01	nan	1.689072831806015572e-03	4.874772509302692340e-03	3.704003295683099299e-04
nan	2.773600000000000136e+02	2.773599999999999399e-01	nan	1.870031237704097155e-03	4.956984962466100958e-03	3.604086561154145989e-04
nan	3.005199999999999818e+02	3.005200000000000093e-01	nan	2.373653679906055809e-03	4.668804990108278707e-03	3.803592466239570776e-04
nan	3.238799999999999955e+02	3.238800000000000012e-01	nan	2.546121513446451302e-03	4.358664128209220091e-03	3.723150550670291316e-04
nan	3.498000000000000114e+02	3.497999999999999998e-01	nan	3.038606199697824368e-03	4.305841609765354884e-03	3.759378262910361519e-04
nan	3.680000000000000000e+02	3.679999999999999938e-01	nan	3.510673488653992449e-03	4.160053152038508013e-03	3.723562172371194172e-04
nan	3.916399999999999864e+02	3.916400000000000436e-01	nan	3.947774598250361824e-03	4.196230825580252177e-03	3.772748189872000856e-04
nan	4.060800000000000409e+02	4.060799999999999410e-01	nan	4.050529777523479390e-03	3.897479649462186856e-03	3.803089896505107296e-04
nan	4.174800000000000182e+02	4.174800000000000177e-01	nan	4.705938405941197111e-03	3.896578250651746254e-03	3.757561116996458285e-04
nan	4.366800000000000068e+02	4.366799999999999571e-01	nan	5.081020845555030835e-03	3.472545613820289361e-03	3.767454959079176479e-04
nan	4.588799999999999955e+02	4.588800000000000656e-01	nan	5.104736003008838313e-03	3.686560592550885279e-03	3.809380836630777041e-04
nan	4.799199999999999591e+02	4.799200000000000133e-01	nan	5.827626079153560255e-03	3.587010436538003080e-03	3.725664518225579478e-04
nan	4.893199999999999932e+02	4.893200000000000327e-01	nan	6.200261311114445284e-03	3.775209791557312174e-03	3.755727953485000744e-04
nan	5.006800000000000068e+02	5.006800000000000139e-01	nan	6.925673968039518583e-03	3.578476370167617184e-03	3.759877752112153601e-04
nan	5.182799999999999727e+02	5.182800000000000740e-01	nan	6.976391083589987552e-03	3.508811550404119552e-03	3.846176211852568453e-04
nan	5.235199999999999818e+02	5.235199999999999854e-01	nan	7.464287421312292350e-03	3.365858714411370557e-03	3.822449713611185016e-04
nan	5.419199999999999591e+02	5.419200000000000683e-01	nan	8.149619216892460896e-03	3.246183557940902388e-03	3.794863829744963592e-04
nan	5.521600000000000819e+02	5.521599999999999842e-01	nan	8.173318404469682302e-03	3.130219141566434413e-03	3.819568479697404593e-04
nan	5.603199999999999363e+02	5.603199999999999292e-01	nan	9.122786464558885200e-03	3.095259235154492611e-03	3.775962214438399441e-04
nan	5.806399999999999864e+02	5.806400000000000450e-01	nan	8.812479305579472982e-03	2.939845350583121086e-03	3.861731406880380057e-04
nan	5.981600000000000819e+02	5.981600000000000250e-01	nan	9.334288229729282085e-03	3.249009811361015885e-03	3.751256984086877321e-04
nan	6.004399999999999409e+02	6.004399999999999737e-01	nan	1.042839106081373812e-02	3.286402812066881087e-03	3.792774888684169064e-04
nan	6.287999999999999545e+02	6.287999999999999146e-01	nan	1.080774264592037140e-02	3.162496227122886354e-03	3.815699980657681666e-04
nan	6.269199999999999591e+02	6.269199999999999218e-01	nan	1.135871149544982403e-02	2.893220328546402490e-03	3.870958843039856755e-04
nan	6.351600000000000819e+02	6.351599999999999469e-01	nan	1.070310172235622304e-02	2.948286357217848666e-03	3.832017026395102745e-04
nan	6.497999999999999545e+02	6.498000000000000442e-01	nan	1.216719660964372431e-02	3.006018298353685999e-03	3.819255541086430568e-04
nan	6.576800000000000637e+02	6.576800000000000423e-01	nan	1.265811159561053625e-02	3.071893548627051794e-03	3.824028794923362202e-04
nan	6.802400000000000091e+02	6.802400000000000668e-01	nan	1.315003286633327842e-02	2.948169305422158534e-03	3.840009789621462747e-04
nan	6.777599999999999909e+02	6.777599999999999181e-01	nan	1.294694567810438478e-02	2.967282622002165391e-03	3.763512973297249435e-04
nan	6.896399999999999864e+02	6.896400000000000308e-01	nan	1.420884653680332121e-02	3.125141391692835835e-03	3.822713722707228199e-04
nan	6.978799999999999955e+02	6.978799999999999448e-01	nan	1.458841531338293807e-02	2.932608056337390225e-03	3.842071511779607371e-04
nan	7.163999999999999773e+02	7.163999999999999257e-01	nan	1.570010964616812971e-02	3.048394376998826965e-03	3.842315662246604353e-04
nan	7.203600000000000136e+02	7.203600000000000003e-01	nan	1.521731440105213509e-02	3.034514512329632586e-03	3.792288269420771604e-04
nan	7.266399999999999864e+02	7.266399999999999526e-01	nan	1.637934683852108539e-02	2.896068365666850438e-03	3.833162469895125290e-04
nan	7.456800000000000637e+02	7.456799999999998985e-01	nan	1.732117049583394019e-02	2.808562402373197386e-03	3.853339582335586549e-04
nan	7.512000000000000455e+02	7.511999999999998678e-01	nan	1.621427346469318104e-02	2.789901010270292008e-03	3.847466033514432347e-04
nan	9.456000000000000227e+01	9.456000000000000516e-02	nan	4.272497179243827997e-04	7.790837372054453328e-03	3.014453079509687192e-04
nan	1.290400000000000205e+02	1.290399999999999880e-01	nan	5.304514712634045281e-04	6.431994127969217594e-03	3.451887057046325509e-04
nan	1.537599999999999909e+02	1.537599999999999800e-01	nan	9.276925726942409148e-04	5.352930706074418218e-03	3.527053941341547075e-04
nan	1.764399999999999977e+02	1.764399999999999857e-01	nan	1.049496919106331864e-03	5.197457784788481541e-03	3.668203755238128526e-04
nan	2.011599999999999966e+02	2.011600000000000055e-01	nan	1.387562259533297150e-03	4.915673258228265771e-03	3.713461526715423379e-04
nan	2.143199999999999932e+02	2.143199999999999827e-01	nan	1.673312268596873625e-03	4.486124647104320837e-03	3.695576111372437969e-04
nan	2.368800000000000239e+02	2.368799999999999795e-01	nan	1.863912221294867751e-03	4.135456195630552584e-03	3.727561540180701822e-04
nan	2.452400000000000091e+02	2.452399999999999858e-01	nan	2.255967290700482564e-03	4.695444498073634426e-03	3.646732572075811170e-04
nan	2.570000000000000000e+02	2.570000000000000062e-01	nan	2.238623591911164095e-03	3.718957234474386253e-03	3.732645990085351525e-04
nan	2.778799999999999955e+02	2.778799999999999604e-01	nan	2.758910118695894094e-03	3.793797950379089456e-03	3.777993522609174358e-04
nan	2.793199999999999932e+02	2.793199999999999572e-01	nan	3.019687678142872651e-03	3.722110839853237565e-03	3.721051388777367464e-04
nan	3.035600000000000023e+02	3.035599999999999410e-01	nan	3.204360208137586874e-03	3.596241797050277796e-03	3.763856829753593953e-04
nan	3.123199999999999932e+02	3.123199999999999865e-01	nan	3.514674355915303923e-03	3.633970246568914847e-03	3.763599669550625080e-04
nan	3.305199999999999818e+02	3.305200000000000360e-01	nan	3.953618736254611854e-03	3.494744270045138743e-03	3.791209883819314638e-04
nan	3.383600000000000136e+02	3.383599999999999941e-01	nan	4.029966220000459967e-03	3.897857453353085339e-03	3.798628436495048730e-04
nan	3.492800000000000296e+02	3.492800000000000349e-01	nan	4.108540309930503939e-03	3.535618217843068591e-03	3.768395110792598741e-04
nan	3.600800000000000409e+02	3.600799999999999557e-01	nan	4.460081828842703093e-03	3.756623153161185724e-03	3.758345395519180300e-04
nan	3.627599999999999909e+02	3.627600000000000269e-01	nan	4.721977357548893736e-03	3.455822152591680931e-03	3.793198752043437086e-04
nan	3.773199999999999932e+02	3.773199999999999887e-01	nan	5.214155127860066984e-03	3.108013634531187758e-03	3.756710086362384819e-04
nan	3.867199999999999704e+02	3.867199999999999527e-01	nan	5.641048751504058704e-03	3.594686093666693474e-03	3.792653053506217899e-04
nan	3.953199999999999932e+02	3.953200000000000047e-01	nan	5.861205267756304516e-03	3.197287271660275484e-03	3.831555160833162053e-04
nan	4.060400000000000205e+02	4.060399999999999565e-01	nan	6.262127330983276521e-03	3.052870214536639818e-03	3.778866800870536420e-04
nan	4.103199999999999932e+02	4.103200000000000180e-01	nan	6.527672074353177249e-03	3.089077314224753824e-03	3.794403648047042256e-04
nan	4.183999999999999773e+02	4.183999999999999941e-01	nan	6.743273045995010033e-03	3.097677072534138487e-03	3.765902578989644973e-04
nan	4.344800000000000182e+02	4.344800000000000328e-01	nan	7.240731367628541575e-03	3.098703861101493890e-03	3.836046850115660341e-04
nan	4.386399999999999864e+02	4.386400000000000299e-01	nan	7.702793966018361971e-03	3.110588523856232766e-03	3.788240066714221397e-04
nan	4.486000000000000227e+02	4.485999999999999988e-01	nan	7.998278827299146881e-03	2.983802608010750063e-03	3.832344966304385256e-04
nan	4.589600000000000364e+02	4.589599999999999236e-01	nan	7.921379207737118400e-03	3.180451367172689760e-03	3.777629562320411060e-04
nan	4.673600000000000136e+02	4.673600000000000532e-01	nan	8.485392421334836399e-03	2.986016964556913698e-03	3.853500893550199265e-04
nan	4.678000000000000114e+02	4.677999999999999936e-01	nan	8.904692881988012648e-03	2.931960211370507417e-03	3.784640989969972999e-04
nan	4.758399999999999750e+02	4.758399999999999852e-01	nan	9.334264330364020965e-03	2.825918466932578720e-03	3.813874476536264742e-04
nan	4.853199999999999932e+02	4.853200000000000292e-01	nan	1.000678408348903634e-02	3.013918002158636963e-03	3.796386679896746009e-04
nan	4.920399999999999636e+02	4.920399999999999774e-01	nan	9.274564331817600205e-03	3.082821801511965651e-03	3.844763845920344579e-04
nan	4.970399999999999636e+02	4.970399999999999818e-01	nan	1.102156349671531629e-02	3.029681852276950617e-03	3.808263641337032409e-04
nan	5.046800000000000068e+02	5.046799999999999065e-01	nan	1.078167939041122826e-02	2.875169914684537649e-03	3.794591577843120511e-04
nan	5.088799999999999955e+02	5.088800000000001100e-01	nan	1.116815248358761850e-02	2.882079351323262647e-03	3.823091390458353942e-04
nan	5.202400000000000091e+02	5.202400000000000357e-01	nan	1.199617427768316646e-02	2.844960862513267082e-03	3.865907420463433409e-04
nan	5.283999999999999773e+02	5.284000000000000918e-01	nan	1.194891708587419998e-02	2.977981421558090289e-03	3.832982966387162645e-04
nan	5.360399999999999636e+02	5.360400000000000720e-01	nan	1.246262241056683706e-02	2.846870534776858690e-03	3.858296188465579505e-04
nan	6.715999999999999659e+01	6.715999999999999748e-02	nan	3.001100286007840926e-04	7.634000065767418582e-03	3.413898207074885622e-04
nan	9.456000000000000227e+01	9.456000000000000516e-02	nan	4.735651155522191164e-04	6.441752054705350734e-03	3.511380015135188819e-04
nan	1.110400000000000063e+02	1.110399999999999998e-01	nan	6.623840232020939117e-04	5.105207017651815400e-03	3.434737716008583576e-04
nan	1.215599999999999881e+02	1.215600000000000014e-01	nan	7.716499466675940441e-04	5.428527945317660787e-03	3.516251035684693884e-04
nan	1.392400000000000091e+02	1.392399999999999749e-01	nan	9.640406238008835532e-04	4.785644834654388495e-03	3.654366070846969822e-04
nan	1.508400000000000034e+02	1.508400000000000296e-01	nan	1.085434818883186225e-03	5.039671870916827279e-03	3.633296390033491667e-04
nan	1.599599999999999795e+02	1.599600000000000188e-01	nan	1.304171577212400726e-03	4.406520278113433033e-03	3.715844089086732505e-04
nan	1.774799999999999898e+02	1.774799999999999711e-01	nan	1.556080168115840960e-03	4.174529081293879354e-03	3.696144975604729547e-04
nan	1.829599999999999795e+02	1.829599999999999838e-01	nan	1.600963274406695018e-03	4.175643288286193244e-03	3.703147323731584349e-04
nan	1.941599999999999966e+02	1.941599999999999993e-01	nan	1.973200217121302315e-03	4.187691670927350465e-03	3.755738328101692193e-04
nan	2.016400000000000148e+02	2.016399999999999859e-01	nan	2.001980125592126535e-03	3.863863952856187115e-03	3.709009866781671919e-04
nan	2.124800000000000182e+02	2.124800000000000022e-01	nan	2.350739313183112383e-03	3.845919924914879655e-03	3.791451514423267808e-04
nan	2.257199999999999704e+02	2.257200000000000040e-01	nan	2.133936684876971447e-03	3.461139258382726035e-03	3.774549983959644755e-04
nan	2.328000000000000114e+02	2.328000000000000347e-01	nan	2.577824489662816632e-03	3.503157921608080014e-03	3.791816726237668246e-04
nan	2.313199999999999932e+02	2.313199999999999701e-01	nan	2.905148061504405493e-03	3.615041018747730626e-03	3.775109549854544942e-04
nan	2.424000000000000057e+02	2.424000000000000321e-01	nan	3.192820929093613536e-03	3.547811621231641323e-03	3.722398463758525532e-04
nan	2.512400000000000091e+02	2.512400000000000189e-01	nan	3.288243181664256276e-03	3.396570269137168079e-03	3.810771358402595703e-04
nan	2.573999999999999773e+02	2.574000000000000177e-01	nan	3.340679503626233643e-03	3.371631787584825849e-03	3.767082355202725137e-04
nan	2.703600000000000136e+02	2.703600000000000447e-01	nan	3.547334590571153690e-03	3.411931418756650007e-03	3.740304460692431970e-04
nan	2.775600000000000023e+02	2.775599999999999734e-01	nan	4.056413785019685574e-03	3.330837985382921647e-03	3.793217911690730275e-04
nan	2.801999999999999886e+02	2.802000000000000046e-01	nan	3.648398074801662005e-03	3.233361430231839438e-03	3.806116751983956671e-04
nan	2.854800000000000182e+02	2.854800000000000115e-01	nan	4.527081129945145430e-03	3.146250480078606384e-03	3.807179696166312693e-04
nan	2.843999999999999773e+02	2.844000000000000417e-01	nan	4.614473501096653767e-03	2.871043078722222523e-03	3.726057217054114983e-04
nan	2.977199999999999704e+02	2.977199999999999847e-01	nan	4.751059930649717197e-03	3.348860826853779834e-03	3.750140320593293238e-04
nan	3.031599999999999682e+02	3.031599999999999850e-01	nan	5.179827773663418615e-03	3.087956347429665540e-03	3.764576243039718722e-04
nan	3.057599999999999909e+02	3.057599999999999763e-01	nan	5.576698691029378409e-03	3.084252402065976867e-03	3.767735766784752693e-04
nan	3.123199999999999932e+02	3.123199999999999865e-01	nan	5.560140831130410896e-03	3.045901250863697167e-03	3.822135929369240145e-04
nan	3.275199999999999818e+02	3.275200000000000333e-01	nan	5.943398644403715195e-03	3.070043775091717102e-03	3.761970475948007574e-04
nan	3.257199999999999704e+02	3.257200000000000095e-01	nan	6.046982324642157999e-03	2.990309421762911077e-03	3.778127110555751450e-04
nan	3.262800000000000296e+02	3.262800000000000145e-01	nan	5.766341414937414638e-03	3.276072073439331104e-03	3.860798750134545980e-04
nan	3.379599999999999795e+02	3.379599999999999826e-01	nan	6.326146670116941477e-03	2.983498404997072997e-03	3.830006455591191132e-04
nan	3.381599999999999682e+02	3.381600000000000161e-01	nan	6.335092202753004123e-03	2.947595406047659374e-03	3.820110790365775473e-04
nan	3.366000000000000227e+02	3.365999999999999548e-01	nan	6.815154273790540070e-03	3.155984414785721094e-03	3.873771004713251085e-04
nan	3.491999999999999886e+02	3.492000000000000104e-01	nan	7.023943669091750261e-03	2.854191609294049088e-03	3.780188661635846886e-04
nan	3.528799999999999955e+02	3.528799999999999715e-01	nan	7.434008022000853158e-03	2.976278819197310417e-03	3.833671637770078694e-04
nan	3.593999999999999773e+02	3.593999999999999972e-01	nan	7.944455678589293704e-03	3.098322228682317148e-03	3.811568885515391578e-04
nan	3.650400000000000205e+02	3.650400000000000311e-01	nan	8.126382579112032337e-03	2.826660733153147937e-03	3.791962001692787687e-04
nan	3.703600000000000136e+02	3.703600000000000225e-01	nan	8.717297835228236119e-03	2.978549741518100001e-03	3.770511037844947707e-04
nan	3.713199999999999932e+02	3.713200000000000389e-01	nan	8.703330577345695998e-03	2.845829081295845730e-03	3.793684861241586044e-04
nan	9.247999999999998977e+01	9.248000000000000664e-02	nan	2.022315541563557135e-04	8.060158020579917537e-03	4.920189812330755773e-04
nan	1.434000000000000057e+02	1.434000000000000274e-01	nan	3.630661324677930788e-04	6.551849039701939867e-03	4.798213298188900395e-04
nan	1.858000000000000114e+02	1.858000000000000207e-01	nan	5.614837492203151193e-04	5.894841577292109572e-03	4.947396229236294615e-04
nan	2.233199999999999932e+02	2.233200000000000185e-01	nan	7.133901601389425239e-04	5.181070259745003577e-03	4.778873122572882505e-04
nan	2.635199999999999818e+02	2.635200000000000320e-01	nan	1.016315938877596602e-03	5.230039272405335830e-03	5.022372301178906675e-04
nan	2.943600000000000136e+02	2.943600000000000105e-01	nan	1.378522390382386220e-03	4.685679613776833931e-03	5.085878252577022505e-04
nan	3.123199999999999932e+02	3.123199999999999865e-01	nan	1.696197764640601253e-03	4.492213001336951492e-03	5.168981928123127841e-04
nan	3.407599999999999909e+02	3.407600000000000073e-01	nan	2.001509209485447926e-03	4.456542223288194327e-03	5.349290259759147386e-04
nan	3.566800000000000068e+02	3.566799999999999971e-01	nan	2.179364569676636200e-03	4.030486339164368256e-03	5.306429165909169960e-04
nan	3.799599999999999795e+02	3.799600000000000199e-01	nan	2.575332745113882976e-03	4.091803381265629938e-03	5.249523963116719269e-04
nan	3.918400000000000318e+02	3.918399999999999661e-01	nan	2.914854140722127236e-03	3.696020882189419987e-03	5.418430760258732826e-04
nan	4.183999999999999773e+02	4.183999999999999941e-01	nan	3.315540753796994942e-03	3.767948900183107439e-03	5.415094112683868817e-04
nan	4.359199999999999591e+02	4.359199999999999742e-01	nan	3.764175153964969926e-03	3.616218983518109005e-03	5.511607264951634815e-04
nan	4.467600000000000477e+02	4.467599999999999905e-01	nan	4.374691067387174830e-03	3.693656109404994635e-03	5.498786180472977573e-04
nan	4.649600000000000364e+02	4.649600000000000399e-01	nan	4.628432465883633787e-03	3.694461896669600127e-03	5.389437873475767370e-04
nan	4.808799999999999955e+02	4.808799999999999741e-01	nan	5.034204389980914338e-03	3.509764512089885539e-03	5.488391521041413156e-04
nan	4.800000000000000000e+02	4.799999999999999822e-01	nan	5.545020303443380129e-03	3.385539940343912889e-03	5.544464438695865909e-04
nan	4.972399999999999523e+02	4.972399999999999598e-01	nan	6.303404239101836719e-03	3.376876465407304719e-03	5.411908517199881443e-04
nan	5.135199999999999818e+02	5.135199999999999765e-01	nan	6.674855924252369455e-03	3.125126634083837292e-03	5.498641004680742414e-04
nan	5.314800000000000182e+02	5.314799999999999525e-01	nan	6.827462529790865112e-03	3.334495714120260142e-03	5.421381433905218469e-04
nan	5.465600000000000591e+02	5.465600000000000458e-01	nan	7.472409747933853041e-03	3.459191795476945948e-03	5.452738937434768859e-04
nan	5.579199999999999591e+02	5.579200000000000825e-01	nan	8.458296831167898960e-03	3.521933173149295777e-03	5.719683282807342577e-04
nan	5.672000000000000455e+02	5.671999999999999265e-01	nan	8.603412187430877628e-03	3.252509086329820245e-03	5.496823741026753921e-04
nan	5.771200000000000045e+02	5.771200000000000774e-01	nan	8.996611924230820193e-03	3.386141578621075596e-03	5.627880172455995266e-04
nan	5.918799999999999955e+02	5.918799999999999617e-01	nan	9.797209532725901018e-03	3.167707588206233795e-03	5.542599644699811815e-04
nan	5.954800000000000182e+02	5.954800000000000093e-01	nan	1.020411006003087151e-02	3.071456219879063060e-03	5.628038267122511314e-04
nan	6.067200000000000273e+02	6.067199999999999260e-01	nan	1.059695587306123434e-02	3.158162420556775984e-03	5.570846817280490203e-04
nan	6.198799999999999955e+02	6.198799999999999866e-01	nan	1.164061462038262079e-02	3.027026499416762655e-03	5.644854454451909195e-04
nan	6.283199999999999363e+02	6.283199999999999896e-01	nan	1.203860774109671156e-02	3.090843490524810243e-03	5.570923704380137311e-04
nan	5.586000000000000227e+02	5.585999999999999854e-01	nan	1.291669182687655779e-02	2.750286967325645156e-03	5.787040364756625317e-04
nan	4.010800000000000409e+02	4.010800000000000476e-01	nan	1.316649489935116379e-02	2.888806183132326417e-03	5.849452549334078436e-04
nan	2.399199999999999875e+02	2.399199999999999944e-01	nan	1.425393460638588183e-02	3.032175388052054266e-03	6.104676164813791373e-04
nan	9.276000000000000512e+01	9.275999999999999523e-02	nan	1.386871302674990217e-02	2.886250169511378385e-03	6.061099971886707962e-04
nan	0.000000000000000000e+00	0.000000000000000000e+00	0.000000000000000000e+00	0.000000000000000000e+00	0.000000000000000000e+00	0.000000000000000000e+00
nan	0.000000000000000000e+00	0.000000000000000000e+00	0.000000000000000000e+00	0.000000000000000000e+00	0.000000000000000000e+00	0.000000000000000000e+00
nan	0.000000000000000000e+00	0.000000000000000000e+00	0.000000000000000000e+00	0.000000000000000000e+00	0.000000000000000000e+00	0.000000000000000000e+00
nan	0.000000000000000000e+00	0.000000000000000000e+00	0.000000000000000000e+00	0.000000000000000000e+00	0.000000000000000000e+00	0.000000000000000000e+00
nan	0.000000000000000000e+00	0.000000000000000000e+00	0.000000000000000000e+00	0.000000000000000000e+00	0.000000000000000000e+00	0.000000000000000000e+00
nan	0.000000000000000000e+00	0.000000000000000000e+00	0.000000000000000000e+00	0.000000000000000000e+00	0.000000000000000000e+00	0.000000000000000000e+00
nan	6.571999999999999886e+01	6.572000000000000064e-02	nan	1.249688711806129602e-04	8.543045599274639440e-03	4.640873881907896974e-04
nan	9.900000000000000000e+01	9.900000000000000466e-02	nan	2.442781396052850769e-04	6.434673498848500831e-03	4.557947299014389114e-04
nan	1.364000000000000057e+02	1.364000000000000212e-01	nan	4.127226448269993289e-04	5.862624222011485024e-03	4.738115479751478227e-04
nan	1.634399999999999977e+02	1.634400000000000019e-01	nan	5.321938301494810904e-04	5.693129279495341699e-03	4.826601913910840693e-04
nan	1.930799999999999841e+02	1.930800000000000016e-01	nan	6.889321354788080325e-04	4.920861458561478184e-03	5.053789235003093312e-04
nan	2.215600000000000023e+02	2.215599999999999792e-01	nan	9.497320665013830746e-04	4.770223565186990609e-03	5.368929232757040136e-04
nan	2.428800000000000239e+02	2.428799999999999848e-01	nan	1.136735419479464448e-03	4.377347543371534581e-03	5.213183359150085896e-04
nan	2.699199999999999591e+02	2.699199999999999933e-01	nan	1.293630707129977877e-03	4.364240685173971512e-03	5.159534063862533009e-04
nan	2.944800000000000182e+02	2.944799999999999640e-01	nan	1.594603319167618109e-03	4.141097956116945866e-03	5.138044312296243584e-04
nan	3.149199999999999591e+02	3.149199999999999777e-01	nan	1.887669774782807595e-03	4.567384739267800475e-03	5.086152944594081590e-04
nan	3.366000000000000227e+02	3.366000000000000658e-01	nan	2.147548256193658727e-03	3.630892623655649406e-03	5.306360527079682183e-04
nan	3.554399999999999977e+02	3.554399999999999782e-01	nan	2.325310532742150878e-03	3.925107612835275310e-03	5.329244430511183035e-04
nan	3.647599999999999909e+02	3.647599999999999731e-01	nan	2.638213336094850231e-03	3.699934827344458776e-03	5.129993686843274106e-04
nan	3.891200000000000045e+02	3.891200000000000214e-01	nan	2.943503960577800119e-03	3.633333510054727496e-03	5.396148101587032540e-04
nan	4.004399999999999977e+02	4.004400000000000182e-01	nan	3.102971878251992340e-03	3.311161853952443446e-03	5.347912062814181178e-04
nan	4.074399999999999977e+02	4.074399999999999689e-01	nan	3.600045504153968207e-03	3.240037257898984585e-03	5.345304148994990548e-04
nan	4.241600000000000250e+02	4.241599999999999815e-01	nan	3.819059316979291855e-03	3.234519987126295570e-03	5.416214037173327275e-04
nan	4.300399999999999636e+02	4.300399999999999778e-01	nan	4.106163510282386138e-03	3.375175457596896363e-03	5.398788275446868941e-04
nan	4.459199999999999591e+02	4.459200000000000941e-01	nan	4.278698715547761718e-03	3.431980520276964146e-03	5.475376524113874594e-04
nan	4.511999999999999886e+02	4.512000000000000455e-01	nan	5.056151206626964718e-03	3.285769048238738107e-03	5.450308291473453508e-04
nan	4.686000000000000227e+02	4.686000000000000165e-01	nan	5.313338266232677312e-03	3.181026670468693144e-03	5.324094941360372818e-04
nan	4.780800000000000409e+02	4.780799999999999494e-01	nan	5.392627406718020038e-03	3.238609086533723262e-03	5.455038496344313034e-04
nan	4.894800000000000182e+02	4.894800000000000262e-01	nan	5.895279637625207639e-03	3.218821259685177190e-03	5.561031260883373198e-04
nan	4.980800000000000409e+02	4.980800000000000227e-01	nan	6.202780536359568490e-03	3.144976694617490545e-03	5.437978761318859513e-04
nan	5.083600000000000136e+02	5.083599999999999230e-01	nan	7.111140469942256286e-03	3.309937527648222633e-03	5.522308300073525784e-04
nan	5.215199999999999818e+02	5.215199999999999836e-01	nan	7.101744566834895973e-03	3.119918807358127572e-03	5.492591937523741375e-04
nan	5.177200000000000273e+02	5.177199999999999580e-01	nan	7.422333416998298447e-03	2.907001481664637198e-03	5.512997040312327211e-04
nan	5.313999999999999773e+02	5.313999999999999835e-01	nan	7.515423326467499110e-03	3.251811896139141043e-03	5.529218151058194839e-04
nan	5.362799999999999727e+02	5.362799999999999789e-01	nan	8.487684532119602401e-03	3.011285623616425690e-03	5.512220362604327824e-04
nan	5.539199999999999591e+02	5.539199999999999680e-01	nan	8.819806611600141538e-03	3.119642900840769763e-03	5.527431802129373090e-04
nan	5.656000000000000227e+02	5.655999999999998806e-01	nan	9.491524524255509979e-03	3.019208696935264929e-03	5.515646603357329727e-04
nan	5.703199999999999363e+02	5.703200000000000491e-01	nan	9.889085244685702838e-03	3.163544869779328327e-03	5.510736554277521253e-04
nan	5.751600000000000819e+02	5.751600000000000046e-01	nan	9.928151566482483828e-03	2.981756921296219772e-03	5.483223281221034483e-04
nan	5.884399999999999409e+02	5.884400000000000741e-01	nan	1.005605026070043040e-02	2.656468750968287058e-03	5.458836483059872815e-04
nan	6.036399999999999864e+02	6.036399999999999544e-01	nan	1.137483081422033075e-02	3.238515568237809641e-03	5.472609261492440355e-04
nan	5.967999999999999545e+02	5.967999999999998861e-01	nan	1.133032835249650830e-02	2.901385676055916792e-03	5.411697507551531221e-04
nan	6.021600000000000819e+02	6.021600000000000286e-01	nan	1.185406928158045173e-02	2.989998000263705512e-03	5.594400800108445451e-04
nan	6.062000000000000455e+02	6.062000000000000721e-01	nan	1.265991504427802297e-02	2.685647408563071603e-03	5.645083245407520435e-04
nan	6.257200000000000273e+02	6.257200000000000539e-01	nan	1.333575916460176883e-02	2.883696651604415219e-03	5.533280189584861061e-04
nan	4.616000000000000369e+01	4.615999999999999270e-02	nan	9.283222093813492881e-05	8.336968648097265247e-03	4.389603506584785031e-04
nan	7.056000000000000227e+01	7.056000000000001160e-02	nan	1.794054718709503483e-04	6.411349757320171198e-03	4.510103572131317481e-04
nan	9.347999999999998977e+01	9.347999999999997978e-02	nan	2.491897465949932688e-04	5.605067113722922607e-03	5.108587358563972938e-04
nan	1.129200000000000017e+02	1.129200000000000204e-01	nan	4.189130453914913796e-04	4.964315055145596817e-03	4.778314602407704751e-04
nan	1.382800000000000011e+02	1.382800000000000140e-01	nan	5.114217389814257157e-04	4.789688307300065881e-03	5.095084389903681331e-04
nan	1.548799999999999955e+02	1.548799999999999899e-01	nan	5.947485325987144581e-04	4.666863968608339630e-03	4.960851509577183897e-04
nan	1.739200000000000159e+02	1.739199999999999913e-01	nan	7.769545130236110621e-04	4.733313033472110777e-03	5.043523050795097355e-04
nan	1.911200000000000045e+02	1.911199999999999843e-01	nan	9.329180200461451109e-04	4.311370209435024144e-03	5.128135207491519004e-04
nan	2.077199999999999704e+02	2.077199999999999880e-01	nan	1.071766741617921192e-03	4.173690762529086613e-03	5.292011980075588939e-04
nan	2.240800000000000125e+02	2.240799999999999736e-01	nan	1.327968521072762096e-03	4.104440058153512386e-03	5.073093476718098030e-04
nan	2.389199999999999875e+02	2.389199999999999657e-01	nan	1.310300047912278231e-03	3.853992006750528616e-03	5.285512367060229890e-04
nan	2.568000000000000114e+02	2.567999999999999727e-01	nan	1.608168393863706937e-03	3.629896418012481911e-03	5.228533493436551220e-04
nan	2.666000000000000227e+02	2.666000000000000036e-01	nan	1.822603236828399670e-03	3.831073061343753805e-03	5.185363081284084189e-04
nan	2.776399999999999864e+02	2.776399999999999979e-01	nan	2.135334747281376552e-03	3.736870341944065286e-03	5.139601262175076289e-04
nan	2.946399999999999864e+02	2.946399999999999575e-01	nan	2.416907733045263636e-03	3.501808702610453242e-03	5.297419597677085817e-04
nan	3.109599999999999795e+02	3.109600000000000142e-01	nan	2.327751117709340404e-03	3.852409481185210816e-03	5.153434093639051080e-04
nan	3.156000000000000227e+02	3.155999999999999917e-01	nan	2.630361533902032291e-03	3.302674570285089786e-03	5.242309021669159207e-04
nan	3.291599999999999682e+02	3.291600000000000081e-01	nan	2.953840663908522454e-03	3.403581983537411811e-03	5.238041200578571034e-04
nan	3.395600000000000023e+02	3.395600000000000285e-01	nan	3.244904907855925696e-03	3.282076973590601458e-03	5.183789497201948511e-04
nan	3.509199999999999591e+02	3.509200000000000097e-01	nan	3.464988509012982380e-03	3.219277281989453478e-03	5.246113788586442405e-04
nan	3.673600000000000136e+02	3.673599999999999643e-01	nan	3.657249147036054776e-03	3.133618270103046607e-03	5.403122531820718109e-04
nan	3.712800000000000296e+02	3.712799999999999989e-01	nan	3.790351437128265839e-03	3.426557007350362720e-03	5.424930066828408158e-04
nan	3.765600000000000023e+02	3.765600000000000058e-01	nan	4.192455889979100278e-03	3.231246475935462166e-03	5.228235046460130795e-04
nan	3.923199999999999932e+02	3.923200000000000021e-01	nan	4.330198776942779590e-03	3.135419014287048507e-03	5.286263734052526041e-04
nan	4.026000000000000227e+02	4.025999999999999579e-01	nan	4.678680782544688069e-03	3.249600312624256835e-03	5.360443445139870602e-04
nan	4.073600000000000136e+02	4.073600000000000554e-01	nan	4.920317864362004287e-03	3.170696941999460398e-03	5.442245738720397855e-04
nan	4.105199999999999818e+02	4.105200000000001070e-01	nan	5.460947698493328131e-03	3.169245629733038506e-03	5.548413859297782972e-04
nan	4.240399999999999636e+02	4.240399999999999170e-01	nan	5.910753840971665063e-03	3.195496064923179606e-03	5.546665039483899542e-04
nan	4.324399999999999409e+02	4.324399999999999911e-01	nan	5.867337590243550463e-03	3.054190580724306346e-03	5.552143926840158927e-04
nan	4.401999999999999886e+02	4.401999999999999247e-01	nan	6.062382628715568163e-03	3.084404684962223885e-03	5.391896046510757674e-04
nan	4.443600000000000136e+02	4.443599999999999772e-01	nan	6.591220609507217332e-03	2.959368272067108840e-03	5.419933574702349988e-04
nan	4.449600000000000364e+02	4.449600000000000222e-01	nan	6.644804518045929753e-03	3.022429923500178760e-03	5.527013994117407208e-04
nan	4.553600000000000136e+02	4.553599999999999315e-01	nan	6.831193711868762883e-03	2.854337281544809361e-03	5.477534658780644234e-04
nan	4.671600000000000250e+02	4.671599999999999642e-01	nan	7.479807651407099911e-03	3.094876517052085486e-03	5.432674976989114359e-04
nan	4.741999999999999886e+02	4.742000000000000104e-01	nan	7.634339879714388544e-03	2.930256697801882689e-03	5.498014726897984799e-04
nan	4.780399999999999636e+02	4.780400000000000205e-01	nan	8.109751824649720151e-03	2.978505604844410883e-03	5.496656502475197456e-04
nan	4.921600000000000250e+02	4.921599999999999864e-01	nan	8.700876155362493453e-03	2.894921342507517960e-03	5.513028347365988950e-04
nan	4.920399999999999636e+02	4.920399999999999774e-01	nan	8.757415442632917463e-03	3.161504217169625042e-03	5.517222247233861000e-04
nan	5.001999999999999886e+02	5.001999999999999780e-01	nan	9.289105255393222821e-03	2.846321527759309959e-03	5.491860270871647695e-04
nan	7.503999999999999204e+01	7.504000000000000947e-02	nan	1.591813839399946985e-04	7.925547246052253025e-03	3.867149497573212080e-04
nan	1.162800000000000011e+02	1.162800000000000084e-01	nan	3.167385107667541975e-04	6.252295752485449547e-03	4.407363409235881373e-04
nan	1.530799999999999841e+02	1.530799999999999939e-01	nan	5.210222871619407106e-04	6.213832512762858945e-03	4.327517265735355938e-04
nan	1.850799999999999841e+02	1.850799999999999945e-01	nan	7.152672354902733396e-04	5.580870717363288491e-03	4.163335608020021263e-04
nan	2.121199999999999761e+02	2.121200000000000030e-01	nan	9.152566570855924597e-04	5.101028441086865456e-03	4.410353797012575182e-04
nan	2.458000000000000114e+02	2.458000000000000185e-01	nan	1.155480147565412976e-03	4.733981971442815032e-03	4.258927810255206054e-04
nan	2.668400000000000318e+02	2.668400000000000216e-01	nan	1.282419516592199060e-03	4.329747235666868074e-03	4.210094683450889145e-04
nan	2.798000000000000114e+02	2.798000000000000487e-01	nan	1.768904351538367389e-03	4.027065972571258583e-03	4.506162646932878875e-04
nan	2.958400000000000318e+02	2.958399999999999919e-01	nan	1.755722342231820065e-03	3.908365541993870373e-03	4.433256349592034902e-04
nan	3.100000000000000000e+02	3.099999999999999978e-01	nan	2.002689383562028698e-03	3.741668634021962179e-03	4.444930164089702261e-04
nan	3.283999999999999773e+02	3.284000000000000252e-01	nan	2.376842087151089834e-03	4.050553317726335832e-03	4.414478192368035889e-04
nan	3.403999999999999773e+02	3.403999999999999804e-01	nan	2.712778316049479881e-03	3.611070695224623175e-03	4.486733933739566371e-04
nan	3.643199999999999932e+02	3.643200000000000327e-01	nan	3.218762490837434511e-03	3.787165567502147161e-03	4.432876631045836119e-04
nan	3.700000000000000000e+02	3.699999999999999956e-01	nan	3.523965498861798655e-03	3.459491616955892492e-03	4.514682970898670385e-04
nan	3.810800000000000409e+02	3.810799999999999743e-01	nan	4.055022574661961386e-03	3.577101540292749841e-03	4.456721452554289259e-04
nan	3.909199999999999591e+02	3.909200000000000452e-01	nan	3.994603067749267350e-03	3.621569328642693618e-03	4.592950850089127504e-04
nan	4.059199999999999591e+02	4.059199999999999475e-01	nan	4.539083561662664475e-03	3.198428955061764604e-03	4.587067545311460277e-04
nan	4.222800000000000296e+02	4.222800000000000442e-01	nan	5.311861680129368810e-03	3.421595999779957105e-03	4.524709357186067205e-04
nan	4.208000000000000114e+02	4.208000000000000074e-01	nan	5.392140662847851387e-03	3.454435930383864626e-03	4.640828928141321882e-04
nan	4.407600000000000477e+02	4.407599999999999296e-01	nan	5.712502257802043112e-03	3.484104296257397541e-03	4.611343255400455294e-04
nan	4.531200000000000045e+02	4.531200000000000228e-01	nan	6.032908550196225406e-03	3.106712520488896963e-03	4.581682692657364523e-04
nan	4.574800000000000182e+02	4.574800000000000533e-01	nan	6.603339544517439555e-03	3.095662845492238614e-03	4.704395025353225049e-04
nan	4.689199999999999591e+02	4.689200000000000590e-01	nan	6.530536388927430172e-03	3.278161003923406227e-03	4.513939328870876402e-04
nan	4.758799999999999955e+02	4.758799999999999697e-01	nan	7.575974044657414128e-03	3.301514399641094274e-03	4.586171437337739913e-04
nan	4.913600000000000136e+02	4.913599999999999635e-01	nan	7.610457790287909925e-03	3.116210269250659429e-03	4.674453485789635261e-04
nan	4.910399999999999636e+02	4.910400000000000320e-01	nan	8.805975854975259601e-03	3.166941418410032690e-03	4.660675941261231583e-04
nan	5.078799999999999955e+02	5.078799999999999981e-01	nan	8.751878174380181563e-03	3.117434111371423459e-03	4.638790683085305391e-04
nan	5.149199999999999591e+02	5.149199999999999333e-01	nan	9.579639588246209592e-03	3.047099753687275946e-03	4.729931258893547161e-04
nan	5.246000000000000227e+02	5.246000000000000663e-01	nan	9.973388044754756890e-03	2.946079197622510689e-03	4.652174672659196162e-04
nan	4.612399999999999523e+02	4.612399999999999278e-01	nan	1.041225826784284401e-02	2.966020112197027044e-03	4.730024050214486531e-04
nan	3.328000000000000114e+02	3.327999999999999292e-01	nan	1.036837885691056782e-02	3.042993367599992460e-03	4.933635203419594337e-04
nan	1.960799999999999841e+02	1.960800000000000043e-01	nan	1.148054631317791188e-02	2.632529179146628727e-03	5.046458308352274030e-04
nan	7.776000000000000512e+01	7.776000000000000967e-02	nan	1.091236265190673356e-02	2.637210235593965852e-03	4.877778687568284683e-04
nan	0.000000000000000000e+00	0.000000000000000000e+00	0.000000000000000000e+00	0.000000000000000000e+00	0.000000000000000000e+00	0.000000000000000000e+00
nan	0.000000000000000000e+00	0.000000000000000000e+00	0.000000000000000000e+00	0.000000000000000000e+00	0.000000000000000000e+00	0.000000000000000000e+00
nan	0.000000000000000000e+00	0.000000000000000000e+00	0.000000000000000000e+00	0.000000000000000000e+00	0.000000000000000000e+00	0.000000000000000000e+00
nan	0.000000000000000000e+00	0.000000000000000000e+00	0.000000000000000000e+00	0.000000000000000000e+00	0.000000000000000000e+00	0.000000000000000000e+00
nan	0.000000000000000000e+00	0.000000000000000000e+00	0.000000000000000000e+00	0.000000000000000000e+00	0.000000000000000000e+00	0.000000000000000000e+00
nan	0.000000000000000000e+00	0.000000000000000000e+00	0.000000000000000000e+00	0.000000000000000000e+00	0.000000000000000000e+00	0.000000000000000000e+00
nan	5.111999999999999744e+01	5.111999999999999877e-02	nan	1.160820002741047585e-04	7.342400733822959658e-03	4.122047820566049131e-04
nan	8.212000000000000455e+01	8.211999999999999855e-02	nan	2.034626738020506244e-04	6.249940868384061543e-03	3.623444338474402448e-04
nan	1.093200000000000074e+02	1.093200000000000005e-01	nan	3.236510092494882147e-04	5.950681131622483945e-03	4.102572539389494300e-04
nan	1.389200000000000159e+02	1.389199999999999879e-01	nan	4.871699414127306184e-04	5.579036853019623578e-03	4.050119707702774666e-04
nan	1.618400000000000034e+02	1.618400000000000116e-01	nan	7.040069331242193541e-04	4.674648139204061470e-03	4.216791749959916550e-04
nan	1.817599999999999909e+02	1.817600000000000049e-01	nan	7.579412402242269439e-04	4.763552792323898222e-03	4.192626316265897881e-04
nan	2.030799999999999841e+02	2.030800000000000105e-01	nan	1.061148083647367501e-03	4.295298848762521549e-03	4.137837730631336143e-04
nan	2.279199999999999875e+02	2.279200000000000392e-01	nan	1.179567867945934380e-03	4.291415730030486396e-03	4.113662416923440134e-04
nan	2.410000000000000000e+02	2.409999999999999643e-01	nan	1.440474843843730967e-03	4.113886300898227967e-03	4.294436784839953877e-04
nan	2.663600000000000136e+02	2.663599999999999857e-01	nan	1.488177542855737608e-03	4.084794558642775367e-03	4.327492265387438862e-04
nan	2.814399999999999977e+02	2.814400000000000235e-01	nan	1.577257004273633408e-03	4.104539983965036117e-03	4.366420207321537847e-04
nan	2.985600000000000023e+02	2.985600000000000476e-01	nan	2.041529514722242086e-03	3.796746059500200055e-03	4.449088893966177583e-04
nan	3.006000000000000227e+02	3.005999999999999783e-01	nan	2.314251009561303380e-03	3.799368085995603883e-03	4.458030970787470464e-04
nan	3.142400000000000091e+02	3.142399999999999638e-01	nan	2.388428590415969752e-03	3.464474981380429117e-03	4.387862327826204736e-04
nan	3.301599999999999682e+02	3.301599999999999535e-01	nan	2.568043403130104707e-03	3.443977190296360676e-03	4.445774870581801737e-04
nan	3.398000000000000114e+02	3.398000000000000465e-01	nan	3.020341844694485103e-03	3.286983553823526367e-03	4.481677643426972826e-04
nan	3.551599999999999682e+02	3.551599999999999757e-01	nan	3.087634270732451339e-03	3.571863352161218363e-03	4.459956721610985647e-04
nan	3.553999999999999773e+02	3.554000000000000492e-01	nan	3.643955119614474512e-03	3.427557453095197992e-03	4.419806794667679724e-04
nan	3.754399999999999977e+02	3.754399999999999404e-01	nan	3.781707323555565190e-03	3.542888661789935032e-03	4.499952634309828284e-04
nan	3.751200000000000045e+02	3.751200000000000090e-01	nan	4.011603640083194651e-03	3.350153388303854594e-03	4.521531879595509784e-04
nan	3.891200000000000045e+02	3.891200000000000214e-01	nan	3.910410589960520121e-03	3.234410644183338679e-03	4.503541630379853796e-04
nan	3.915199999999999818e+02	3.915199999999999791e-01	nan	4.841221415235850631e-03	3.242746217162060379e-03	4.489721891103104837e-04
nan	4.129199999999999591e+02	4.129200000000000093e-01	nan	5.348909125605131980e-03	3.079711768594138154e-03	4.596551902351309819e-04
nan	4.069599999999999795e+02	4.069599999999999329e-01	nan	5.265794385386470856e-03	2.940401754642992232e-03	4.581802702948208485e-04
nan	4.225600000000000591e+02	4.225599999999999912e-01	nan	5.731198985522496792e-03	3.017678456535198301e-03	4.502626668828117696e-04
nan	4.353999999999999773e+02	4.354000000000000092e-01	nan	5.946854393559988100e-03	3.004773894351089793e-03	4.643569674493754637e-04
nan	4.392399999999999523e+02	4.392400000000000193e-01	nan	6.142642299191721118e-03	2.932988434013186155e-03	4.574454327797243926e-04
nan	4.443600000000000136e+02	4.443600000000000882e-01	nan	6.894147593602610417e-03	3.126973648155555174e-03	4.488955259884438716e-04
nan	4.615600000000000591e+02	4.615600000000000813e-01	nan	7.358910546990955759e-03	3.168127915206777299e-03	4.559831514559894343e-04
nan	4.587600000000000477e+02	4.587600000000000011e-01	nan	7.455333705402153108e-03	2.975494446816199894e-03	4.560899480096164632e-04
nan	4.697199999999999704e+02	4.697200000000000264e-01	nan	7.595092823157756703e-03	3.064253701747733129e-03	4.584761807989501175e-04
nan	4.654800000000000182e+02	4.654800000000000049e-01	nan	8.563473378080744061e-03	3.006011769850772813e-03	4.511091431711401929e-04
nan	4.801600000000000250e+02	4.801600000000000312e-01	nan	8.542350095640357382e-03	2.881611396703506918e-03	4.530457309129338117e-04
nan	4.974800000000000182e+02	4.974800000000000333e-01	nan	9.332265610555622731e-03	2.924330012631775558e-03	4.686565662196101731e-04
nan	4.853199999999999932e+02	4.853200000000000292e-01	nan	9.198910141849410069e-03	2.838542352557714248e-03	4.530123723648940516e-04
nan	5.075199999999999818e+02	5.075199999999999712e-01	nan	9.302367370783031636e-03	3.061556574550314443e-03	4.701521369610154938e-04
nan	5.099600000000000364e+02	5.099599999999999689e-01	nan	1.009619816926715305e-02	2.915446127752598787e-03	4.539212521419628871e-04
nan	5.136000000000000227e+02	5.136000000000000565e-01	nan	1.040548804491663731e-02	2.787088543605144905e-03	4.543785051076826417e-04
nan	5.173999999999999773e+02	5.174000000000000821e-01	nan	1.113355389029493415e-02	2.843147649781972881e-03	4.547475869693669119e-04
nan	4.007999999999999829e+01	4.007999999999999757e-02	nan	8.996858487819281002e-05	6.844689333641106217e-03	3.468172712240214016e-04
nan	5.443999999999999773e+01	5.444000000000000228e-02	nan	1.537557884239504151e-04	6.452188751411340462e-03	3.987179105330028212e-04
nan	7.576000000000000512e+01	7.576000000000000789e-02	nan	1.950854871518004053e-04	5.393466399717110511e-03	3.882754879071637728e-04
nan	9.276000000000000512e+01	9.275999999999999523e-02	nan	3.507544330443579102e-04	5.483294371864452094e-03	4.153517427502662410e-04
nan	1.107199999999999989e+02	1.107199999999999990e-01	nan	4.294680616908408194e-04	4.630677904644831845e-03	4.191024194437292338e-04
nan	1.292800000000000011e+02	1.292800000000000060e-01	nan	6.019673451964991165e-04	5.020623434255909109e-03	4.258727670376267105e-04
nan	1.453599999999999852e+02	1.453599999999999892e-01	nan	6.578083762906317524e-04	4.261447815732601931e-03	4.302277706620800902e-04
nan	1.574799999999999898e+02	1.574800000000000089e-01	nan	7.660114921304738865e-04	4.410340196379904966e-03	4.359614263420160079e-04
nan	1.751200000000000045e+02	1.751199999999999979e-01	nan	8.517614699007936560e-04	4.257139525676207487e-03	4.205205565350328130e-04
nan	1.890400000000000205e+02	1.890400000000000136e-01	nan	1.104776025113096737e-03	3.726475238390371172e-03	4.194557546424437506e-04
nan	2.041200000000000045e+02	2.041199999999999959e-01	nan	1.183100433922845652e-03	3.912601477094253787e-03	4.278702205758847139e-04
nan	2.110800000000000125e+02	2.110800000000000176e-01	nan	1.342781211797045970e-03	3.666994483763214626e-03	4.352716936370070312e-04
nan	2.256400000000000148e+02	2.256400000000000072e-01	nan	1.603692109379153182e-03	3.796078243593646595e-03	4.395540786808145627e-04
nan	2.324399999999999977e+02	2.324399999999999800e-01	nan	1.677057290044103779e-03	3.685077923134786639e-03	4.429623640831531440e-04
nan	2.437599999999999909e+02	2.437599999999999767e-01	nan	1.812403090775660617e-03	3.473204512725391793e-03	4.366138883820256875e-04
nan	2.549599999999999795e+02	2.549600000000000199e-01	nan	2.107294857546548970e-03	3.336943956550747666e-03	4.296524388573967515e-04
nan	2.622400000000000091e+02	2.622399999999999731e-01	nan	2.336955986402244976e-03	3.326409653023525235e-03	4.377216636708523975e-04
nan	2.703999999999999773e+02	2.703999999999999737e-01	nan	2.564698208866502457e-03	3.447253135138620729e-03	4.385878658930470364e-04
nan	2.876800000000000068e+02	2.876800000000000468e-01	nan	2.717061130210822809e-03	3.394613968363789647e-03	4.449910855335010131e-04
nan	2.921200000000000045e+02	2.921199999999999908e-01	nan	2.547472050064243394e-03	3.393128388269551522e-03	4.375405006815984372e-04
nan	2.951999999999999886e+02	2.952000000000000179e-01	nan	3.147816641503595799e-03	3.006805261642647633e-03	4.494436724040150083e-04
nan	3.114399999999999977e+02	3.114399999999999946e-01	nan	3.306277278170455247e-03	3.250887032885649112e-03	4.458268137176464021e-04
nan	3.113600000000000136e+02	3.113599999999999701e-01	nan	3.470631960562968639e-03	3.223303148076371756e-03	4.463203711454049867e-04
nan	3.281599999999999682e+02	3.281600000000000072e-01	nan	3.656471217072976461e-03	3.168577645355497019e-03	4.482739620553927162e-04
nan	3.358799999999999955e+02	3.358800000000000119e-01	nan	3.911163020720778011e-03	3.145935600097044850e-03	4.479609621637648540e-04
nan	3.416800000000000068e+02	3.416799999999999837e-01	nan	4.451424904127634571e-03	3.256362369193106700e-03	4.605966121365476337e-04
nan	3.511999999999999886e+02	3.511999999999999567e-01	nan	4.325406593161460443e-03	3.322373208355785309e-03	4.494386237393132666e-04
nan	3.546800000000000068e+02	3.546799999999999953e-01	nan	4.566727121036819916e-03	3.029178324925205223e-03	4.393721391280112974e-04
nan	3.544800000000000182e+02	3.544800000000000173e-01	nan	5.101695362800455318e-03	2.830599078960026067e-03	4.365197747284860208e-04
nan	3.708799999999999955e+02	3.708799999999999875e-01	nan	5.236083846430119454e-03	3.257166568701462366e-03	4.438379640071423815e-04
nan	3.723199999999999932e+02	3.723199999999999843e-01	nan	5.448725431124330429e-03	2.997550706139701700e-03	4.582020590597514487e-04
nan	3.698799999999999955e+02	3.698799999999999866e-01	nan	5.427269697784140555e-03	3.046746630417935219e-03	4.507646241744604721e-04
nan	3.903600000000000136e+02	3.903599999999999848e-01	nan	5.634244221828339609e-03	3.023490729543220311e-03	4.462500606658184295e-04
nan	3.830800000000000409e+02	3.830799999999999761e-01	nan	6.123345173955385343e-03	3.009686104978291817e-03	4.467434887095422238e-04
nan	3.951200000000000045e+02	3.951200000000000268e-01	nan	6.429540732779059735e-03	2.645710042356321477e-03	4.449974721491700572e-04
nan	3.995600000000000023e+02	3.995599999999999707e-01	nan	6.666379548023541532e-03	2.990024340500587342e-03	4.563808744088972765e-04
nan	4.005600000000000023e+02	4.005599999999999161e-01	nan	6.809507988573386579e-03	2.959750331523986790e-03	4.630558872043192653e-04
nan	4.085600000000000023e+02	4.085600000000000342e-01	nan	7.228402643959271415e-03	2.912515982266516024e-03	4.583913594566130169e-04
nan	4.105199999999999818e+02	4.105199999999998850e-01	nan	7.436774829975548520e-03	3.030681610071917810e-03	4.587615384439717764e-04
nan	5.767999999999999261e+01	5.767999999999999516e-02	nan	1.572600506284515946e-04	7.851030821632524331e-03	3.341724493065487654e-04
nan	9.100000000000000000e+01	9.100000000000001144e-02	nan	3.053214707949791730e-04	7.184096487560189329e-03	3.095485339084985059e-04
nan	1.193200000000000074e+02	1.193200000000000094e-01	nan	4.506087480706355672e-04	6.053803549134515599e-03	3.375654387330714770e-04
nan	1.458000000000000114e+02	1.457999999999999852e-01	nan	5.898394585835830964e-04	5.344700771572875875e-03	3.198151120858617916e-04
nan	1.702400000000000091e+02	1.702400000000000024e-01	nan	7.861687862941834758e-04	4.825155003681901381e-03	3.462144452049893727e-04
nan	1.864000000000000057e+02	1.864000000000000101e-01	nan	1.086834703094155009e-03	4.590263931682152243e-03	3.408391685971752906e-04
nan	2.109199999999999875e+02	2.109199999999999964e-01	nan	1.157901576361837189e-03	4.634350281114170758e-03	3.331901348526518586e-04
nan	2.231599999999999966e+02	2.231600000000000250e-01	nan	1.579197754356300581e-03	4.206435263488716644e-03	3.396328456005415501e-04
nan	2.306800000000000068e+02	2.306799999999999962e-01	nan	1.676987622627166413e-03	4.238518975543823820e-03	3.558739418191586177e-04
nan	2.506400000000000148e+02	2.506400000000000294e-01	nan	2.098961877300098335e-03	4.203588843449933450e-03	3.586732807457753140e-04
nan	2.568799999999999955e+02	2.568799999999999972e-01	nan	2.227511869209592918e-03	3.777318386105556810e-03	3.597153400212351609e-04
nan	2.752400000000000091e+02	2.752400000000000402e-01	nan	2.261400945121749741e-03	3.624486161980431352e-03	3.555579764000920155e-04
nan	2.812800000000000296e+02	2.812800000000000300e-01	nan	2.835979188444070868e-03	3.681428943817488617e-03	3.577166041068149754e-04
nan	2.938000000000000114e+02	2.938000000000000056e-01	nan	2.966659864728171843e-03	3.513534218571175063e-03	3.627708317070745198e-04
nan	3.050000000000000000e+02	3.049999999999999933e-01	nan	3.363738770308373309e-03	3.424583495751316875e-03	3.620834343343993069e-04
nan	3.177199999999999704e+02	3.177200000000000024e-01	nan	3.581052291833657000e-03	3.717580903056819704e-03	3.561805679802778767e-04
nan	3.168799999999999955e+02	3.168799999999999950e-01	nan	3.966552997662802123e-03	3.418423017712599911e-03	3.661976428305098149e-04
nan	3.368000000000000114e+02	3.367999999999999883e-01	nan	4.057299960809359479e-03	3.278510584668199810e-03	3.570595806491456926e-04
nan	3.419599999999999795e+02	3.419600000000000417e-01	nan	4.464228871893283039e-03	3.372091021333075735e-03	3.636908912715806907e-04
nan	3.520000000000000000e+02	3.520000000000000351e-01	nan	4.632439505012371679e-03	3.221156961271191312e-03	3.690672916801582661e-04
nan	3.603999999999999773e+02	3.603999999999999981e-01	nan	5.132305945116968394e-03	2.973598366853127343e-03	3.632966118719885003e-04
nan	3.655600000000000023e+02	3.655599999999999961e-01	nan	5.253124624032353210e-03	3.261643521890687184e-03	3.652292643157591763e-04
nan	3.736000000000000227e+02	3.735999999999999877e-01	nan	5.453937783713626829e-03	2.942711272496260563e-03	3.659207076930151852e-04
nan	3.816000000000000227e+02	3.815999999999999948e-01	nan	6.349390438908812835e-03	3.259311055853490648e-03	3.657828933174778131e-04
nan	3.928000000000000114e+02	3.927999999999999825e-01	nan	5.869580405433226164e-03	3.226543073426413506e-03	3.708669251715340787e-04
nan	3.966399999999999864e+02	3.966399999999999926e-01	nan	6.294674172013401021e-03	3.020829516464048660e-03	3.699751496411566513e-04
nan	3.969599999999999795e+02	3.969599999999999795e-01	nan	7.088268827701540986e-03	3.146615507649621300e-03	3.779008323948760328e-04
nan	4.140399999999999636e+02	4.140399999999999636e-01	nan	8.205573033947075046e-03	2.898681643028499112e-03	3.662926656867646047e-04
nan	4.206800000000000068e+02	4.206799999999999429e-01	nan	7.939496647559281250e-03	3.112518812209265004e-03	3.738494513584965763e-04
nan	3.665199999999999818e+02	3.665200000000000125e-01	nan	8.344991528729224853e-03	2.986170671351295967e-03	3.786130762180995148e-04
nan	2.634800000000000182e+02	2.634800000000000475e-01	nan	8.791475930192974714e-03	2.862684610556983332e-03	3.908357347919792909e-04
nan	1.608799999999999955e+02	1.608799999999999952e-01	nan	8.558319471803769660e-03	2.966554524548173279e-03	3.975375971993671056e-04
nan	5.979999999999999716e+01	5.979999999999999899e-02	nan	9.411665259440269229e-03	2.924504751255298067e-03	4.072717306260034481e-04
nan	0.000000000000000000e+00	0.000000000000000000e+00	0.000000000000000000e+00	0.000000000000000000e+00	0.000000000000000000e+00	0.000000000000000000e+00
nan	0.000000000000000000e+00	0.000000000000000000e+00	0.000000000000000000e+00	0.000000000000000000e+00	0.000000000000000000e+00	0.000000000000000000e+00
nan	0.000000000000000000e+00	0.000000000000000000e+00	0.000000000000000000e+00	0.000000000000000000e+00	0.000000000000000000e+00	0.000000000000000000e+00
nan	0.000000000000000000e+00	0.000000000000000000e+00	0.000000000000000000e+00	0.000000000000000000e+00	0.000000000000000000e+00	0.000000000000000000e+00
nan	0.000000000000000000e+00	0.000000000000000000e+00	0.000000000000000000e+00	0.000000000000000000e+00	0.000000000000000000e+00	0.000000000000000000e+00
nan	0.000000000000000000e+00	0.000000000000000000e+00	0.000000000000000000e+00	0.000000000000000000e+00	0.000000000000000000e+00	0.000000000000000000e+00
nan	4.035999999999999943e+01	4.036000000000000698e-02	nan	1.163028356546647003e-04	7.844184205420778183e-03	2.851928390017200712e-04
nan	6.167999999999999261e+01	6.167999999999999872e-02	nan	1.915244853466901835e-04	5.825981144104706508e-03	3.251458200472425591e-04
nan	8.279999999999999716e+01	8.279999999999999860e-02	nan	2.656888415947378365e-04	6.211058997864659162e-03	3.298736315606405406e-04
nan	1.078799999999999955e+02	1.078800000000000037e-01	nan	3.918291841068821430e-04	5.074559617679426891e-03	3.193552038694252556e-04
nan	1.231200000000000045e+02	1.231200000000000072e-01	nan	5.169328954912089666e-04	4.735332906895620315e-03	3.159886927028487057e-04
nan	1.460000000000000000e+02	1.460000000000000187e-01	nan	7.479923792561749170e-04	4.269029581302689717e-03	3.263964083060941321e-04
nan	1.567199999999999989e+02	1.567200000000000260e-01	nan	8.463683836748715078e-04	4.248562248167662633e-03	3.233891872774748220e-04
nan	1.778799999999999955e+02	1.778799999999999826e-01	nan	9.322166599213232421e-04	4.530342281179369421e-03	3.369762000096623768e-04
nan	1.894799999999999898e+02	1.894800000000000095e-01	nan	1.163013935965864342e-03	3.732417582310761702e-03	3.308321166019978390e-04
nan	2.085199999999999818e+02	2.085199999999999554e-01	nan	1.431036849162410206e-03	3.961371868984149384e-03	3.240183371541661582e-04
nan	2.233599999999999852e+02	2.233600000000000030e-01	nan	1.502203799586823100e-03	3.666213582227709818e-03	3.349064277061636124e-04
nan	2.350400000000000205e+02	2.350399999999999989e-01	nan	1.617094253797404010e-03	3.728674741894757397e-03	3.286179504543186710e-04
nan	2.392800000000000296e+02	2.392799999999999927e-01	nan	1.800135765461163872e-03	3.625895340214383648e-03	3.452030554546160865e-04
nan	2.550000000000000000e+02	2.550000000000000044e-01	nan	2.222405251568488910e-03	3.560569647076847373e-03	3.478790768912369156e-04
nan	2.646399999999999864e+02	2.646400000000000419e-01	nan	2.316223852308212355e-03	3.532643692899208737e-03	3.527743055587398034e-04
nan	2.717599999999999909e+02	2.717600000000000016e-01	nan	2.508012857115317958e-03	3.544059815214291483e-03	3.528750766588616031e-04
nan	2.772400000000000091e+02	2.772400000000000420e-01	nan	2.816509430290352854e-03	3.489014277096995874e-03	3.604806618251244800e-04
nan	2.826800000000000068e+02	2.826799999999999868e-01	nan	3.036258349879972229e-03	3.529451994452953434e-03	3.426425062799819034e-04
nan	2.976800000000000068e+02	2.976800000000000002e-01	nan	3.231742075508918684e-03	2.976243694416391521e-03	3.606110994038692983e-04
nan	2.995600000000000023e+02	2.995600000000000485e-01	nan	3.305688476320937756e-03	3.022702051454832090e-03	3.491297610758453012e-04
nan	3.110400000000000205e+02	3.110399999999999832e-01	nan	3.675532547158581916e-03	3.065625224072718921e-03	3.525809175412251972e-04
nan	3.261599999999999682e+02	3.261600000000000055e-01	nan	3.985105614210624272e-03	3.238292593335227124e-03	3.616645459252582182e-04
nan	3.248000000000000114e+02	3.248000000000000331e-01	nan	4.023606013961398761e-03	3.322206226365394168e-03	3.608538925661194940e-04
nan	3.297599999999999909e+02	3.297599999999999976e-01	nan	4.711589728967737270e-03	3.485989904999702016e-03	3.532073590071763852e-04
nan	3.355199999999999818e+02	3.355199999999999849e-01	nan	5.000644803640171172e-03	3.339747984295327651e-03	3.625991952263522443e-04
nan	3.435600000000000023e+02	3.435599999999999765e-01	nan	5.293032638082876933e-03	3.318651704187483651e-03	3.677814392266982738e-04
nan	3.579199999999999591e+02	3.579200000000000159e-01	nan	5.571090709372584007e-03	3.025113952585649531e-03	3.633632972796624317e-04
nan	3.573600000000000136e+02	3.573600000000000110e-01	nan	5.381198199729623696e-03	3.070875618150041390e-03	3.619901690660494854e-04
nan	3.611599999999999682e+02	3.611600000000000366e-01	nan	5.323239530216596765e-03	3.076893445535379239e-03	3.596801028595609552e-04
nan	3.666399999999999864e+02	3.666400000000000214e-01	nan	6.539043094608132552e-03	2.921476594291573959e-03	3.587993376706255424e-04
nan	3.731200000000000045e+02	3.731200000000000072e-01	nan	6.275934994537238527e-03	2.856038661464481692e-03	3.724308364537618691e-04
nan	3.788400000000000318e+02	3.788400000000000101e-01	nan	5.915962381186546173e-03	2.804428087103318350e-03	3.713988409522735808e-04
nan	3.797599999999999909e+02	3.797599999999999865e-01	nan	7.176264406798508848e-03	3.005278796806666770e-03	3.635710302046505542e-04
nan	3.924399999999999977e+02	3.924400000000000110e-01	nan	7.028930038177350244e-03	3.066164537287190562e-03	3.661533228605578171e-04
nan	3.989199999999999591e+02	3.989200000000000523e-01	nan	7.450295578655641640e-03	2.690177089240563049e-03	3.640556989508780339e-04
nan	4.019599999999999795e+02	4.019600000000000395e-01	nan	7.685216488516744340e-03	2.832148421842754348e-03	3.697472273027178490e-04
nan	4.087199999999999704e+02	4.087200000000000277e-01	nan	8.296990548824396267e-03	2.689397606834204035e-03	3.694647272629474131e-04
nan	4.098399999999999750e+02	4.098399999999999821e-01	nan	8.090204071104381209e-03	2.679746176312953598e-03	3.681668246032850263e-04
nan	4.162800000000000296e+02	4.162799999999999834e-01	nan	8.606280968333521880e-03	2.959841303907274727e-03	3.639071459782619871e-04
nan	2.680000000000000071e+01	2.680000000000000090e-02	nan	6.997456216367936794e-05	7.761252530443565542e-03	2.732275581596024859e-04
nan	4.735999999999999943e+01	4.736000000000000626e-02	nan	1.584413102693815810e-04	5.681136485572220278e-03	3.050710867201853068e-04
nan	5.835999999999999943e+01	5.836000000000000215e-02	nan	2.167003167107850480e-04	6.136093171827001862e-03	3.159516544409382067e-04
nan	7.547999999999998977e+01	7.548000000000000542e-02	nan	3.017176945286337265e-04	5.001419837247159626e-03	3.376471176749118626e-04
nan	9.143999999999999773e+01	9.143999999999999351e-02	nan	3.461523131863942062e-04	4.970433094176760803e-03	3.420521229366608215e-04
nan	9.896000000000000796e+01	9.896000000000000629e-02	nan	4.344496123349017515e-04	4.254419984807533868e-03	3.236999531986939046e-04
nan	1.161599999999999966e+02	1.161599999999999994e-01	nan	6.022765660281948060e-04	4.593787586911183933e-03	3.206447552666758351e-04
nan	1.219599999999999937e+02	1.219600000000000267e-01	nan	7.511357064049662031e-04	3.656518371417580814e-03	3.232366456527304647e-04
nan	1.408000000000000114e+02	1.407999999999999807e-01	nan	7.359171190819324606e-04	3.989833490301825103e-03	3.341205759844370453e-04
nan	1.515200000000000102e+02	1.515199999999999880e-01	nan	1.004704484189460371e-03	4.292503526361952752e-03	3.547067397228584221e-04
nan	1.582400000000000091e+02	1.582399999999999918e-01	nan	1.184405737972156177e-03	3.565822837993545824e-03	3.452596812271550852e-04
nan	1.681200000000000045e+02	1.681199999999999917e-01	nan	1.289214666680891163e-03	3.596848936747071117e-03	3.368011119557698667e-04
nan	1.774799999999999898e+02	1.774799999999999711e-01	nan	1.280561085791305205e-03	3.813638451637715778e-03	3.498094382033388743e-04
nan	1.859200000000000159e+02	1.859200000000000019e-01	nan	1.537224812309432188e-03	3.585350032905872206e-03	3.402287191705860754e-04
nan	1.956800000000000068e+02	1.956799999999999928e-01	nan	1.680321836356597504e-03	3.816613528883132551e-03	3.422117752896423610e-04
nan	2.043199999999999932e+02	2.043200000000000016e-01	nan	1.778807008022340692e-03	3.419796868400799741e-03	3.373134587515965528e-04
nan	2.105999999999999943e+02	2.106000000000000372e-01	nan	2.142337180257527455e-03	3.562847587536247147e-03	3.605916591766039842e-04
nan	2.264399999999999977e+02	2.264400000000000301e-01	nan	2.123630624205361493e-03	3.669218746349648015e-03	3.537450914238090974e-04
nan	2.300400000000000205e+02	2.300400000000000222e-01	nan	2.326346788731825481e-03	3.391262805248444236e-03	3.450998169833062262e-04
nan	2.391999999999999886e+02	2.391999999999999960e-01	nan	2.346464711426961107e-03	3.137595367616416442e-03	3.639449684776241032e-04
nan	2.415600000000000023e+02	2.415599999999999969e-01	nan	2.564675202229409635e-03	3.151970543067142937e-03	3.421407989616847894e-04
nan	2.465199999999999818e+02	2.465200000000000169e-01	nan	2.883561606940930003e-03	3.100157051874981827e-03	3.490587187721398612e-04
nan	2.553199999999999932e+02	2.553199999999999359e-01	nan	3.147966955639276785e-03	3.133736802715297691e-03	3.614864726319205811e-04
nan	2.592400000000000091e+02	2.592400000000000260e-01	nan	3.218726667791997793e-03	3.160853847779833241e-03	3.559550858169503642e-04
nan	2.681999999999999886e+02	2.681999999999999940e-01	nan	3.451797005955085755e-03	3.100969921486233533e-03	3.607231648498999748e-04
nan	2.730400000000000205e+02	2.730400000000000604e-01	nan	3.614080573552200942e-03	2.877593956230950663e-03	3.564747918956308456e-04
nan	2.810400000000000205e+02	2.810400000000000120e-01	nan	3.898343569826465821e-03	3.038040844898125953e-03	3.649788966732921635e-04
nan	2.818000000000000114e+02	2.817999999999999949e-01	nan	4.016540180018637017e-03	2.947980786376957259e-03	3.512045015010667286e-04
nan	2.830800000000000409e+02	2.830799999999999983e-01	nan	3.792033153440570355e-03	2.912325462061671373e-03	3.586002816255976682e-04
nan	2.917199999999999704e+02	2.917200000000000348e-01	nan	4.653566707493154812e-03	2.927174117719996780e-03	3.691110008409532127e-04
nan	2.994399999999999977e+02	2.994400000000000395e-01	nan	4.263092566579871137e-03	3.028836341469300780e-03	3.489561784057986361e-04
nan	2.950000000000000000e+02	2.950000000000000400e-01	nan	4.601606095520764314e-03	3.011045481948444215e-03	3.660565241933954163e-04
nan	3.046399999999999864e+02	3.046400000000000219e-01	nan	4.663064432734244889e-03	2.706784884852108091e-03	3.582075588029418338e-04
nan	3.146000000000000227e+02	3.145999999999999908e-01	nan	5.111376855511480174e-03	2.910959431861780567e-03	3.647365878977200881e-04
nan	3.210800000000000409e+02	3.210800000000000320e-01	nan	5.363056777941892055e-03	2.874243578291880378e-03	3.658229616565183279e-04
nan	3.274399999999999977e+02	3.274400000000000088e-01	nan	5.584815549527775633e-03	3.037300669889337734e-03	3.673666048508277275e-04
nan	3.231200000000000045e+02	3.231199999999999628e-01	nan	5.893498407895094923e-03	2.971434285292452217e-03	3.644553082916315552e-04
nan	3.242800000000000296e+02	3.242800000000000127e-01	nan	5.752391463211097011e-03	2.855159256369427766e-03	3.772335158181034384e-04
nan	3.288400000000000318e+02	3.288400000000000212e-01	nan	6.383956766594564396e-03	2.775959302369122514e-03	3.663325213702056638e-04
