# SourcePhotonFlux	NumberRaysSurvived	PercentageRaysSurvived	PhotonFlux	Bandwidth	HorizontalFocusFWHM	VerticalFocusFWHM
nan	1.653750000000000000e+02	1.653749999999999942e-01	nan	4.535933393707836103e-04	1.882021696847111999e-02	1.030365136535817258e-03
nan	2.211250000000000000e+02	2.211249999999999882e-01	nan	8.101049304460872236e-04	1.708842849411710066e-02	1.030580469981025576e-03
nan	2.535625000000000000e+02	2.535625000000000240e-01	nan	1.144432293116892652e-03	1.756171861040727727e-02	1.013640790029873232e-03
nan	2.873125000000000000e+02	2.873124999999999707e-01	nan	1.575259173716148098e-03	1.668656480775269554e-02	1.061862509664939381e-03
nan	3.230000000000000000e+02	3.230000000000000093e-01	nan	1.779303673416166021e-03	1.584635333053305284e-02	1.066124651081440822e-03
nan	3.572500000000000000e+02	3.572500000000000120e-01	nan	1.979433496494209521e-03	1.636633723660996589e-02	1.070907334002092325e-03
nan	3.745000000000000000e+02	3.745000000000000551e-01	nan	2.628736216600202624e-03	1.605732986994311273e-02	1.082319010358749655e-03
nan	3.989375000000000000e+02	3.989374999999999449e-01	nan	2.599634452735699597e-03	1.640961104262439810e-02	1.049406984060121274e-03
nan	4.228750000000000000e+02	4.228750000000000009e-01	nan	3.445018643493114041e-03	1.742403043061492227e-02	1.067653406006978910e-03
nan	4.425625000000000000e+02	4.425624999999999698e-01	nan	3.591587828886133593e-03	1.634595897966680672e-02	1.061255265095337923e-03
nan	4.686875000000000000e+02	4.686874999999999791e-01	nan	3.729564071377922119e-03	1.645990507516649493e-02	1.071756151283451575e-03
nan	4.822500000000000000e+02	4.822499999999999565e-01	nan	4.588456976499344364e-03	1.585369628367921599e-02	1.049279482579224595e-03
nan	5.071875000000000000e+02	5.071875000000000133e-01	nan	4.859082815201531957e-03	1.413984134371622757e-02	1.077779102209420244e-03
nan	5.229375000000000000e+02	5.229374999999999440e-01	nan	5.730128732366779332e-03	1.693402627516676223e-02	1.079649170625408567e-03
nan	5.402500000000000000e+02	5.402500000000000080e-01	nan	5.293593630625537116e-03	1.678680703037400621e-02	1.067466930828009494e-03
nan	5.510000000000000000e+02	5.509999999999999343e-01	nan	5.967779027457709162e-03	1.615129919962494248e-02	1.067356009833384314e-03
nan	5.747500000000000000e+02	5.747499999999999831e-01	nan	6.510178352947093572e-03	1.684678421238876289e-02	1.082775123384381068e-03
nan	5.894375000000000000e+02	5.894375000000000586e-01	nan	6.925834225029348090e-03	1.551007357666183556e-02	1.074096211479457072e-03
nan	5.964375000000000000e+02	5.964375000000000648e-01	nan	7.080256762080239241e-03	1.679061171817444048e-02	1.076826967130870743e-03
nan	6.231875000000000000e+02	6.231875000000000053e-01	nan	7.439806266589243933e-03	1.650010496620767791e-02	1.096126236540231631e-03
nan	6.242500000000000000e+02	6.242499999999999716e-01	nan	8.429177530402398588e-03	1.667505481973161410e-02	1.079637236275211680e-03
nan	6.433750000000000000e+02	6.433750000000000302e-01	nan	9.298920904882379546e-03	1.719808059371023823e-02	1.089864520417568265e-03
nan	6.493125000000000000e+02	6.493124999999999591e-01	nan	9.224946723719540387e-03	1.645379449712737127e-02	1.049663458908864627e-03
nan	6.777500000000000000e+02	6.777500000000000746e-01	nan	1.032096573104013260e-02	1.636198968506994908e-02	1.058737193118657700e-03
nan	6.935625000000000000e+02	6.935624999999999707e-01	nan	1.019743594203248449e-02	1.760574939589082052e-02	1.082822929272742735e-03
nan	7.021875000000000000e+02	7.021874999999999645e-01	nan	1.094254247414028214e-02	1.682417374188571388e-02	1.078561960802721905e-03
nan	7.033125000000000000e+02	7.033125000000000071e-01	nan	1.165494506666675534e-02	1.703220429097978411e-02	1.075280520570926499e-03
nan	7.256250000000000000e+02	7.256249999999999645e-01	nan	1.239461684497200622e-02	1.602875754052392882e-02	1.071797949671429370e-03
nan	7.448750000000000000e+02	7.448750000000000648e-01	nan	1.314479965556358820e-02	1.703911682167139410e-02	1.075576395262171263e-03
nan	7.513750000000000000e+02	7.513749999999999041e-01	nan	1.386439782798731812e-02	1.493441302276749504e-02	1.078698284265983912e-03
nan	7.686875000000000000e+02	7.686875000000000790e-01	nan	1.448453580646003047e-02	1.688425765375983073e-02	1.060797461675874439e-03
nan	7.713125000000000000e+02	7.713124999999999565e-01	nan	1.522394684224082084e-02	1.580174945683653770e-02	1.090496223251622310e-03
nan	7.870000000000000000e+02	7.869999999999999218e-01	nan	1.485986906479297431e-02	1.620986791569117846e-02	1.092039414480378782e-03
nan	7.938750000000000000e+02	7.938750000000001084e-01	nan	1.536249698459357660e-02	1.615057320316739750e-02	1.080746574022828452e-03
nan	8.109375000000000000e+02	8.109374999999998668e-01	nan	1.681480202779539468e-02	1.679104105798617796e-02	1.092785460520725267e-03
nan	8.245625000000000000e+02	8.245624999999999760e-01	nan	1.718400414375764740e-02	1.567809121223988356e-02	1.079697615106036323e-03
nan	8.288125000000000000e+02	8.288125000000000631e-01	nan	1.766563205954696514e-02	1.687276556197178645e-02	1.093580619637752813e-03
nan	8.405000000000000000e+02	8.405000000000000249e-01	nan	1.896965230231728583e-02	1.611943602774420017e-02	1.081871220640481454e-03
nan	8.517500000000000000e+02	8.517500000000000071e-01	nan	2.007222402525599136e-02	1.590066823367584925e-02	1.096729367244736204e-03
nan	1.345625000000000000e+02	1.345624999999999738e-01	nan	4.815025854485455170e-04	1.914040238885304085e-02	7.972166838028430218e-04
nan	1.784375000000000000e+02	1.784375000000000266e-01	nan	8.274937745387234145e-04	1.789822070679135402e-02	8.344442252818616828e-04
nan	2.140625000000000000e+02	2.140624999999999889e-01	nan	1.035723547657241284e-03	1.496605835161094779e-02	8.480503556078488724e-04
nan	2.376250000000000000e+02	2.376250000000000029e-01	nan	1.459234965274447404e-03	1.710653133921332184e-02	8.689841995506486288e-04
nan	2.683750000000000000e+02	2.683749999999999747e-01	nan	1.681034880192555647e-03	1.765489763784316990e-02	8.704077290579494445e-04
nan	2.927500000000000000e+02	2.927500000000000102e-01	nan	2.011221288086062486e-03	1.574540476290073321e-02	8.785558641736089134e-04
nan	3.121250000000000000e+02	3.121249999999999858e-01	nan	2.164576692550213011e-03	1.553965460045554810e-02	8.734283092897948252e-04
nan	3.267500000000000000e+02	3.267499999999999849e-01	nan	2.585064592075525525e-03	1.737524962681487317e-02	9.038731689540302613e-04
nan	3.562500000000000000e+02	3.562500000000000111e-01	nan	2.745868375075843915e-03	1.592934259571661751e-02	8.893287151608838485e-04
nan	3.700625000000000000e+02	3.700625000000000164e-01	nan	3.353402167235230991e-03	1.422232923278102419e-02	8.994409597778629199e-04
nan	3.811875000000000000e+02	3.811875000000000124e-01	nan	3.576080057328567818e-03	1.714866962142884074e-02	8.916714836122678753e-04
nan	3.970000000000000000e+02	3.970000000000000195e-01	nan	3.953131705578982746e-03	1.673068110037457396e-02	9.009076800841251363e-04
nan	4.095000000000000000e+02	4.094999999999999751e-01	nan	4.137482175927686967e-03	1.609645929182830157e-02	8.699946550998787680e-04
nan	4.274375000000000000e+02	4.274375000000000258e-01	nan	4.714451859769042130e-03	1.695282870788698826e-02	8.786390143913946123e-04
nan	4.391875000000000000e+02	4.391875000000000084e-01	nan	5.132836401983809083e-03	1.561189950792312917e-02	9.006583377516659723e-04
nan	4.562500000000000000e+02	4.562499999999999334e-01	nan	5.548914012990735500e-03	1.661077668882767616e-02	8.856054455857837945e-04
nan	4.715000000000000000e+02	4.715000000000000302e-01	nan	6.142009273780502099e-03	1.654176477404984552e-02	8.899497394701089657e-04
nan	4.881875000000000000e+02	4.881874999999999964e-01	nan	6.624774622444817851e-03	1.465826239881985391e-02	8.862892616344631835e-04
nan	5.065000000000000000e+02	5.064999999999999503e-01	nan	6.924268165221292293e-03	1.658548236386817032e-02	8.851204239810083786e-04
nan	5.188750000000000000e+02	5.188749999999999751e-01	nan	7.594008589833833867e-03	1.549067323629371024e-02	8.938435067194568269e-04
nan	5.350000000000000000e+02	5.349999999999999201e-01	nan	7.562270680992355665e-03	1.679914812965677476e-02	8.924078481648259255e-04
nan	5.410000000000000000e+02	5.410000000000000364e-01	nan	7.860745014241388162e-03	1.620293543162402289e-02	9.093146710733863557e-04
nan	5.445625000000000000e+02	5.445625000000000604e-01	nan	8.830080391490469083e-03	1.452932576769777086e-02	9.099829953405837602e-04
nan	5.603750000000000000e+02	5.603750000000000675e-01	nan	8.515929546149436646e-03	1.605459844981282913e-02	8.789756070207514196e-04
nan	5.731250000000000000e+02	5.731249999999999956e-01	nan	9.612816805201873649e-03	1.551577877717755585e-02	9.095127798559386311e-04
nan	5.787500000000000000e+02	5.787499999999999867e-01	nan	9.438755840406543030e-03	1.637811640078014330e-02	8.881271214329500155e-04
nan	5.995000000000000000e+02	5.994999999999999218e-01	nan	1.028795663533799143e-02	1.653410254603177726e-02	8.958806480485498758e-04
nan	6.151250000000000000e+02	6.151250000000000329e-01	nan	1.184011441660004493e-02	1.699111739988185335e-02	8.841621168828263030e-04
nan	6.171250000000000000e+02	6.171249999999999236e-01	nan	1.183288383549552236e-02	1.668467419825051673e-02	9.102116774447973789e-04
nan	6.305000000000000000e+02	6.304999999999999494e-01	nan	1.273022678743984670e-02	1.634946941556003272e-02	8.854402129480386848e-04
nan	6.403125000000000000e+02	6.403125000000000622e-01	nan	1.314373669160318059e-02	1.669022050759984277e-02	8.958932207578230826e-04
nan	6.461875000000000000e+02	6.461875000000000258e-01	nan	1.391403057486684247e-02	1.759687212951401014e-02	9.070861138667726548e-04
nan	6.526875000000000000e+02	6.526874999999999760e-01	nan	1.408975986167604333e-02	1.615255822573847741e-02	8.938593149218181100e-04
nan	6.685000000000000000e+02	6.684999999999999831e-01	nan	1.336731535825208539e-02	1.672204708608472645e-02	9.096746077851800049e-04
nan	6.756875000000000000e+02	6.756874999999999964e-01	nan	1.570723689080466556e-02	1.615978887482341295e-02	9.135122436773669176e-04
nan	6.950625000000000000e+02	6.950624999999999165e-01	nan	1.589130433160335087e-02	1.639819147988156103e-02	9.000159137261163570e-04
nan	7.046250000000000000e+02	7.046250000000000568e-01	nan	1.601742883883616742e-02	1.587315545266642508e-02	9.026933725451819716e-04
nan	7.101875000000000000e+02	7.101874999999999716e-01	nan	1.666634958260715393e-02	1.550280194075871060e-02	8.975201734601394397e-04
nan	7.123125000000000000e+02	7.123124999999999041e-01	nan	1.701050701788631159e-02	1.630223350152013376e-02	9.115827819051981144e-04
nan	1.086250000000000000e+02	1.086249999999999993e-01	nan	4.597804562100904491e-04	1.842276448100921976e-02	6.493186190504053037e-04
nan	1.405000000000000000e+02	1.405000000000000138e-01	nan	6.452338964049175729e-04	1.831559888741005407e-02	6.767197582209398066e-04
nan	1.643750000000000000e+02	1.643749999999999933e-01	nan	1.018856959831282438e-03	1.659095185938945852e-02	6.482026022188198001e-04
nan	1.906250000000000000e+02	1.906249999999999889e-01	nan	1.305026905967565654e-03	1.573708399036244029e-02	6.720247832289951307e-04
nan	2.105000000000000000e+02	2.104999999999999927e-01	nan	1.603501002268359343e-03	1.352960849266628997e-02	6.771503618979917783e-04
nan	2.317500000000000000e+02	2.317499999999999838e-01	nan	1.903668169020988898e-03	1.702428095215593670e-02	7.010128796920701540e-04
nan	2.558750000000000000e+02	2.558749999999999636e-01	nan	2.151805131163087026e-03	1.605303757001886808e-02	6.841577386139132116e-04
nan	2.723750000000000000e+02	2.723750000000000338e-01	nan	2.498618250374562422e-03	1.609358889921717189e-02	7.130319471506376891e-04
nan	2.793750000000000000e+02	2.793749999999999845e-01	nan	2.934102772023550187e-03	1.561554860928494534e-02	7.046282468002125401e-04
nan	2.996250000000000000e+02	2.996250000000000302e-01	nan	3.292563378693103004e-03	1.714554555393503488e-02	7.021659927229339506e-04
nan	3.034375000000000000e+02	3.034375000000000266e-01	nan	3.344560052696010644e-03	1.677789636098659526e-02	7.033446914750011254e-04
nan	3.200625000000000000e+02	3.200625000000000275e-01	nan	3.689205558345065583e-03	1.518161676536437972e-02	7.030378472271377275e-04
nan	3.315625000000000000e+02	3.315624999999999822e-01	nan	4.056627154106706712e-03	1.481642332340874293e-02	7.117811538376336931e-04
nan	3.466875000000000000e+02	3.466875000000000373e-01	nan	4.971687938400748408e-03	1.596013969321886244e-02	7.185068645440182387e-04
nan	3.591875000000000000e+02	3.591874999999999929e-01	nan	5.301136272727546839e-03	1.648911949138556071e-02	7.124533652540312751e-04
nan	3.641875000000000000e+02	3.641874999999999973e-01	nan	5.271381423142429412e-03	1.525028167234251421e-02	7.166724569908986941e-04
nan	3.758125000000000000e+02	3.758124999999999938e-01	nan	5.509986254374155124e-03	1.576554835198094515e-02	7.048058910396290963e-04
nan	3.932500000000000000e+02	3.932499999999999885e-01	nan	5.676700073024676385e-03	1.683519166663844865e-02	7.111068040448727604e-04
nan	3.865000000000000000e+02	3.865000000000000102e-01	nan	6.372528333116633803e-03	1.525571278074814088e-02	7.087479004210117542e-04
nan	4.062500000000000000e+02	4.062500000000000000e-01	nan	6.958530044499866563e-03	1.398989633666268551e-02	7.127946361908326462e-04
nan	4.267500000000000000e+02	4.267500000000000182e-01	nan	7.696566363961210300e-03	1.571835474379972702e-02	7.209701717825451424e-04
nan	4.319375000000000000e+02	4.319374999999999742e-01	nan	8.152207313784742837e-03	1.632874757105989838e-02	7.150959720349396370e-04
nan	4.481250000000000000e+02	4.481250000000000511e-01	nan	8.155458791819114595e-03	1.465516923348153880e-02	7.224148844899841828e-04
nan	4.498125000000000000e+02	4.498125000000000040e-01	nan	8.785117468292469312e-03	1.711897559924233439e-02	7.165222809692239425e-04
nan	4.521875000000000000e+02	4.521874999999999645e-01	nan	8.978870181621800839e-03	1.658473920770038232e-02	7.171907777987185893e-04
nan	4.642500000000000000e+02	4.642499999999999960e-01	nan	9.797241923521937679e-03	1.578829503217261954e-02	7.180409770690060825e-04
nan	4.700625000000000000e+02	4.700624999999999942e-01	nan	1.033823655917842643e-02	1.615847813695257817e-02	7.103996491157455427e-04
nan	4.775000000000000000e+02	4.774999999999999800e-01	nan	9.791316651501347224e-03	1.670278298228254632e-02	7.253346655361901825e-04
nan	4.966250000000000000e+02	4.966250000000000386e-01	nan	1.124482007841720588e-02	1.735538572745522548e-02	7.270283506452789859e-04
nan	5.079375000000000000e+02	5.079374999999999307e-01	nan	1.074197872772231221e-02	1.532786263625162196e-02	7.067508263439035900e-04
nan	5.132500000000000000e+02	5.132499999999999840e-01	nan	1.180697772198868734e-02	1.443165014398353589e-02	7.132207996393153532e-04
nan	5.329375000000000000e+02	5.329375000000000639e-01	nan	1.352517125866370407e-02	1.499168309936735506e-02	7.024671070568820445e-04
nan	5.253750000000000000e+02	5.253750000000000364e-01	nan	1.314368959542377979e-02	1.648939382348817151e-02	6.975956543327449608e-04
nan	5.313125000000000000e+02	5.313124999999999654e-01	nan	1.312932796278687420e-02	1.625741631898997355e-02	7.223792428717944972e-04
nan	5.450000000000000000e+02	5.449999999999999289e-01	nan	1.322016158977135092e-02	1.620132296948648132e-02	7.255660403412298939e-04
nan	5.600000000000000000e+02	5.600000000000000533e-01	nan	1.392610625242696187e-02	1.577135430586730502e-02	7.234380666108800820e-04
nan	5.518750000000000000e+02	5.518750000000000044e-01	nan	1.479307452659384126e-02	1.604577172467266249e-02	7.097784323799239585e-04
nan	5.615000000000000000e+02	5.615000000000001101e-01	nan	1.522460836791594829e-02	1.556760544265780970e-02	7.327941346442707130e-04
nan	5.664375000000000000e+02	5.664375000000000382e-01	nan	1.548450723095129433e-02	1.697608612019678442e-02	7.153872367679048154e-04
nan	8.806250000000000000e+01	8.806250000000000189e-02	nan	5.365910917065619401e-04	1.743403049103111474e-02	5.107526793776008935e-04
nan	1.186250000000000000e+02	1.186249999999999943e-01	nan	7.036421505173251489e-04	1.548360328816806783e-02	5.669346338189344605e-04
nan	1.350000000000000000e+02	1.350000000000000089e-01	nan	8.372962167140229894e-04	1.624458837188707400e-02	5.785061004289980243e-04
nan	1.573125000000000000e+02	1.573124999999999940e-01	nan	1.181907170280993569e-03	1.785499272893944708e-02	5.631966215949275141e-04
nan	1.738125000000000000e+02	1.738125000000000087e-01	nan	1.399444840973984583e-03	1.608069118906702358e-02	5.733280761139032764e-04
nan	1.913125000000000000e+02	1.913124999999999964e-01	nan	1.901439642328028867e-03	1.625947298982403574e-02	5.683263649039513137e-04
nan	2.128750000000000000e+02	2.128750000000000087e-01	nan	2.069491819703728197e-03	1.537272854722674872e-02	5.828826170215141303e-04
nan	2.149375000000000000e+02	2.149375000000000036e-01	nan	2.345976214758849210e-03	1.720876390513990592e-02	6.021632105235011530e-04
nan	2.270625000000000000e+02	2.270625000000000282e-01	nan	2.662462916966035209e-03	1.495365207340033573e-02	5.763796879058458037e-04
nan	2.463125000000000000e+02	2.463124999999999898e-01	nan	2.893414105834324346e-03	1.619137576702461834e-02	5.907121763077366038e-04
nan	2.603750000000000000e+02	2.603750000000000231e-01	nan	3.252042306336022648e-03	1.703762340343882575e-02	5.885235268460776992e-04
nan	2.707500000000000000e+02	2.707499999999999907e-01	nan	3.864172127322262895e-03	1.591555876100080383e-02	5.841223082376722185e-04
nan	2.748125000000000000e+02	2.748124999999999596e-01	nan	4.075324281878067723e-03	1.514773501868215896e-02	5.765883263240065022e-04
nan	2.929375000000000000e+02	2.929374999999999618e-01	nan	3.763680353195297812e-03	1.618342425232005555e-02	5.905806795823998487e-04
nan	2.968750000000000000e+02	2.968750000000000000e-01	nan	4.806046735403413095e-03	1.645163123582493725e-02	5.835837888860666463e-04
nan	3.099375000000000000e+02	3.099374999999999769e-01	nan	5.073957807979923018e-03	1.627179994865276397e-02	5.911603464348488780e-04
nan	3.205000000000000000e+02	3.205000000000000071e-01	nan	5.278713598400486262e-03	1.741251236185241760e-02	5.987280219589930863e-04
nan	3.303750000000000000e+02	3.303750000000000298e-01	nan	5.685757142686043153e-03	1.565462656696418181e-02	5.880375409081091236e-04
nan	3.378750000000000000e+02	3.378749999999999254e-01	nan	6.122040758164359886e-03	1.535487354535843875e-02	5.907189196965018487e-04
nan	3.415625000000000000e+02	3.415624999999999911e-01	nan	6.646608439808687763e-03	1.610613274758682448e-02	5.887408939361577680e-04
nan	3.476250000000000000e+02	3.476249999999999618e-01	nan	7.181683093875790291e-03	1.588098061487846699e-02	5.934436167689919207e-04
nan	3.590625000000000000e+02	3.590625000000000067e-01	nan	6.920849477481283429e-03	1.656301177354463361e-02	5.905925869411801470e-04
nan	3.673125000000000000e+02	3.673124999999999862e-01	nan	7.633919221035512237e-03	1.646211279476944220e-02	5.809644717173780525e-04
nan	3.760625000000000000e+02	3.760624999999999662e-01	nan	8.403042507282521001e-03	1.714746587668667527e-02	6.009810031820582389e-04
nan	3.825000000000000000e+02	3.825000000000000067e-01	nan	8.346287611558977915e-03	1.568097165113806202e-02	5.914528086912046196e-04
nan	3.835625000000000000e+02	3.835625000000000284e-01	nan	8.981787856512823964e-03	1.594852311635806125e-02	5.809286095642896474e-04
nan	3.993125000000000000e+02	3.993125000000000147e-01	nan	9.549149701030046344e-03	1.561228751658433334e-02	5.985845815464480284e-04
nan	4.000625000000000000e+02	4.000624999999999876e-01	nan	9.681076447094483228e-03	1.630498155713164948e-02	5.967169245759046175e-04
nan	4.121250000000000000e+02	4.121249999999999636e-01	nan	1.056601971092163694e-02	1.577753953913114612e-02	5.968102596989657014e-04
nan	4.156250000000000000e+02	4.156250000000000222e-01	nan	1.082213356093575385e-02	1.533650590779563755e-02	5.953642983051767035e-04
nan	4.257500000000000000e+02	4.257500000000000173e-01	nan	1.057336759662064196e-02	1.622184383440395533e-02	6.025974687913512959e-04
nan	4.291250000000000000e+02	4.291250000000000342e-01	nan	1.184896133851509603e-02	1.616009922061442672e-02	5.958797013271581369e-04
nan	4.296875000000000000e+02	4.296875000000000000e-01	nan	1.159823055714070961e-02	1.633372430301781308e-02	5.952033427556724637e-04
nan	4.377500000000000000e+02	4.377500000000000280e-01	nan	1.213412284397463736e-02	1.624539501043292464e-02	5.997008984684358210e-04
nan	4.535000000000000000e+02	4.535000000000000142e-01	nan	1.260609533090928380e-02	1.567923323950217926e-02	5.952763439506956675e-04
nan	4.580625000000000000e+02	4.580624999999999836e-01	nan	1.336833406706716687e-02	1.710875667624434104e-02	5.946386918746735277e-04
nan	4.622500000000000000e+02	4.622499999999999942e-01	nan	1.378022965702996316e-02	1.558834394945012893e-02	6.009442444331633375e-04
nan	4.698125000000000000e+02	4.698124999999999662e-01	nan	1.605775194364866820e-02	1.451979422767696662e-02	5.954663678418121390e-04
nan	4.759375000000000000e+02	4.759374999999999578e-01	nan	1.611010465657614077e-02	1.599683713189561235e-02	5.976756966816114749e-04
nan	6.743750000000000000e+01	6.743750000000001132e-02	nan	3.767311182922838952e-04	1.537592969645848462e-02	4.149431185783396129e-04
nan	9.362500000000000000e+01	9.362499999999999989e-02	nan	7.491899776912447351e-04	1.526427164460104555e-02	4.327244287351031372e-04
nan	1.101875000000000000e+02	1.101875000000000077e-01	nan	1.071861922332217887e-03	1.673257661063954488e-02	4.635638322683912553e-04
nan	1.257500000000000000e+02	1.257500000000000007e-01	nan	1.463467548040497945e-03	1.790484569596161035e-02	4.364154041782834000e-04
nan	1.421250000000000000e+02	1.421250000000000013e-01	nan	1.457017766991697272e-03	1.399284608795364239e-02	4.554013561405154337e-04
nan	1.508750000000000000e+02	1.508750000000000091e-01	nan	1.820823035142637991e-03	1.610876615006904752e-02	4.603650978384199975e-04
nan	1.627500000000000000e+02	1.627500000000000058e-01	nan	1.977321773374285385e-03	1.600396538286647657e-02	4.469484491570671343e-04
nan	1.804375000000000000e+02	1.804375000000000007e-01	nan	2.761933508487857125e-03	1.824777053136841104e-02	4.535755319066776727e-04
nan	1.805625000000000000e+02	1.805625000000000147e-01	nan	2.789872994302555753e-03	1.721001930533445565e-02	4.682572836645680983e-04
nan	1.915000000000000000e+02	1.915000000000000036e-01	nan	3.031526236085824166e-03	1.591953229316418056e-02	4.448646488217791826e-04
nan	2.033750000000000000e+02	2.033750000000000002e-01	nan	2.981097000990473589e-03	1.579556892913356464e-02	4.641366628280171663e-04
nan	2.130625000000000000e+02	2.130624999999999880e-01	nan	3.244736805747550079e-03	1.643739730870348928e-02	4.546612776570422990e-04
nan	2.176250000000000000e+02	2.176250000000000129e-01	nan	3.903685621288843777e-03	1.534265119818307641e-02	4.548501627122332512e-04
nan	2.303125000000000000e+02	2.303124999999999756e-01	nan	4.507916176827109211e-03	1.599324839181820446e-02	4.680427986762165276e-04
nan	2.395000000000000000e+02	2.394999999999999907e-01	nan	4.841521673718318652e-03	1.411352736382833449e-02	4.735427024743733490e-04
nan	2.492500000000000000e+02	2.492500000000000271e-01	nan	5.336946745508441836e-03	1.469060735755452554e-02	4.728868187009304530e-04
nan	2.636875000000000000e+02	2.636874999999999636e-01	nan	4.788135340760391045e-03	1.590862753612483360e-02	4.701944773651699130e-04
nan	2.550000000000000000e+02	2.550000000000000044e-01	nan	5.904351908093019574e-03	1.516181181860998609e-02	4.725582017838249847e-04
nan	2.650000000000000000e+02	2.650000000000000133e-01	nan	6.187200300601602976e-03	1.703026044445458270e-02	4.705827750290831083e-04
nan	2.724375000000000000e+02	2.724374999999999991e-01	nan	6.474639877851018355e-03	1.699583278410196283e-02	4.673252791529240182e-04
nan	2.828750000000000000e+02	2.828749999999999876e-01	nan	6.343843474141408478e-03	1.549035093648824628e-02	4.685656123550428634e-04
nan	2.892500000000000000e+02	2.892500000000000071e-01	nan	7.211405716788021891e-03	1.514276529070948847e-02	4.791288239092882854e-04
nan	3.043125000000000000e+02	3.043124999999999858e-01	nan	7.668818174096259099e-03	1.579503091755538741e-02	4.683120694870785512e-04
nan	3.023750000000000000e+02	3.023750000000000049e-01	nan	7.986918890964034290e-03	1.486384483348211771e-02	4.753613455969623886e-04
nan	3.046875000000000000e+02	3.046875000000000000e-01	nan	8.249277603326277131e-03	1.693635310685436685e-02	4.783139773323236447e-04
nan	3.150625000000000000e+02	3.150625000000000231e-01	nan	8.772180127621709289e-03	1.604428831075667417e-02	4.758796602308527522e-04
nan	3.145000000000000000e+02	3.145000000000000018e-01	nan	9.070228493726517627e-03	1.678014948560156011e-02	4.753872643408353204e-04
nan	3.303750000000000000e+02	3.303750000000000298e-01	nan	9.530563424945626139e-03	1.557442238544576481e-02	4.709974666224787379e-04
nan	3.239375000000000000e+02	3.239374999999999893e-01	nan	9.809025167484719532e-03	1.714208181417920668e-02	4.725045961068849920e-04
nan	3.313125000000000000e+02	3.313125000000000098e-01	nan	1.011294661486772384e-02	1.569293744572014537e-02	4.721081883691788167e-04
nan	3.484375000000000000e+02	3.484374999999999556e-01	nan	1.040150123893113232e-02	1.648488190863398387e-02	4.710895165282789183e-04
nan	3.469375000000000000e+02	3.469375000000000098e-01	nan	1.098929089425837446e-02	1.650920457724133761e-02	4.793033836156395679e-04
nan	3.450000000000000000e+02	3.450000000000000289e-01	nan	1.034527822257302887e-02	1.664410986455232278e-02	4.663342227629944090e-04
nan	3.505000000000000000e+02	3.505000000000000338e-01	nan	1.143954013183190455e-02	1.585525300453922981e-02	4.707629535723543285e-04
nan	3.653125000000000000e+02	3.653124999999999845e-01	nan	1.227645573995062023e-02	1.553848922259479931e-02	4.809924176459184106e-04
nan	3.615000000000000000e+02	3.615000000000000435e-01	nan	1.251456617215751521e-02	1.507159870813777093e-02	4.705050169452701337e-04
nan	3.680000000000000000e+02	3.679999999999999938e-01	nan	1.320668245973877220e-02	1.662928347483061398e-02	4.762555486821672731e-04
nan	3.758750000000000000e+02	3.758750000000000147e-01	nan	1.424796102097047878e-02	1.527482857459316369e-02	4.767400751077010570e-04
nan	3.712500000000000000e+02	3.712499999999999689e-01	nan	1.409018164251563121e-02	1.556311889155618730e-02	4.725206132945510853e-04
nan	4.093750000000000000e+01	4.093750000000000167e-02	nan	3.756891691271135869e-04	1.750830357957047778e-02	2.888671961649954319e-04
nan	6.431250000000000000e+01	6.431249999999999467e-02	nan	7.844753706134355298e-04	1.704676955495334351e-02	2.933759170699804636e-04
nan	8.168750000000000000e+01	8.168749999999999623e-02	nan	9.546388396355354189e-04	1.499103241169228405e-02	3.025724938342512450e-04
nan	8.831250000000000000e+01	8.831250000000000211e-02	nan	1.133257556734434957e-03	1.580688201896623263e-02	3.202830199967532593e-04
nan	9.481250000000000000e+01	9.481249999999999400e-02	nan	1.291708727098495046e-03	1.435351137704448526e-02	3.122818330595179890e-04
nan	1.086250000000000000e+02	1.086249999999999993e-01	nan	1.899108854626518905e-03	1.619200809553979215e-02	3.333122786150532254e-04
nan	1.198750000000000000e+02	1.198749999999999954e-01	nan	2.016472626888088371e-03	1.874457551789054238e-02	3.280406082938905560e-04
nan	1.276875000000000000e+02	1.276875000000000093e-01	nan	2.282960298465752658e-03	1.497021369402772549e-02	3.304069467803677496e-04
nan	1.340000000000000000e+02	1.340000000000000080e-01	nan	2.657326304451146370e-03	1.807569283459533466e-02	3.489503057995828111e-04
nan	1.415000000000000000e+02	1.415000000000000147e-01	nan	2.864267305362488969e-03	1.738208665987176632e-02	3.415109953580445232e-04
nan	1.476875000000000000e+02	1.476874999999999716e-01	nan	3.217911500875914044e-03	1.569671596952687542e-02	3.427314756342419349e-04
nan	1.594375000000000000e+02	1.594375000000000098e-01	nan	3.611435760696224406e-03	1.504453737201668154e-02	3.448503179310026577e-04
nan	1.618750000000000000e+02	1.618749999999999911e-01	nan	3.924918172216962375e-03	1.672745877723322630e-02	3.374931087620144932e-04
nan	1.729375000000000000e+02	1.729374999999999940e-01	nan	4.204700353987789185e-03	1.681364708498931868e-02	3.492157031785280970e-04
nan	1.781875000000000000e+02	1.781874999999999987e-01	nan	5.062805264863357024e-03	1.602262792611422113e-02	3.413232792240453997e-04
nan	1.862500000000000000e+02	1.862499999999999989e-01	nan	4.876348273327835159e-03	1.615182576531348779e-02	3.389567332669864218e-04
nan	1.859375000000000000e+02	1.859375000000000056e-01	nan	5.197015052630149512e-03	1.399231540566035076e-02	3.435802736077063295e-04
nan	1.929375000000000000e+02	1.929374999999999840e-01	nan	4.981773133316380608e-03	1.389178784843927636e-02	3.587027259085282427e-04
nan	1.966250000000000000e+02	1.966250000000000220e-01	nan	5.704043822802873365e-03	1.551275107656699230e-02	3.455203932548352565e-04
nan	1.995625000000000000e+02	1.995624999999999760e-01	nan	5.085521537921522395e-03	1.534175292850942576e-02	3.436643847057071046e-04
nan	2.083750000000000000e+02	2.083750000000000047e-01	nan	6.417495006118656420e-03	1.704281792781421612e-02	3.532383969127740999e-04
nan	2.071875000000000000e+02	2.071874999999999967e-01	nan	6.806120375131285982e-03	1.681221884587257714e-02	3.436518711251895005e-04
nan	2.208750000000000000e+02	2.208750000000000158e-01	nan	7.140030861648938298e-03	1.545117631828994524e-02	3.516021254619053089e-04
nan	2.203750000000000000e+02	2.203750000000000153e-01	nan	7.218060160667505443e-03	1.621833200446359813e-02	3.466564206001848170e-04
nan	2.318125000000000000e+02	2.318125000000000047e-01	nan	8.297704324803589770e-03	1.699682738554174691e-02	3.605328119464670886e-04
nan	2.403750000000000000e+02	2.403750000000000331e-01	nan	8.450852240585504660e-03	1.657241472599342569e-02	3.527288758632845297e-04
nan	2.406250000000000000e+02	2.406250000000000056e-01	nan	8.614464458901238686e-03	1.618953651144244832e-02	3.509930794226854070e-04
nan	2.458750000000000000e+02	2.458750000000000102e-01	nan	8.903174995111839962e-03	1.739641785274820274e-02	3.594959073258814598e-04
nan	2.475000000000000000e+02	2.474999999999999978e-01	nan	1.069544081933315738e-02	1.457311536170687039e-02	3.566730486986737880e-04
nan	2.516250000000000000e+02	2.516249999999999876e-01	nan	9.852869255368545964e-03	1.713805342016645056e-02	3.535615105337453911e-04
nan	2.528125000000000000e+02	2.528124999999999956e-01	nan	1.067844865193023907e-02	1.582624794339717450e-02	3.520764524522876533e-04
nan	2.628125000000000000e+02	2.628125000000000044e-01	nan	1.119018318739506412e-02	1.713819166209998301e-02	3.558204825731623843e-04
nan	2.640000000000000000e+02	2.640000000000000124e-01	nan	1.205887578382203174e-02	1.555947565468942216e-02	3.544204123565377349e-04
nan	2.630625000000000000e+02	2.630624999999999769e-01	nan	1.180909402484076054e-02	1.573302028293803792e-02	3.471220972942003669e-04
nan	2.666250000000000000e+02	2.666250000000000009e-01	nan	1.285989929394304454e-02	1.517990212890514556e-02	3.591945738439635211e-04
nan	2.736875000000000000e+02	2.736875000000000280e-01	nan	1.209673514760822854e-02	1.444449905761994134e-02	3.610929542468566946e-04
nan	2.765000000000000000e+02	2.764999999999999680e-01	nan	1.139285059313976944e-02	1.604515376271989716e-02	3.586041973069890496e-04
nan	2.826250000000000000e+02	2.826250000000000151e-01	nan	1.171009813705836677e-02	1.734913284777444414e-02	3.583781448761756347e-04
nan	2.859375000000000000e+02	2.859375000000000111e-01	nan	1.375993840461831041e-02	1.711156489326920438e-02	3.503117076376322621e-04
