# SourcePhotonFlux	NumberRaysSurvived	PercentageRaysSurvived	PhotonFlux	Bandwidth	HorizontalFocusFWHM	VerticalFocusFWHM
nan	1.000000000000000000e+04	1.000000000000000000e+01	nan	9.987861269080865884e-03	1.128618450416716754e-02	1.072724043173632971e-02
nan	1.000000000000000000e+04	1.000000000000000000e+01	nan	1.495398726377203391e-02	9.112335634424918035e-03	8.583800731081291796e-03
nan	1.000000000000000000e+04	1.000000000000000000e+01	nan	1.869824255500061178e-02	8.556363554409036898e-03	7.508823094644026530e-03
nan	1.000000000000000000e+04	1.000000000000000000e+01	nan	2.495078273577831796e-02	7.923736390706183352e-03	6.572308171404099911e-03
nan	1.000000000000000000e+04	1.000000000000000000e+01	nan	2.900834848830401505e-02	7.225402644861028852e-03	5.919635336746705521e-03
nan	1.000000000000000000e+04	1.000000000000000000e+01	nan	3.495480753513106886e-02	6.584867118849746341e-03	5.653020358021046757e-03
nan	1.000000000000000000e+04	1.000000000000000000e+01	nan	3.992360216476299739e-02	6.210186459905025873e-03	5.340581610414611713e-03
nan	1.000000000000000000e+04	1.000000000000000000e+01	nan	4.485211696774854540e-02	6.362084079175396763e-03	4.973220791233452440e-03
nan	1.000000000000000000e+04	1.000000000000000000e+01	nan	4.988716115062175049e-02	6.010499215495718368e-03	4.597003828177420419e-03
nan	1.000000000000000000e+04	1.000000000000000000e+01	nan	5.484893349429512815e-02	5.813004459906794159e-03	4.590153540039100706e-03
nan	1.000000000000000000e+04	1.000000000000000000e+01	nan	5.992017059891054792e-02	5.768487606426155045e-03	4.285909420939862900e-03
nan	1.000000000000000000e+04	1.000000000000000000e+01	nan	6.488838017772877165e-02	5.551562833819776582e-03	4.079318734398963697e-03
nan	1.000000000000000000e+04	1.000000000000000000e+01	nan	6.989910113706286621e-02	5.578675978364973191e-03	3.950301586047066590e-03
nan	1.000000000000000000e+04	1.000000000000000000e+01	nan	7.252730067371758460e-02	5.261879507839739567e-03	3.876111933756321189e-03
nan	1.000000000000000000e+04	1.000000000000000000e+01	nan	7.983789180088365911e-02	5.451185297588230852e-03	3.712582013481772851e-03
nan	1.000000000000000000e+04	1.000000000000000000e+01	nan	8.214382522081339899e-02	5.028965629291505882e-03	3.536850446595467875e-03
nan	1.000000000000000000e+04	1.000000000000000000e+01	nan	8.703788094375342066e-02	5.023191817596033178e-03	3.651322647723814936e-03
nan	1.000000000000000000e+04	1.000000000000000000e+01	nan	9.488701199228558036e-02	5.208313975680096616e-03	3.401805840015131172e-03
nan	1.000000000000000000e+04	1.000000000000000000e+01	nan	9.978682229216587207e-02	4.900591801339051687e-03	3.303152222591522642e-03
nan	1.000000000000000000e+04	1.000000000000000000e+01	nan	1.047921086987480405e-01	4.854140393986386762e-03	3.245365215447928216e-03
nan	1.000000000000000000e+04	1.000000000000000000e+01	nan	1.098284270551744130e-01	5.028656426275211581e-03	3.200331629687940514e-03
nan	1.000000000000000000e+04	1.000000000000000000e+01	nan	1.147572595514384231e-01	4.747995782669008243e-03	3.034806678670791576e-03
nan	1.000000000000000000e+04	1.000000000000000000e+01	nan	1.188259193110479811e-01	4.823642778142697360e-03	3.103959849842864369e-03
nan	1.000000000000000000e+04	1.000000000000000000e+01	nan	1.247963146586312105e-01	4.746121933222082791e-03	2.972822424860510453e-03
nan	1.000000000000000000e+04	1.000000000000000000e+01	nan	1.298487917500756317e-01	4.664686699431477498e-03	3.022105331592902198e-03
nan	1.000000000000000000e+04	1.000000000000000000e+01	nan	1.348525922846329217e-01	4.690770623827374662e-03	2.965309138263651570e-03
nan	1.000000000000000000e+04	1.000000000000000000e+01	nan	1.392124043603712447e-01	4.683109323212064287e-03	2.852639851009425385e-03
nan	1.000000000000000000e+04	1.000000000000000000e+01	nan	1.448274124969202714e-01	4.693453917201943944e-03	2.821934867884733598e-03
nan	1.000000000000000000e+04	1.000000000000000000e+01	nan	1.492073338992759290e-01	4.707389536406902594e-03	2.695930734167898378e-03
nan	1.000000000000000000e+04	1.000000000000000000e+01	nan	1.548193901415174933e-01	4.656241319716724648e-03	2.702776148181755978e-03
nan	1.000000000000000000e+04	1.000000000000000000e+01	nan	1.593927846284418637e-01	4.644480125043598182e-03	2.668480234591747054e-03
nan	1.000000000000000000e+04	1.000000000000000000e+01	nan	1.646472537842555428e-01	4.502550685650705611e-03	2.695899357529933042e-03
nan	1.000000000000000000e+04	1.000000000000000000e+01	nan	1.693226665971337697e-01	4.448784024224135616e-03	2.669788054849730856e-03
nan	1.000000000000000000e+04	1.000000000000000000e+01	nan	1.748471628340712569e-01	4.673078471674350400e-03	2.511241421093875475e-03
nan	1.000000000000000000e+04	1.000000000000000000e+01	nan	1.737367191633822361e-01	4.590647021858587640e-03	2.525849168421275773e-03
nan	1.000000000000000000e+04	1.000000000000000000e+01	nan	1.788662140799837930e-01	4.475036034686803721e-03	2.455122303563176452e-03
nan	1.000000000000000000e+04	1.000000000000000000e+01	nan	1.896062294225384914e-01	4.539426009616823014e-03	2.423433867990049638e-03
nan	1.000000000000000000e+04	1.000000000000000000e+01	nan	1.947233833564678274e-01	4.315101558006319109e-03	2.406209068413309605e-03
nan	1.000000000000000000e+04	1.000000000000000000e+01	nan	1.995640673763659778e-01	4.447411601711953773e-03	2.355262243056674941e-03
nan	1.000000000000000000e+04	1.000000000000000000e+01	nan	9.987763748303280648e-03	1.114800314776811033e-02	1.048737764523847808e-02
nan	1.000000000000000000e+04	1.000000000000000000e+01	nan	1.497818078659548732e-02	9.652305224026973968e-03	8.490456253636478531e-03
nan	1.000000000000000000e+04	1.000000000000000000e+01	nan	1.996911977383973580e-02	8.315463946021140265e-03	7.351642842097823143e-03
nan	1.000000000000000000e+04	1.000000000000000000e+01	nan	2.494647314504448016e-02	7.872679635271087953e-03	6.691904823944438974e-03
nan	1.000000000000000000e+04	1.000000000000000000e+01	nan	2.997188504254495386e-02	7.298133604703188615e-03	5.942471258833257296e-03
nan	1.000000000000000000e+04	1.000000000000000000e+01	nan	3.496481259483005116e-02	6.864179942001983128e-03	5.609495435362203686e-03
nan	1.000000000000000000e+04	1.000000000000000000e+01	nan	3.994522378783414707e-02	6.443688339532911702e-03	5.185826807386926564e-03
nan	1.000000000000000000e+04	1.000000000000000000e+01	nan	4.487517760437526732e-02	6.092355172349130446e-03	4.931224519686930319e-03
nan	1.000000000000000000e+04	1.000000000000000000e+01	nan	4.963143083826196400e-02	5.842921286175352565e-03	4.677704789346941519e-03
nan	1.000000000000000000e+04	1.000000000000000000e+01	nan	5.487540305437506316e-02	5.911612888727557809e-03	4.493911661389324123e-03
nan	1.000000000000000000e+04	1.000000000000000000e+01	nan	5.981987023631631789e-02	5.716380225883270494e-03	4.325726783610912493e-03
nan	1.000000000000000000e+04	1.000000000000000000e+01	nan	6.491993217912181424e-02	5.458919017883119909e-03	4.111461950750398830e-03
nan	1.000000000000000000e+04	1.000000000000000000e+01	nan	6.984817113738926719e-02	5.294830655062684154e-03	4.065119508540888937e-03
nan	1.000000000000000000e+04	1.000000000000000000e+01	nan	7.488588389099277987e-02	5.190502545946133403e-03	3.804811853141852693e-03
nan	1.000000000000000000e+04	1.000000000000000000e+01	nan	7.983264667149911342e-02	5.442038851385633605e-03	3.804469732679719406e-03
nan	1.000000000000000000e+04	1.000000000000000000e+01	nan	8.488100518386886006e-02	4.999596414239820645e-03	3.612899293879741867e-03
nan	1.000000000000000000e+04	1.000000000000000000e+01	nan	8.987978322555363608e-02	5.100459502343814011e-03	3.640205410708285180e-03
nan	1.000000000000000000e+04	1.000000000000000000e+01	nan	9.489890654462100616e-02	5.030655285388933168e-03	3.347603091961039255e-03
nan	1.000000000000000000e+04	1.000000000000000000e+01	nan	9.988853986855929235e-02	4.938297231689838668e-03	3.264450249995979551e-03
nan	1.000000000000000000e+04	1.000000000000000000e+01	nan	1.048485720146231925e-01	4.941000544544669852e-03	3.273605287089294356e-03
nan	1.000000000000000000e+04	1.000000000000000000e+01	nan	1.098049396161536462e-01	4.855507081028486230e-03	3.196068200996248117e-03
nan	1.000000000000000000e+04	1.000000000000000000e+01	nan	1.146275625810426330e-01	4.873580283321523113e-03	3.131957266209068561e-03
nan	1.000000000000000000e+04	1.000000000000000000e+01	nan	1.197424882188602158e-01	4.784800757741859353e-03	3.029707778008834413e-03
nan	1.000000000000000000e+04	1.000000000000000000e+01	nan	1.248478397761664527e-01	5.002174157770318368e-03	3.047094004937926127e-03
nan	1.000000000000000000e+04	1.000000000000000000e+01	nan	1.298397379921834571e-01	4.798492810768710537e-03	2.945140222516727004e-03
nan	1.000000000000000000e+04	1.000000000000000000e+01	nan	1.346168812500150025e-01	4.637021611795770146e-03	2.846296500121873498e-03
nan	1.000000000000000000e+04	1.000000000000000000e+01	nan	1.398517280012333830e-01	4.837016695159964720e-03	2.787369004878187308e-03
nan	1.000000000000000000e+04	1.000000000000000000e+01	nan	1.447896282136412194e-01	4.651467743591821205e-03	2.757205313708140614e-03
nan	1.000000000000000000e+04	1.000000000000000000e+01	nan	1.441714747559286192e-01	4.666658022652906204e-03	2.772214835828379874e-03
nan	1.000000000000000000e+04	1.000000000000000000e+01	nan	1.548060094537299647e-01	4.769645809959013362e-03	2.693489126490426072e-03
nan	1.000000000000000000e+04	1.000000000000000000e+01	nan	1.598099352457347799e-01	4.731162219921462679e-03	2.757366467768654350e-03
nan	1.000000000000000000e+04	1.000000000000000000e+01	nan	1.641060163260294746e-01	4.476783510105684059e-03	2.690136544450542032e-03
nan	1.000000000000000000e+04	1.000000000000000000e+01	nan	1.697528715405792199e-01	4.445346425099713436e-03	2.544342700091844958e-03
nan	1.000000000000000000e+04	1.000000000000000000e+01	nan	1.743941155346510619e-01	4.621488891906196453e-03	2.504945532408118635e-03
nan	1.000000000000000000e+04	1.000000000000000000e+01	nan	1.793001575128391756e-01	4.460356533547303083e-03	2.559102604191965721e-03
nan	1.000000000000000000e+04	1.000000000000000000e+01	nan	1.839310786878650128e-01	4.617496490434953513e-03	2.504386294558412322e-03
nan	1.000000000000000000e+04	1.000000000000000000e+01	nan	1.898101922246996920e-01	4.505091514223448675e-03	2.444672213981262561e-03
nan	1.000000000000000000e+04	1.000000000000000000e+01	nan	1.946283628693527279e-01	4.578136558284569627e-03	2.421954709158741312e-03
nan	1.000000000000000000e+04	1.000000000000000000e+01	nan	1.997485591562213059e-01	4.409992260971699711e-03	2.448566025549941180e-03
nan	1.000000000000000000e+04	1.000000000000000000e+01	nan	9.948598712647225423e-03	1.118252347555722358e-02	1.022707166396102235e-02
nan	1.000000000000000000e+04	1.000000000000000000e+01	nan	1.491663650976192933e-02	9.383029262463520731e-03	8.395533968803197550e-03
nan	1.000000000000000000e+04	1.000000000000000000e+01	nan	1.998177941425637733e-02	8.287889328685866391e-03	7.339006142015302644e-03
nan	1.000000000000000000e+04	1.000000000000000000e+01	nan	2.495833802927535303e-02	7.495114189668130797e-03	6.769207466999968385e-03
nan	1.000000000000000000e+04	1.000000000000000000e+01	nan	2.995895564274405481e-02	7.036798418425421406e-03	6.105108577755898394e-03
nan	1.000000000000000000e+04	1.000000000000000000e+01	nan	3.383954288107387381e-02	6.810884385753732465e-03	5.828016429915940620e-03
nan	1.000000000000000000e+04	1.000000000000000000e+01	nan	3.993218128921342119e-02	6.417638532505372077e-03	5.305888536502426610e-03
nan	1.000000000000000000e+04	1.000000000000000000e+01	nan	4.474197611678675662e-02	6.351008073137168197e-03	4.941078338565966718e-03
nan	1.000000000000000000e+04	1.000000000000000000e+01	nan	4.976938740710579873e-02	5.853250780818082880e-03	4.683263012294743358e-03
nan	1.000000000000000000e+04	1.000000000000000000e+01	nan	5.488506565958346795e-02	5.680601810924286454e-03	4.501088025390752312e-03
nan	1.000000000000000000e+04	1.000000000000000000e+01	nan	5.993843836386986146e-02	5.672099492554386925e-03	4.348427385837657158e-03
nan	1.000000000000000000e+04	1.000000000000000000e+01	nan	6.283258085556717165e-02	5.508498179089169403e-03	4.146112922622811024e-03
nan	1.000000000000000000e+04	1.000000000000000000e+01	nan	6.989640591687930338e-02	5.372718931114872989e-03	3.971027710799110780e-03
nan	1.000000000000000000e+04	1.000000000000000000e+01	nan	7.478284655413516835e-02	5.226398014670959047e-03	3.808633798104277182e-03
nan	1.000000000000000000e+04	1.000000000000000000e+01	nan	7.730839441748406371e-02	5.398500841596396392e-03	3.753110299785587887e-03
nan	1.000000000000000000e+04	1.000000000000000000e+01	nan	8.490559281286777504e-02	5.208842873525607736e-03	3.535861242476270785e-03
nan	1.000000000000000000e+04	1.000000000000000000e+01	nan	8.960276005096375063e-02	5.087570189202635790e-03	3.535302730547575708e-03
nan	1.000000000000000000e+04	1.000000000000000000e+01	nan	9.489945420639628315e-02	5.099381443379773053e-03	3.460171913499458969e-03
nan	1.000000000000000000e+04	1.000000000000000000e+01	nan	9.984335954646098021e-02	5.013064289941439149e-03	3.339734285288693729e-03
nan	1.000000000000000000e+04	1.000000000000000000e+01	nan	1.049151429144376396e-01	4.839023671580599747e-03	3.296364276639549788e-03
nan	1.000000000000000000e+04	1.000000000000000000e+01	nan	1.095100562654715698e-01	4.908668528216908293e-03	3.233536042814566525e-03
nan	1.000000000000000000e+04	1.000000000000000000e+01	nan	1.148471031130452458e-01	4.829362902271120035e-03	3.198036565818386523e-03
nan	1.000000000000000000e+04	1.000000000000000000e+01	nan	1.197445576760583219e-01	4.882498814931663690e-03	2.992701940107616275e-03
nan	1.000000000000000000e+04	1.000000000000000000e+01	nan	1.247568981424387741e-01	4.685898860562177047e-03	3.026294002859441102e-03
nan	1.000000000000000000e+04	1.000000000000000000e+01	nan	1.297999671602883542e-01	4.585265025079900657e-03	3.048795554734909461e-03
nan	1.000000000000000000e+04	1.000000000000000000e+01	nan	1.347744643232431372e-01	4.589280207339212908e-03	2.848673578148588383e-03
nan	1.000000000000000000e+04	1.000000000000000000e+01	nan	1.397785150928916864e-01	4.586463338801029591e-03	2.942683062185837833e-03
nan	1.000000000000000000e+04	1.000000000000000000e+01	nan	1.448406870473127328e-01	4.451876386660219911e-03	2.770981927772096180e-03
nan	1.000000000000000000e+04	1.000000000000000000e+01	nan	1.498008410263514667e-01	4.641132466337062785e-03	2.838126726299947979e-03
nan	1.000000000000000000e+04	1.000000000000000000e+01	nan	1.547268942489131438e-01	4.534218067616942009e-03	2.602541675129017677e-03
nan	1.000000000000000000e+04	1.000000000000000000e+01	nan	1.596321428595592895e-01	4.706454660313075591e-03	2.720995656462494531e-03
nan	1.000000000000000000e+04	1.000000000000000000e+01	nan	1.647298698729105226e-01	4.515655134088756087e-03	2.586783857740200098e-03
nan	1.000000000000000000e+04	1.000000000000000000e+01	nan	1.691258325442709098e-01	4.624076647271270837e-03	2.567573851681012684e-03
nan	1.000000000000000000e+04	1.000000000000000000e+01	nan	1.747031478642657176e-01	4.496746373887439488e-03	2.559762435429682043e-03
nan	1.000000000000000000e+04	1.000000000000000000e+01	nan	1.797396594635233824e-01	4.549528292592448266e-03	2.592623170663803031e-03
nan	1.000000000000000000e+04	1.000000000000000000e+01	nan	1.847022334451935421e-01	4.500822016568891901e-03	2.562402831889398162e-03
nan	1.000000000000000000e+04	1.000000000000000000e+01	nan	1.897068074987191821e-01	4.409954073071178232e-03	2.536440262982824368e-03
nan	1.000000000000000000e+04	1.000000000000000000e+01	nan	1.945561587781185209e-01	4.473846659873757271e-03	2.393242213703441080e-03
nan	1.000000000000000000e+04	1.000000000000000000e+01	nan	1.997662065956524180e-01	4.363058625086212346e-03	2.404271430868260267e-03
