# SourcePhotonFlux	NumberRaysSurvived	PercentageRaysSurvived	PhotonFlux	Bandwidth	HorizontalFocusFWHM	VerticalFocusFWHM
nan	2.932500000000000000e+02	2.932500000000000107e-01	nan	7.755712954473636955e-04	2.478337096653067048e-02	1.031067406505360717e-03
nan	3.843125000000000000e+02	3.843125000000000568e-01	nan	1.270777679875934041e-03	2.232179127093375862e-02	1.049698474980213314e-03
nan	4.566875000000000000e+02	4.566875000000000240e-01	nan	1.748919291953754396e-03	2.315714911098477533e-02	1.043627482532210899e-03
nan	5.041250000000000000e+02	5.041250000000000453e-01	nan	2.143876905916997089e-03	2.105385342167032797e-02	1.050596626605193292e-03
nan	5.716250000000000000e+02	5.716250000000000497e-01	nan	2.908790245932380003e-03	2.125841180668307240e-02	1.056469007987402824e-03
nan	6.003750000000000000e+02	6.003749999999999920e-01	nan	3.254848614027139320e-03	2.127975907516816562e-02	1.082598482577192336e-03
nan	6.516875000000000000e+02	6.516874999999999751e-01	nan	4.050235809099689277e-03	2.034291492677896274e-02	1.055317296623461748e-03
nan	6.955625000000000000e+02	6.955624999999999725e-01	nan	4.882883446569508124e-03	2.077673777427894650e-02	1.062066258551147687e-03
nan	7.287500000000000000e+02	7.287499999999998979e-01	nan	4.923309368528805408e-03	2.017202503017916787e-02	1.068389419435508561e-03
nan	7.654375000000000000e+02	7.654374999999999929e-01	nan	5.533823727787989810e-03	1.991208897558566226e-02	1.053503202122014776e-03
nan	7.987500000000000000e+02	7.987499999999999600e-01	nan	6.595834279252699162e-03	2.111378975101559086e-02	1.064345488268823338e-03
nan	8.268750000000000000e+02	8.268750000000000266e-01	nan	6.990791807453433648e-03	2.171012479156307282e-02	1.087608179026172250e-03
nan	8.619375000000000000e+02	8.619375000000000231e-01	nan	7.154420086258994615e-03	2.001443274430939057e-02	1.075112482897936511e-03
nan	8.928750000000000000e+02	8.928749999999999742e-01	nan	7.953815030390387619e-03	2.042855973913596662e-02	1.084148034757114994e-03
nan	9.133125000000000000e+02	9.133124999999999716e-01	nan	9.432782788479698866e-03	2.018529471138179321e-02	1.075803423812488968e-03
nan	9.553750000000000000e+02	9.553749999999999742e-01	nan	9.797439936903629132e-03	2.061761318538900267e-02	1.072397146778946743e-03
nan	9.760625000000000000e+02	9.760625000000000551e-01	nan	1.008890588117594689e-02	2.122592554538197882e-02	1.079451553877314174e-03
nan	1.011750000000000000e+03	1.011749999999999927e+00	nan	1.135533847387648620e-02	1.990874031864039301e-02	1.073367823849809104e-03
nan	1.037875000000000000e+03	1.037875000000000103e+00	nan	1.257507354570464031e-02	2.061744032564400905e-02	1.074238033092233527e-03
nan	1.066375000000000000e+03	1.066374999999999851e+00	nan	1.317402090094788036e-02	1.992566499322800944e-02	1.057284135102203645e-03
nan	1.088750000000000000e+03	1.088750000000000107e+00	nan	1.282797869420448933e-02	1.942426540016645858e-02	1.078832519752725072e-03
nan	1.107000000000000000e+03	1.106999999999999984e+00	nan	1.384021147687519715e-02	1.913856900648210069e-02	1.078282811876878728e-03
nan	1.129875000000000000e+03	1.129875000000000185e+00	nan	1.548084071178834620e-02	2.024223461050037032e-02	1.085385152900729747e-03
nan	1.151187500000000000e+03	1.151187500000000252e+00	nan	1.630733791655814002e-02	1.977420214226840653e-02	1.068961099174233279e-03
nan	1.179750000000000000e+03	1.179749999999999854e+00	nan	1.615906952022783116e-02	2.031159351982166766e-02	1.067943422183234136e-03
nan	1.206187500000000000e+03	1.206187499999999968e+00	nan	1.725492484237634017e-02	1.990544959594104518e-02	1.071639537930390218e-03
nan	1.227375000000000000e+03	1.227375000000000105e+00	nan	1.814019488342921704e-02	1.969674085004624250e-02	1.079741073977191074e-03
nan	1.257687500000000000e+03	1.257687500000000069e+00	nan	1.999033333196109652e-02	1.996839753475583568e-02	1.083589591187307478e-03
nan	1.268625000000000000e+03	1.268624999999999892e+00	nan	2.079999781854269258e-02	2.032504312484056941e-02	1.068034583946111775e-03
nan	1.280312500000000000e+03	1.280312499999999964e+00	nan	2.203011189416770321e-02	1.937993558648216236e-02	1.071556343279400116e-03
nan	1.310062500000000000e+03	1.310062499999999908e+00	nan	2.234534014023381587e-02	2.104960971295927880e-02	1.069977261188163713e-03
nan	1.322937500000000000e+03	1.322937500000000099e+00	nan	2.334979321604180313e-02	2.081129257063193266e-02	1.065299785836339164e-03
nan	1.352187500000000000e+03	1.352187499999999876e+00	nan	2.501976557398677414e-02	2.119542210235368998e-02	1.089992197579878370e-03
nan	1.376375000000000000e+03	1.376374999999999904e+00	nan	2.554610540339297131e-02	2.020788851481057635e-02	1.104034444779807434e-03
nan	1.401000000000000000e+03	1.400999999999999801e+00	nan	2.523455650585049170e-02	1.989878972150984152e-02	1.093597636311678667e-03
nan	1.388000000000000000e+03	1.387999999999999901e+00	nan	2.786296518411290890e-02	1.971677076803986933e-02	1.093161568045485478e-03
nan	1.437500000000000000e+03	1.437500000000000000e+00	nan	2.786270588987349583e-02	2.055673820195071458e-02	1.109467533726837948e-03
nan	1.444125000000000000e+03	1.444125000000000103e+00	nan	3.040928918778718071e-02	2.040831587117836188e-02	1.086905174577517145e-03
nan	1.466750000000000000e+03	1.466749999999999998e+00	nan	3.179475891055005832e-02	2.062401719070371120e-02	1.096865150151292694e-03
nan	2.481875000000000000e+02	2.481875000000000053e-01	nan	7.768062122135432901e-04	2.035552477695464976e-02	8.654908338294798643e-04
nan	3.197500000000000000e+02	3.197499999999999787e-01	nan	1.262506112253092283e-03	2.184891700465047687e-02	8.723467925023098424e-04
nan	3.669375000000000000e+02	3.669374999999999720e-01	nan	1.625872134637162958e-03	2.129392015292401463e-02	8.894157685653870677e-04
nan	4.185000000000000000e+02	4.185000000000000386e-01	nan	2.329134415324674023e-03	2.105435943854909106e-02	8.715061569215935312e-04
nan	4.635625000000000000e+02	4.635624999999999885e-01	nan	2.644620368730699056e-03	2.051148125131535549e-02	8.790312187139639934e-04
nan	5.003750000000000000e+02	5.003750000000000142e-01	nan	3.269818021475856540e-03	1.963173060243900148e-02	8.751024889792607259e-04
nan	5.341875000000000000e+02	5.341875000000000373e-01	nan	3.546602436390600133e-03	2.066885344754502279e-02	8.871224858300398889e-04
nan	5.769375000000000000e+02	5.769374999999999920e-01	nan	4.314091708284450988e-03	2.068828656694812057e-02	8.693464191872428675e-04
nan	6.223125000000000000e+02	6.223124999999999352e-01	nan	4.928764008155894771e-03	1.975319198991012590e-02	9.018916055729029550e-04
nan	6.375625000000000000e+02	6.375625000000000320e-01	nan	5.406154892902748088e-03	2.002189927485958920e-02	8.875179849725200977e-04
nan	6.605000000000000000e+02	6.604999999999999760e-01	nan	6.325861487894712809e-03	1.824227345404814266e-02	8.881373585405780841e-04
nan	6.992500000000000000e+02	6.992500000000000382e-01	nan	6.783434072332283904e-03	1.920953836477641910e-02	8.935016504539635817e-04
nan	7.230000000000000000e+02	7.230000000000000870e-01	nan	7.653514975437758494e-03	2.072959181430517744e-02	8.954846544519296002e-04
nan	7.538750000000000000e+02	7.538749999999999618e-01	nan	7.921389978108095420e-03	2.063383331336307580e-02	9.013417334050816219e-04
nan	7.800625000000000000e+02	7.800624999999999920e-01	nan	8.424589333444032491e-03	2.090341669304911221e-02	8.845335655223503669e-04
nan	7.974375000000000000e+02	7.974375000000000213e-01	nan	9.067534574199953568e-03	1.983655668145595241e-02	8.921709630239936300e-04
nan	8.046875000000000000e+02	8.046875000000000000e-01	nan	1.056861389147911723e-02	2.037224008420085442e-02	8.866834289554460140e-04
nan	8.450000000000000000e+02	8.450000000000000844e-01	nan	1.061814008223649353e-02	2.053166992088024945e-02	8.942868322865711464e-04
nan	8.641250000000000000e+02	8.641250000000000320e-01	nan	1.188794896358302822e-02	2.017577854824688377e-02	8.928002978496028547e-04
nan	8.822500000000000000e+02	8.822500000000000897e-01	nan	1.233561574331076827e-02	2.011719099709156217e-02	8.865877232515854533e-04
nan	9.258750000000000000e+02	9.258750000000000036e-01	nan	1.286442518251362799e-02	1.986900334490243614e-02	9.019802309975982540e-04
nan	9.339375000000000000e+02	9.339374999999999760e-01	nan	1.371935664131740396e-02	2.108084088283174867e-02	9.070957998557620423e-04
nan	9.428125000000000000e+02	9.428125000000000533e-01	nan	1.435525649965541106e-02	1.992273408843645705e-02	8.981103072000630547e-04
nan	9.561875000000000000e+02	9.561874999999999680e-01	nan	1.483061314206679526e-02	1.935914546920540491e-02	8.938907172142379187e-04
nan	9.780000000000000000e+02	9.779999999999999805e-01	nan	1.586753504815874294e-02	2.106221032058749887e-02	8.956871669288496950e-04
nan	1.006937500000000000e+03	1.006937500000000041e+00	nan	1.611359660719813292e-02	2.071255163219412262e-02	8.941228689673198825e-04
nan	1.016187500000000000e+03	1.016187500000000021e+00	nan	1.817748358874382575e-02	2.021012065280480136e-02	8.951406716781050606e-04
nan	1.035437500000000000e+03	1.035437500000000011e+00	nan	1.867541881436807216e-02	1.887025148420216902e-02	8.960873139478869485e-04
nan	1.059562500000000000e+03	1.059562499999999963e+00	nan	1.922670268669435245e-02	2.016862776745508012e-02	9.097213537641852090e-04
nan	1.061250000000000000e+03	1.061250000000000249e+00	nan	1.892832497919982870e-02	2.012683795498192499e-02	9.012887558950914008e-04
nan	1.092750000000000000e+03	1.092750000000000110e+00	nan	2.064561949940468821e-02	2.062625022562480231e-02	8.900277460307014568e-04
nan	1.119375000000000000e+03	1.119375000000000009e+00	nan	2.119935859332144901e-02	1.999223204603097978e-02	9.027649264698093092e-04
nan	1.119500000000000000e+03	1.119499999999999940e+00	nan	2.302748529284315282e-02	1.882314772162935884e-02	8.978039308205517906e-04
nan	1.134125000000000000e+03	1.134125000000000050e+00	nan	2.378127833895860022e-02	1.967506188322962202e-02	9.055955733115609099e-04
nan	1.153500000000000000e+03	1.153499999999999970e+00	nan	2.468183842894688951e-02	2.040769634859101664e-02	8.789563442865774021e-04
nan	1.156625000000000000e+03	1.156625000000000014e+00	nan	2.560572263561766704e-02	2.148866478449750622e-02	8.923457829853165659e-04
nan	1.193500000000000000e+03	1.193500000000000005e+00	nan	2.717015925033194890e-02	1.995806478134620407e-02	8.879193710121402070e-04
nan	1.193312500000000000e+03	1.193312499999999998e+00	nan	2.691516037110375237e-02	1.953588697550822512e-02	9.049819380627214822e-04
nan	1.228062500000000000e+03	1.228062500000000057e+00	nan	2.934877427991011700e-02	2.047500265360279598e-02	9.032253485878926139e-04
nan	1.975000000000000000e+02	1.975000000000000089e-01	nan	8.680313459770161444e-04	2.275527223705076096e-02	6.686326499490458141e-04
nan	2.431250000000000000e+02	2.431249999999999800e-01	nan	1.233863573110838274e-03	2.248528316038104352e-02	6.790105540991268982e-04
nan	2.900000000000000000e+02	2.900000000000000355e-01	nan	1.804456500869022761e-03	2.262853844344438550e-02	6.922586594391554743e-04
nan	3.288750000000000000e+02	3.288750000000000284e-01	nan	2.302161507827804598e-03	2.201931445488306341e-02	6.889698124650175688e-04
nan	3.681250000000000000e+02	3.681250000000000355e-01	nan	2.669881399896212315e-03	2.038603655446174709e-02	7.132194172686485241e-04
nan	3.917500000000000000e+02	3.917499999999999871e-01	nan	3.057620524611337487e-03	2.170343239381521822e-02	6.893923445167102334e-04
nan	4.312500000000000000e+02	4.312499999999999667e-01	nan	3.632390856083134167e-03	2.209248735097879557e-02	7.087670627995474757e-04
nan	4.565625000000000000e+02	4.565624999999999822e-01	nan	4.380180065489014396e-03	2.152942338138141495e-02	7.062854892342821734e-04
nan	4.823750000000000000e+02	4.823749999999999982e-01	nan	4.745123282603458392e-03	1.926680595545623639e-02	7.044997540447031203e-04
nan	5.116250000000000000e+02	5.116249999999999964e-01	nan	5.029624296156498531e-03	2.246563918818701364e-02	7.073929697596513175e-04
nan	5.318750000000000000e+02	5.318749999999999867e-01	nan	6.274499782307429996e-03	2.110342063863294287e-02	7.068109285675658196e-04
nan	5.630625000000000000e+02	5.630625000000000213e-01	nan	5.794710342144071546e-03	2.189417454194377000e-02	7.127601302792619872e-04
nan	5.759375000000000000e+02	5.759374999999999911e-01	nan	7.085407660021303400e-03	2.046173786813551207e-02	7.158704840454107026e-04
nan	5.951875000000000000e+02	5.951874999999999805e-01	nan	8.514105041882658043e-03	2.137982188932178312e-02	7.118468229865926398e-04
nan	6.175000000000000000e+02	6.175000000000000488e-01	nan	8.113704164514956574e-03	2.013734486241128274e-02	7.036662627730053219e-04
nan	6.226250000000000000e+02	6.226249999999999840e-01	nan	9.218179819114880047e-03	2.076859635572869678e-02	7.124318400266267323e-04
nan	6.618125000000000000e+02	6.618125000000000258e-01	nan	1.009743036809140904e-02	2.033223956580822861e-02	7.266168928225464957e-04
nan	6.799375000000000000e+02	6.799374999999999725e-01	nan	1.033271813805924921e-02	2.038369137008267523e-02	7.169347267184726343e-04
nan	6.930000000000000000e+02	6.929999999999999494e-01	nan	1.056603493379526526e-02	2.014220606201395231e-02	7.126990845370197603e-04
nan	7.145000000000000000e+02	7.144999999999999130e-01	nan	1.102706981123446894e-02	2.006260909699292966e-02	7.245922365646116810e-04
nan	7.215000000000000000e+02	7.214999999999999192e-01	nan	1.225503921807558072e-02	1.996879433416818075e-02	7.217080267518122955e-04
nan	7.445625000000000000e+02	7.445625000000000160e-01	nan	1.296033855713574212e-02	2.119562819254038055e-02	7.119166432780578207e-04
nan	7.480000000000000000e+02	7.479999999999999982e-01	nan	1.341340660994205791e-02	1.909651545266680475e-02	7.144818907091627768e-04
nan	7.696250000000000000e+02	7.696250000000000036e-01	nan	1.506663324464341258e-02	1.945830064678689963e-02	7.131877291874594380e-04
nan	7.913750000000000000e+02	7.913750000000001616e-01	nan	1.550006275039095271e-02	2.135553750407163942e-02	7.154286310926463981e-04
nan	7.969375000000000000e+02	7.969374999999999654e-01	nan	1.550001621157548470e-02	1.983585541189514939e-02	7.155302951576526880e-04
nan	8.088125000000000000e+02	8.088124999999999343e-01	nan	1.610647252073249547e-02	2.090448552817573274e-02	7.144466992077487576e-04
nan	8.324375000000000000e+02	8.324375000000000524e-01	nan	1.598623970342316625e-02	1.964449100215334004e-02	7.192804560414373452e-04
nan	8.411875000000000000e+02	8.411875000000000879e-01	nan	1.794553674291421430e-02	2.057413183759748687e-02	7.206654807680874493e-04
nan	8.667500000000000000e+02	8.667500000000001315e-01	nan	1.858321286866271294e-02	1.959932414400269302e-02	7.174693058998989287e-04
nan	8.864375000000000000e+02	8.864374999999999893e-01	nan	1.838499795348980115e-02	1.936408784456674845e-02	7.163788975955327765e-04
nan	8.801875000000000000e+02	8.801874999999999005e-01	nan	2.047486995688529987e-02	2.006798976744855051e-02	7.091208563116251648e-04
nan	9.150625000000000000e+02	9.150624999999998899e-01	nan	1.968260684370193303e-02	1.893595284767315978e-02	7.049999621037330438e-04
nan	9.224375000000000000e+02	9.224375000000000213e-01	nan	2.284271314366037586e-02	2.031224500883135192e-02	7.140857219320561732e-04
nan	9.256250000000000000e+02	9.256249999999999201e-01	nan	2.286519898875383205e-02	2.040297620523426336e-02	7.100011481755708065e-04
nan	9.224375000000000000e+02	9.224375000000000213e-01	nan	2.401988630292350990e-02	2.003630470799259988e-02	7.255764844446826317e-04
nan	9.503125000000000000e+02	9.503125000000000044e-01	nan	2.387671749897890550e-02	1.961358543102745960e-02	7.210558644955449882e-04
nan	9.572500000000000000e+02	9.572500000000000453e-01	nan	2.580873754230594841e-02	2.105120123503781415e-02	7.122901427441337592e-04
nan	9.670625000000000000e+02	9.670624999999999361e-01	nan	2.559098364856993157e-02	2.085877399430392451e-02	7.169188339177710824e-04
nan	1.555625000000000000e+02	1.555624999999999925e-01	nan	7.454985808204028785e-04	2.408989910317910904e-02	5.337201361413743302e-04
nan	2.065000000000000000e+02	2.065000000000000169e-01	nan	1.183959426837688511e-03	2.065373997576475454e-02	5.559070644203883103e-04
nan	2.424375000000000000e+02	2.424375000000000280e-01	nan	1.698920381034696447e-03	2.285438023836787458e-02	5.732432560967865454e-04
nan	2.864375000000000000e+02	2.864375000000000115e-01	nan	2.205993874055067749e-03	2.080174361091514934e-02	5.769110608635326853e-04
nan	3.060625000000000000e+02	3.060625000000000151e-01	nan	2.608878654623225657e-03	2.025783103222503212e-02	5.940331713427150773e-04
nan	3.346250000000000000e+02	3.346250000000000058e-01	nan	3.075583370552692486e-03	1.960125809019378634e-02	5.771294064966783419e-04
nan	3.570625000000000000e+02	3.570625000000000049e-01	nan	3.578999231699242500e-03	1.950423261675218040e-02	5.845882762092816098e-04
nan	3.777500000000000000e+02	3.777500000000000302e-01	nan	4.003012959746143906e-03	1.907351813081437780e-02	5.983718624334902854e-04
nan	4.014375000000000000e+02	4.014375000000000027e-01	nan	4.672899663574980877e-03	2.031915336421086585e-02	5.838531591934825694e-04
nan	4.293750000000000000e+02	4.293750000000000067e-01	nan	5.098557925443003569e-03	2.180914725144134786e-02	5.817609302104344640e-04
nan	4.477500000000000000e+02	4.477499999999999813e-01	nan	5.581460071745425466e-03	2.037621632675015726e-02	5.812945956392705400e-04
nan	4.684375000000000000e+02	4.684375000000000067e-01	nan	6.861437461679997796e-03	1.953753331816890718e-02	5.862274610432537418e-04
nan	4.795000000000000000e+02	4.795000000000000373e-01	nan	6.538141822673537717e-03	1.941787740004259633e-02	5.843347960254897120e-04
nan	4.963125000000000000e+02	4.963124999999999898e-01	nan	7.251531725032123177e-03	2.043211172640099077e-02	5.782588907902669675e-04
nan	5.149375000000000000e+02	5.149375000000000480e-01	nan	7.572903477004899742e-03	2.095499890131346729e-02	5.966790465873073870e-04
nan	5.305000000000000000e+02	5.304999999999999716e-01	nan	8.574429414679229922e-03	1.904835708290968446e-02	6.000851568277374131e-04
nan	5.542500000000000000e+02	5.542499999999999094e-01	nan	9.430939765834978061e-03	2.108180635097428590e-02	5.941813948921889849e-04
nan	5.596250000000000000e+02	5.596250000000000391e-01	nan	9.663841161156483395e-03	2.015287884479469854e-02	5.938510173321980175e-04
nan	5.725000000000000000e+02	5.725000000000000089e-01	nan	1.101776851030678017e-02	1.997435913292572307e-02	5.914636474596195268e-04
nan	5.924375000000000000e+02	5.924375000000000613e-01	nan	1.111638439640216802e-02	2.125009586395522343e-02	5.850764029570305023e-04
nan	6.033125000000000000e+02	6.033125000000000293e-01	nan	1.145956022986638345e-02	1.963308014359506012e-02	5.981363419643427820e-04
nan	6.096875000000000000e+02	6.096874999999999378e-01	nan	1.187650865787759358e-02	1.960954588937358772e-02	5.905053073691328164e-04
nan	6.342500000000000000e+02	6.342499999999999805e-01	nan	1.298866268379583744e-02	2.135367191742061632e-02	5.895378271479390130e-04
nan	6.511875000000000000e+02	6.511875000000000302e-01	nan	1.366342753036065005e-02	1.952753167676079399e-02	5.936263282835751130e-04
nan	6.554375000000000000e+02	6.554375000000000062e-01	nan	1.425955230521935846e-02	2.047834657615795612e-02	5.927591965736293302e-04
nan	6.702500000000000000e+02	6.702500000000000124e-01	nan	1.526110747344944230e-02	2.081045356724599976e-02	5.987293078572675578e-04
nan	6.743125000000000000e+02	6.743124999999998703e-01	nan	1.573209469680136863e-02	2.039445059713746247e-02	5.920524118802929225e-04
nan	6.868125000000000000e+02	6.868124999999999369e-01	nan	1.683881337217485452e-02	1.982354867165264656e-02	5.944534290728111306e-04
nan	7.020625000000000000e+02	7.020625000000000338e-01	nan	1.742206184108852085e-02	1.994176073018530393e-02	6.034822727098663195e-04
nan	7.224375000000000000e+02	7.224375000000000657e-01	nan	1.877035240848101694e-02	2.009806333012786883e-02	6.044691879277327854e-04
nan	7.214375000000000000e+02	7.214374999999999538e-01	nan	1.897807892555647413e-02	1.904633207949148893e-02	6.015715939228550874e-04
nan	7.351875000000000000e+02	7.351874999999999938e-01	nan	1.892109343832260038e-02	2.025408657865256784e-02	5.944364162359072308e-04
nan	7.673125000000000000e+02	7.673124999999999529e-01	nan	1.827909499010615946e-02	1.954822095145991243e-02	6.013033166848281812e-04
nan	7.716875000000000000e+02	7.716875000000000817e-01	nan	1.971871404869318667e-02	2.039727896367108523e-02	6.013241985124018066e-04
nan	7.656250000000000000e+02	7.656250000000000000e-01	nan	2.067388077539078495e-02	2.043234842989307548e-02	5.993682500114983457e-04
nan	7.843125000000000000e+02	7.843124999999999680e-01	nan	2.224389854558239676e-02	1.996781536789004122e-02	5.966692877190350958e-04
nan	7.911250000000000000e+02	7.911250000000000782e-01	nan	2.285956388895726832e-02	2.061194890450671058e-02	5.959452013621052268e-04
nan	8.071875000000000000e+02	8.071874999999999467e-01	nan	2.402220173414093551e-02	1.955181409458409125e-02	5.985283676007984062e-04
nan	8.154375000000000000e+02	8.154375000000000373e-01	nan	2.412628616447420882e-02	1.974931484705006596e-02	5.948057272379422920e-04
nan	1.118750000000000000e+02	1.118750000000000022e-01	nan	7.978569332971474637e-04	2.311254562189596351e-02	4.235430852816101364e-04
nan	1.667500000000000000e+02	1.667500000000000093e-01	nan	1.263619826669781787e-03	2.215214771600918994e-02	4.495410277127770307e-04
nan	1.833750000000000000e+02	1.833749999999999825e-01	nan	1.799443038049020060e-03	1.959710209636949391e-02	4.396142396420302961e-04
nan	2.124375000000000000e+02	2.124375000000000013e-01	nan	2.145333853018627224e-03	2.045391481925698529e-02	4.611829968008970089e-04
nan	2.388750000000000000e+02	2.388749999999999762e-01	nan	2.952855127972497939e-03	1.930078430333392187e-02	4.487825755227767884e-04
nan	2.654375000000000000e+02	2.654375000000000484e-01	nan	3.167900318327809828e-03	2.242268751062339791e-02	4.620202805572384635e-04
nan	2.841875000000000000e+02	2.841874999999999818e-01	nan	3.588364012564682071e-03	2.092136486674596452e-02	4.725042113692313637e-04
nan	3.030625000000000000e+02	3.030625000000000124e-01	nan	4.095809762727498082e-03	2.062282680389222744e-02	4.746941168254857602e-04
nan	3.171250000000000000e+02	3.171249999999999902e-01	nan	4.895276077661492309e-03	2.130682837071093752e-02	4.646558984589827380e-04
nan	3.461250000000000000e+02	3.461250000000000160e-01	nan	4.655617816389678865e-03	2.038313914014067835e-02	4.742084829501504086e-04
nan	3.605000000000000000e+02	3.605000000000000426e-01	nan	5.236318922179350466e-03	1.974677004077808953e-02	4.618577765466799659e-04
nan	3.645000000000000000e+02	3.645000000000000462e-01	nan	6.471694756982060426e-03	2.020469636906492214e-02	4.735252617694972769e-04
nan	3.860000000000000000e+02	3.860000000000000098e-01	nan	7.253998763154356766e-03	1.939666528461793035e-02	4.753794506408013168e-04
nan	3.922500000000000000e+02	3.922499999999999876e-01	nan	7.056733041935103756e-03	2.007922882443245738e-02	4.649613719287799384e-04
nan	4.177500000000000000e+02	4.177500000000000102e-01	nan	8.365093507336496259e-03	2.201851657541099155e-02	4.666953262578569833e-04
nan	4.241250000000000000e+02	4.241249999999999742e-01	nan	9.360848216182660053e-03	1.952033297283725655e-02	4.726679265793061946e-04
nan	4.332500000000000000e+02	4.332500000000000240e-01	nan	9.303841400999601774e-03	1.940028662117959310e-02	4.680903629802331094e-04
nan	4.468750000000000000e+02	4.468749999999999667e-01	nan	9.695520501303178662e-03	2.093276755410414941e-02	4.814017006652272345e-04
nan	4.603750000000000000e+02	4.603749999999999787e-01	nan	9.750819931511500727e-03	2.039066299863994888e-02	4.706530644436180528e-04
nan	4.765625000000000000e+02	4.765625000000000000e-01	nan	1.033039114810208048e-02	1.955854744619140925e-02	4.732811839072699304e-04
nan	4.832500000000000000e+02	4.832499999999999574e-01	nan	1.038520974434220534e-02	2.080152795291657919e-02	4.766222372390646611e-04
nan	4.937500000000000000e+02	4.937499999999999667e-01	nan	1.211103463684537473e-02	1.932029022786831834e-02	4.740764556157904628e-04
nan	5.000625000000000000e+02	5.000624999999999654e-01	nan	1.342330717969275611e-02	2.091827771962421686e-02	4.702707691999531443e-04
nan	5.098750000000000000e+02	5.098750000000000782e-01	nan	1.279236465565247727e-02	1.999683714646865312e-02	4.787893168000007015e-04
nan	5.266250000000000000e+02	5.266250000000000098e-01	nan	1.496231832341265999e-02	1.873545725667752695e-02	4.766757401593972859e-04
nan	5.361250000000000000e+02	5.361249999999999627e-01	nan	1.379261637360684745e-02	1.851833529061027578e-02	4.766521605565895514e-04
nan	5.481875000000000000e+02	5.481874999999999387e-01	nan	1.508647642607741091e-02	2.097572544105411052e-02	4.738499574517859142e-04
nan	5.460000000000000000e+02	5.460000000000000409e-01	nan	1.582730191613279658e-02	1.889143261343517038e-02	4.794527419392400833e-04
nan	5.661875000000000000e+02	5.661875000000000657e-01	nan	1.586094015749495156e-02	2.058784370132830596e-02	4.788438438862378083e-04
nan	5.694375000000000000e+02	5.694374999999999298e-01	nan	1.716133039811040817e-02	1.974058205969176499e-02	4.856517059076462771e-04
nan	5.829375000000000000e+02	5.829374999999998863e-01	nan	1.839900456819520969e-02	1.810368818919878831e-02	4.716000355262493933e-04
nan	5.976875000000000000e+02	5.976874999999999272e-01	nan	1.943303737861867830e-02	2.054105943636360190e-02	4.773465663623886485e-04
nan	6.069375000000000000e+02	6.069375000000000187e-01	nan	2.136986047258915278e-02	2.036771766202650352e-02	4.760779074575786874e-04
nan	6.037500000000000000e+02	6.037500000000000089e-01	nan	1.973553543700745649e-02	2.081351333317980890e-02	4.704261820310010295e-04
nan	6.196875000000000000e+02	6.196874999999999467e-01	nan	2.194284224695763896e-02	2.061400801124926158e-02	4.734197375629312370e-04
nan	6.228125000000000000e+02	6.228124999999999911e-01	nan	2.216815609546074484e-02	1.813536693953610862e-02	4.731511956966802119e-04
nan	6.293750000000000000e+02	6.293750000000000178e-01	nan	2.330631706823282912e-02	1.923659521086325958e-02	4.763293420685977848e-04
nan	6.430625000000000000e+02	6.430624999999999813e-01	nan	2.469756587258586933e-02	1.935252531825798830e-02	4.764123852533414406e-04
nan	6.616250000000000000e+02	6.616250000000000187e-01	nan	2.446953340624702378e-02	1.920458816697856799e-02	4.750388778686734804e-04
nan	7.175000000000000000e+01	7.174999999999999434e-02	nan	6.894041636851255817e-04	1.825725028753063042e-02	3.093536132239023254e-04
nan	1.100000000000000000e+02	1.100000000000000006e-01	nan	1.361775226445871567e-03	2.240202677569113482e-02	3.029594557466366075e-04
nan	1.371250000000000000e+02	1.371249999999999969e-01	nan	1.664754825911884950e-03	1.884307477214888088e-02	3.250424231860088008e-04
nan	1.528750000000000000e+02	1.528750000000000109e-01	nan	2.155488261118776450e-03	2.040197208881613586e-02	3.382528935959713476e-04
nan	1.743750000000000000e+02	1.743750000000000022e-01	nan	2.770022219678480724e-03	2.018238321108714595e-02	3.331749036209516023e-04
nan	1.928125000000000000e+02	1.928124999999999978e-01	nan	3.215628961363847793e-03	1.895162075413092673e-02	3.411723586781730379e-04
nan	2.075625000000000000e+02	2.075624999999999831e-01	nan	3.378170059384899560e-03	1.970583472147758447e-02	3.416728929880476608e-04
nan	2.243750000000000000e+02	2.243749999999999634e-01	nan	4.127847949664698035e-03	2.075713609796772316e-02	3.441853568794460243e-04
nan	2.314375000000000000e+02	2.314375000000000182e-01	nan	4.398543493710604935e-03	1.912379560532535827e-02	3.443446509182407030e-04
nan	2.466875000000000000e+02	2.466875000000000040e-01	nan	4.595633264784737548e-03	2.125019507891603987e-02	3.493622615757548512e-04
nan	2.532500000000000000e+02	2.532499999999999751e-01	nan	6.232943639567167793e-03	2.219193550297179213e-02	3.501402786481492375e-04
nan	2.709375000000000000e+02	2.709374999999999978e-01	nan	6.114808122703152549e-03	1.905248073017295693e-02	3.526595093479398691e-04
nan	2.833125000000000000e+02	2.833125000000000226e-01	nan	6.366730600866787881e-03	2.030851842355195502e-02	3.481699668020250002e-04
nan	2.931875000000000000e+02	2.931875000000000453e-01	nan	7.243572500776451761e-03	1.866693117691420323e-02	3.567244066328856158e-04
nan	2.976875000000000000e+02	2.976875000000000493e-01	nan	7.438619160716086753e-03	2.120528624466964940e-02	3.526140651344208694e-04
nan	3.162500000000000000e+02	3.162500000000000311e-01	nan	8.376497788916026366e-03	2.046166361078132975e-02	3.460859331830119746e-04
nan	3.275625000000000000e+02	3.275624999999999787e-01	nan	8.938684045261879874e-03	1.915303671328888804e-02	3.471405757211946897e-04
nan	3.300000000000000000e+02	3.300000000000000155e-01	nan	9.109140714201657829e-03	1.977808482377334254e-02	3.552739889045023109e-04
nan	3.455000000000000000e+02	3.454999999999999738e-01	nan	1.029037788143938315e-02	1.956104910963390314e-02	3.557635003031670473e-04
nan	3.510000000000000000e+02	3.509999999999999787e-01	nan	1.025728331399022863e-02	2.191468370444677599e-02	3.513534676438528903e-04
nan	3.545625000000000000e+02	3.545625000000000027e-01	nan	1.160606788090490227e-02	1.745255108296930521e-02	3.587046103169436303e-04
nan	3.663750000000000000e+02	3.663750000000000062e-01	nan	1.171109288785032732e-02	1.902256935499125126e-02	3.553637357766210327e-04
nan	3.753125000000000000e+02	3.753124999999999933e-01	nan	1.231097295161021066e-02	2.113227022286204987e-02	3.527722627136603453e-04
nan	3.811250000000000000e+02	3.811249999999999361e-01	nan	1.449395140191711562e-02	1.917413832768360971e-02	3.534614874708894017e-04
nan	3.909375000000000000e+02	3.909375000000000488e-01	nan	1.385598915904040496e-02	2.076137780989703585e-02	3.539191081630695492e-04
nan	3.935625000000000000e+02	3.935625000000000373e-01	nan	1.430507296637983927e-02	2.052842140454794184e-02	3.530625016561500669e-04
nan	4.175000000000000000e+02	4.175000000000000377e-01	nan	1.431470889878028174e-02	2.149755955157486853e-02	3.584470602858644273e-04
nan	4.049375000000000000e+02	4.049375000000000058e-01	nan	1.551899492748987086e-02	1.920756182221601549e-02	3.539951698674567585e-04
nan	4.288750000000000000e+02	4.288750000000000062e-01	nan	1.572733218785060672e-02	1.939622451185355617e-02	3.584386613812142125e-04
nan	4.291250000000000000e+02	4.291249999999999787e-01	nan	1.555064865931399254e-02	1.858371533245404758e-02	3.517278431967835834e-04
nan	4.326875000000000000e+02	4.326875000000000027e-01	nan	1.731406489372488977e-02	2.046491080405399288e-02	3.580856109270568388e-04
nan	4.439375000000000000e+02	4.439374999999999849e-01	nan	1.781896548008887748e-02	1.972584873448290227e-02	3.568109817140394818e-04
nan	4.556875000000000000e+02	4.556875000000000231e-01	nan	1.954790077938639570e-02	2.045872458790723783e-02	3.559911489355129573e-04
nan	4.654375000000000000e+02	4.654374999999999485e-01	nan	1.685141357134511964e-02	2.008564863895750605e-02	3.636107025124103828e-04
nan	4.587500000000000000e+02	4.587499999999999911e-01	nan	1.898626233491995663e-02	1.919084280826859057e-02	3.533509415888637871e-04
nan	4.736875000000000000e+02	4.736874999999999836e-01	nan	2.094002256508531445e-02	2.091104976172472596e-02	3.535608166091649420e-04
nan	4.870625000000000000e+02	4.870624999999999538e-01	nan	2.197586465378265075e-02	1.952485591946277396e-02	3.645148900163577323e-04
nan	4.915625000000000000e+02	4.915625000000000133e-01	nan	2.171161968358603644e-02	2.103842816156732340e-02	3.622263538349238150e-04
nan	4.847500000000000000e+02	4.847500000000000142e-01	nan	2.333314021119292647e-02	2.048966302682153628e-02	3.558519161463620799e-04
