# SourcePhotonFlux	NumberRaysSurvived	PercentageRaysSurvived	PhotonFlux	Bandwidth	HorizontalFocusFWHM	VerticalFocusFWHM
nan	1.498400000000000034e+02	1.498400000000000010e-01	nan	2.281860951649150788e-04	1.485993375606855030e-02	8.255603763359436673e-04
nan	1.888799999999999955e+02	1.888799999999999923e-01	nan	3.677237538249755614e-04	1.486669767583784565e-02	8.865532576600909567e-04
nan	2.250000000000000000e+02	2.250000000000000056e-01	nan	4.480784364534429144e-04	1.353972701083326971e-02	8.882726451351085923e-04
nan	2.557199999999999704e+02	2.557200000000000584e-01	nan	5.683765397759543963e-04	1.508568476664659541e-02	9.389795069665692528e-04
nan	2.847199999999999704e+02	2.847199999999999731e-01	nan	6.913082511732682352e-04	1.371838428057287410e-02	9.202411098315789722e-04
nan	3.056000000000000227e+02	3.055999999999999828e-01	nan	8.286941600601949610e-04	1.332897108621846315e-02	9.329513464252193545e-04
nan	3.385600000000000023e+02	3.385600000000000276e-01	nan	1.015111108547444001e-03	1.341207189450692103e-02	9.502735950537138368e-04
nan	3.579199999999999591e+02	3.579199999999999049e-01	nan	1.211234286496392200e-03	1.283981632974995693e-02	9.288511794334588286e-04
nan	3.762400000000000091e+02	3.762399999999999634e-01	nan	1.325646466497118914e-03	1.275247297379893466e-02	9.496267515373844805e-04
nan	3.968400000000000318e+02	3.968399999999999705e-01	nan	1.494159749427126371e-03	1.279923106099077092e-02	9.378220558642613985e-04
nan	4.103600000000000136e+02	4.103600000000001136e-01	nan	1.750604855237725046e-03	1.307655700645935989e-02	9.410646488622007597e-04
nan	4.282800000000000296e+02	4.282799999999999940e-01	nan	1.761306857906674763e-03	1.300423157968434718e-02	9.406891308271478130e-04
nan	4.458799999999999955e+02	4.458799999999999986e-01	nan	2.014071983294343175e-03	1.251288645010706878e-02	9.479914023044830459e-04
nan	4.645199999999999818e+02	4.645200000000000995e-01	nan	2.323776864925548337e-03	1.295771400023595574e-02	9.437039185248800172e-04
nan	4.817600000000000477e+02	4.817600000000000771e-01	nan	2.352142945521791279e-03	1.291362694836767008e-02	9.529905299213842478e-04
nan	4.953199999999999932e+02	4.953199999999999825e-01	nan	2.545747507474516082e-03	1.270435968122953820e-02	9.578972947481981595e-04
nan	5.126000000000000227e+02	5.125999999999999446e-01	nan	2.748596711853679153e-03	1.194912496508992311e-02	9.467427332732943892e-04
nan	5.190000000000000000e+02	5.189999999999999059e-01	nan	2.912622611565893974e-03	1.257076941313673910e-02	9.436313352083423173e-04
nan	5.451600000000000819e+02	5.451600000000000890e-01	nan	3.212777179583099687e-03	1.285841608825070634e-02	9.538729611354142355e-04
nan	5.418799999999999955e+02	5.418800000000000283e-01	nan	3.153253524833417136e-03	1.244012369412857665e-02	9.564252162214496042e-04
nan	5.587200000000000273e+02	5.587199999999998834e-01	nan	3.416860279221509925e-03	1.259423526947239282e-02	9.594763575331065417e-04
nan	5.832799999999999727e+02	5.832800000000000207e-01	nan	3.574946221588106657e-03	1.279454459313502344e-02	9.559571653962950846e-04
nan	5.846800000000000637e+02	5.846799999999999775e-01	nan	3.898317171183407395e-03	1.266916867150417667e-02	9.562398703251125467e-04
nan	5.949199999999999591e+02	5.949200000000000044e-01	nan	4.221580599123626529e-03	1.266978372840314206e-02	9.495037937437302272e-04
nan	6.204399999999999409e+02	6.204399999999999915e-01	nan	4.491970602143737293e-03	1.320142877273949335e-02	9.560602859064517298e-04
nan	6.171200000000000045e+02	6.171200000000001129e-01	nan	4.698476045459755793e-03	1.303939760194489442e-02	9.498711306154013342e-04
nan	6.251200000000000045e+02	6.251200000000000090e-01	nan	4.904436700680889910e-03	1.246597618304835266e-02	9.512489601591425387e-04
nan	6.507200000000000273e+02	6.507199999999999651e-01	nan	5.177482314516055305e-03	1.228776966696690405e-02	9.687627400811217853e-04
nan	6.590800000000000409e+02	6.590799999999999992e-01	nan	5.096390532671648231e-03	1.243383198971705940e-02	9.506969105341587113e-04
nan	6.763199999999999363e+02	6.763200000000000323e-01	nan	5.778403617869116646e-03	1.216988968814871133e-02	9.489547162116028370e-04
nan	6.873199999999999363e+02	6.873199999999999310e-01	nan	5.419119435027823679e-03	1.228250801647902402e-02	9.433469957098445085e-04
nan	6.911600000000000819e+02	6.911599999999999966e-01	nan	5.646494677534974471e-03	1.224309296490529164e-02	9.510507530493070988e-04
nan	7.103999999999999773e+02	7.103999999999999204e-01	nan	6.055787748014154065e-03	1.247815324039565008e-02	9.438249256236315703e-04
nan	7.191600000000000819e+02	7.191599999999999104e-01	nan	6.459731614772863499e-03	1.277507902831830598e-02	9.430540761883061257e-04
nan	7.208799999999999955e+02	7.208800000000000763e-01	nan	6.516181837496333798e-03	1.158599553375628394e-02	9.524804769375269219e-04
nan	7.356000000000000227e+02	7.356000000000000316e-01	nan	7.383757701081776308e-03	1.279255146413411058e-02	9.409968874748606774e-04
nan	7.414800000000000182e+02	7.414799999999999169e-01	nan	7.093507054996735228e-03	1.204376627657200750e-02	9.553554651995328295e-04
nan	7.488399999999999181e+02	7.488400000000001722e-01	nan	7.421259741267931080e-03	1.173098277874678672e-02	9.492235990794077333e-04
nan	7.586399999999999864e+02	7.586399999999999810e-01	nan	7.650247483002203981e-03	1.288660704913453803e-02	9.413051128574119204e-04
nan	7.822799999999999727e+02	7.822800000000000864e-01	nan	7.833462904955013073e-03	1.223244694739403574e-02	9.526626632635660933e-04
nan	7.766399999999999864e+02	7.766399999999999970e-01	nan	7.967456694077553608e-03	1.295079927719698307e-02	9.709680577402481343e-04
nan	7.916399999999999864e+02	7.916400000000000103e-01	nan	8.394596455864303600e-03	1.262538907194968307e-02	9.567499104801630624e-04
nan	7.992400000000000091e+02	7.992399999999999505e-01	nan	9.131307394563917962e-03	1.327946081640903400e-02	9.617111259756424288e-04
nan	8.002400000000000091e+02	8.002399999999999514e-01	nan	8.994486581796082986e-03	1.210210053023541912e-02	9.542542534743724339e-04
nan	8.160399999999999636e+02	8.160399999999998766e-01	nan	9.511229885902139358e-03	1.217152976577407647e-02	9.643827155654336857e-04
nan	8.238399999999999181e+02	8.238400000000002388e-01	nan	9.933018373003506610e-03	1.287414818723913758e-02	9.483000851237086571e-04
nan	8.293999999999999773e+02	8.294000000000000261e-01	nan	9.501763696107445867e-03	1.321231801763362267e-02	9.507069805474107922e-04
nan	8.442000000000000455e+02	8.441999999999998394e-01	nan	9.438595569763492607e-03	1.217957182981729489e-02	9.495530505119007675e-04
nan	8.556000000000000227e+02	8.556000000000001382e-01	nan	1.061668409776757478e-02	1.265811139371780802e-02	9.655515000912981644e-04
nan	8.624399999999999409e+02	8.624399999999999844e-01	nan	1.070396850054749008e-02	1.298569403696660587e-02	9.584353569969322273e-04
nan	8.639200000000000728e+02	8.639199999999999102e-01	nan	1.108480047463672111e-02	1.265479758692207232e-02	9.334004524613022857e-04
nan	8.745200000000000955e+02	8.745200000000000751e-01	nan	1.180511822570224495e-02	1.222892684245814078e-02	9.724003141649989208e-04
nan	8.888799999999998818e+02	8.888800000000000034e-01	nan	1.124416993545310044e-02	1.290492602399628298e-02	9.573890682980000727e-04
nan	8.975600000000000591e+02	8.975600000000000245e-01	nan	1.202030711451698188e-02	1.216484772229640098e-02	9.452813982050517960e-04
nan	9.045600000000000591e+02	9.045600000000000307e-01	nan	1.213341846962066525e-02	1.253850864150895562e-02	9.571147934941614480e-04
nan	9.034799999999999045e+02	9.034799999999998388e-01	nan	1.208602852701915267e-02	1.288023793548182493e-02	9.635983766743244075e-04
nan	9.129600000000000364e+02	9.129599999999999937e-01	nan	1.234120583842013633e-02	1.245089756916798775e-02	9.493392096018087815e-04
nan	9.267599999999999909e+02	9.267599999999998062e-01	nan	1.331532865557164859e-02	1.269144643181869744e-02	9.468460884932573124e-04
nan	9.359600000000000364e+02	9.359600000000000142e-01	nan	1.398892179402537114e-02	1.233266614176941819e-02	9.513076276029353105e-04
nan	9.381600000000000819e+02	9.381600000000001049e-01	nan	1.446727065068444118e-02	1.272038364576691394e-02	9.633788609111569026e-04
nan	9.483600000000000136e+02	9.483599999999998698e-01	nan	1.380475814018609568e-02	1.233677702160575380e-02	9.502265012310172820e-04
nan	9.542000000000000455e+02	9.541999999999999371e-01	nan	1.434044487229584920e-02	1.223423266635654399e-02	9.723144711297844380e-04
nan	9.667999999999999545e+02	9.668000000000001037e-01	nan	1.476525445465085885e-02	1.263342625265407616e-02	9.560374909271188030e-04
nan	9.657200000000000273e+02	9.657199999999999118e-01	nan	1.491313021018868257e-02	1.174629918028286847e-02	9.507552860982858636e-04
nan	9.769200000000000728e+02	9.769200000000000106e-01	nan	1.608715663847760935e-02	1.137310419036840700e-02	9.560591696302158955e-04
nan	9.801200000000001182e+02	9.801199999999999912e-01	nan	1.514636526865615306e-02	1.176357482578327049e-02	9.421512537406837506e-04
nan	9.959200000000000728e+02	9.959199999999999164e-01	nan	1.556700820988226111e-02	1.230868212234005263e-02	9.520278330399884826e-04
nan	1.004839999999999918e+03	1.004840000000000177e+00	nan	1.722769359202174985e-02	1.201540621243890952e-02	9.570574381878758311e-04
nan	1.008360000000000014e+03	1.008360000000000145e+00	nan	1.696897620937306769e-02	1.206508571507552627e-02	9.602514144427552528e-04
nan	1.021279999999999973e+03	1.021279999999999744e+00	nan	1.689885724733358047e-02	1.252302394777817830e-02	9.610168058073213435e-04
nan	1.019200000000000045e+03	1.019200000000000106e+00	nan	1.663568936870433307e-02	1.165766537210043662e-02	9.531223369569618306e-04
nan	1.030079999999999927e+03	1.030080000000000107e+00	nan	1.805850821065178163e-02	1.227777050006778961e-02	9.710412026595454651e-04
nan	1.040279999999999973e+03	1.040280000000000094e+00	nan	1.919999291496424232e-02	1.256740668129798823e-02	9.605644923489578416e-04
nan	1.048679999999999836e+03	1.048679999999999835e+00	nan	1.937909090444918728e-02	1.269642426652912472e-02	9.623187702000012000e-04
nan	1.050639999999999873e+03	1.050640000000000018e+00	nan	1.885098840713908541e-02	1.179083805235236690e-02	9.500085165282570309e-04
nan	1.055000000000000000e+03	1.055000000000000160e+00	nan	1.923857394127480996e-02	1.239995385366689587e-02	9.485990652037649701e-04
nan	1.061519999999999982e+03	1.061519999999999797e+00	nan	1.908865025193335827e-02	1.250116867386658406e-02	9.745648747604005379e-04
nan	1.070360000000000127e+03	1.070359999999999978e+00	nan	2.034431887380378640e-02	1.211754009342702956e-02	9.626420185775026988e-04
nan	1.065480000000000018e+03	1.065479999999999983e+00	nan	2.044355379041917081e-02	1.226792359403116109e-02	9.489855997343577248e-04
nan	1.081720000000000027e+03	1.081720000000000015e+00	nan	2.201298103484987043e-02	1.249932780966451704e-02	9.751565548084855295e-04
nan	1.095960000000000036e+03	1.095960000000000045e+00	nan	2.115042258217727025e-02	1.251017894826654195e-02	9.624103246506813614e-04
nan	1.095240000000000009e+03	1.095239999999999991e+00	nan	2.136693094775182419e-02	1.250797815591040904e-02	9.450113652125698713e-04
nan	1.098360000000000127e+03	1.098360000000000003e+00	nan	2.171130075015753266e-02	1.260742395506087542e-02	9.746815029133947678e-04
nan	1.022399999999999949e+02	1.022399999999999698e-01	nan	1.612934814227173807e-04	1.688090549854884617e-02	8.730800270736086910e-04
nan	1.345999999999999943e+02	1.345999999999999974e-01	nan	2.604927202401086279e-04	1.553364156029211386e-02	8.756829198907370654e-04
nan	1.619200000000000159e+02	1.619200000000000084e-01	nan	3.467992040037870733e-04	1.332834172413655503e-02	8.716440711103046884e-04
nan	1.845600000000000023e+02	1.845600000000000018e-01	nan	3.733341526151434642e-04	1.328203741565125648e-02	9.209932472894271586e-04
nan	2.064000000000000057e+02	2.064000000000000001e-01	nan	4.859559282954251666e-04	1.374744875714490645e-02	9.249102582415246604e-04
nan	2.190800000000000125e+02	2.190800000000000247e-01	nan	6.152789022007709328e-04	1.252455426974347433e-02	9.255249840900090777e-04
nan	2.282800000000000296e+02	2.282800000000000384e-01	nan	7.050174364690065020e-04	1.236809931505536073e-02	9.180791705553799625e-04
nan	2.545999999999999943e+02	2.545999999999999930e-01	nan	8.464732761501636473e-04	1.295663050888439319e-02	9.374986800735815844e-04
nan	2.651999999999999886e+02	2.651999999999999913e-01	nan	9.094325636101529631e-04	1.343387203508938053e-02	9.493798065371534482e-04
nan	2.833600000000000136e+02	2.833599999999999453e-01	nan	1.014838858975508672e-03	1.292491099817552613e-02	9.416014817542972884e-04
nan	2.895199999999999818e+02	2.895199999999999996e-01	nan	1.055840745477780798e-03	1.362710785726524779e-02	9.453584022047484400e-04
nan	3.064399999999999977e+02	3.064399999999999902e-01	nan	1.233040511024228059e-03	1.353522397836896471e-02	9.446549391040600990e-04
nan	3.181599999999999682e+02	3.181599999999999429e-01	nan	1.270749759678437832e-03	1.247872700868785448e-02	9.435784785751955700e-04
nan	3.304399999999999977e+02	3.304399999999999560e-01	nan	1.462569086684197949e-03	1.229969640527143505e-02	9.323979584656437230e-04
nan	3.377599999999999909e+02	3.377599999999999492e-01	nan	1.670514194090628665e-03	1.316315337297183433e-02	9.392597015556785819e-04
nan	3.487199999999999704e+02	3.487200000000000299e-01	nan	1.776437200014697581e-03	1.312682660218565320e-02	9.464297566201442923e-04
nan	3.598799999999999955e+02	3.598799999999999777e-01	nan	1.868841494083426508e-03	1.269502385215253749e-02	9.476337475084453590e-04
nan	3.680800000000000409e+02	3.680800000000000183e-01	nan	1.984420884102746502e-03	1.396897242309461974e-02	9.456025601871488693e-04
nan	3.779199999999999591e+02	3.779200000000000337e-01	nan	2.179475643367823155e-03	1.193616688756208612e-02	9.481853408239534131e-04
nan	3.908000000000000114e+02	3.908000000000000362e-01	nan	2.302769310863368550e-03	1.263665322220084222e-02	9.589609273599572926e-04
nan	3.975600000000000023e+02	3.975600000000000245e-01	nan	2.459526846860171471e-03	1.228177737243835513e-02	9.368815511252076220e-04
nan	4.078400000000000318e+02	4.078400000000000358e-01	nan	2.538467136350845959e-03	1.248221549462940130e-02	9.504852862191558432e-04
nan	4.176000000000000227e+02	4.176000000000000267e-01	nan	2.811338492151662337e-03	1.232797851162815983e-02	9.503238344516693175e-04
nan	4.281200000000000045e+02	4.281200000000000006e-01	nan	2.801426207047370658e-03	1.349103747803962264e-02	9.515714646364728654e-04
nan	4.383999999999999773e+02	4.383999999999999564e-01	nan	2.933226361069500836e-03	1.226213238797245128e-02	9.489340397930492998e-04
nan	4.471600000000000250e+02	4.471600000000000574e-01	nan	3.193123366795589529e-03	1.257040596931086399e-02	9.550681580551617297e-04
nan	4.467199999999999704e+02	4.467200000000000060e-01	nan	3.313087298861319089e-03	1.281993717435780597e-02	9.619990042631093455e-04
nan	4.601999999999999886e+02	4.601999999999999424e-01	nan	3.514569678686711805e-03	1.289256131758319789e-02	9.589572451359458039e-04
nan	4.645199999999999818e+02	4.645199999999999885e-01	nan	3.787745258027826016e-03	1.229649919841490149e-02	9.464201414131425977e-04
nan	4.748799999999999955e+02	4.748800000000000243e-01	nan	3.784975479811691999e-03	1.308344516635301727e-02	9.505472332781538924e-04
nan	4.795199999999999818e+02	4.795199999999999463e-01	nan	3.695543630719839989e-03	1.203635042399586394e-02	9.552236424912157733e-04
nan	4.840000000000000000e+02	4.839999999999999858e-01	nan	4.031745919687636584e-03	1.218310537629792648e-02	9.551491757515987932e-04
nan	5.026000000000000227e+02	5.025999999999999357e-01	nan	4.015159520176893662e-03	1.190991154310823592e-02	9.513640218943308653e-04
nan	4.986800000000000068e+02	4.986800000000000677e-01	nan	4.538546394837794477e-03	1.213901079296453647e-02	9.578062389636856017e-04
nan	5.101200000000000045e+02	5.101200000000000179e-01	nan	4.825519575169892085e-03	1.190267720392194049e-02	9.399488175852764105e-04
nan	5.212400000000000091e+02	5.212399999999999256e-01	nan	4.866476245415469852e-03	1.319990772679724943e-02	9.406428724461814855e-04
nan	5.235199999999999818e+02	5.235199999999999854e-01	nan	4.947283990718460631e-03	1.195614882935830750e-02	9.493486713473721491e-04
nan	5.325600000000000591e+02	5.325599999999999223e-01	nan	5.020909579347971989e-03	1.257288264019753091e-02	9.557616633986268980e-04
nan	5.363199999999999363e+02	5.363200000000001300e-01	nan	5.421035683352783477e-03	1.250675955893806868e-02	9.457690797801930355e-04
nan	5.444800000000000182e+02	5.444799999999999640e-01	nan	5.532936026211245431e-03	1.226154477550896703e-02	9.529247677430161467e-04
nan	5.596000000000000227e+02	5.596000000000000973e-01	nan	5.594354185468546070e-03	1.305642353013345205e-02	9.528783969280699411e-04
nan	5.620399999999999636e+02	5.620400000000000951e-01	nan	5.944997855613110352e-03	1.273493586521190490e-02	9.470347530953274456e-04
nan	5.621200000000000045e+02	5.621199999999999530e-01	nan	6.491730909547186075e-03	1.239945601999259753e-02	9.668437445286785087e-04
nan	5.711600000000000819e+02	5.711600000000000010e-01	nan	6.259207644543493369e-03	1.266943463751871168e-02	9.460847387168690647e-04
nan	5.793199999999999363e+02	5.793200000000000571e-01	nan	6.550812262448743768e-03	1.227040821922037797e-02	9.522816400776857584e-04
nan	5.840800000000000409e+02	5.840800000000000436e-01	nan	6.458933082622024709e-03	1.263813865409129170e-02	9.704407610463050083e-04
nan	5.786800000000000637e+02	5.786800000000000832e-01	nan	7.227786693129019391e-03	1.285478580134973015e-02	9.603305806577963838e-04
nan	5.991200000000000045e+02	5.991199999999999859e-01	nan	6.984323072156258146e-03	1.254180202368615840e-02	9.546134016991264255e-04
nan	6.026399999999999864e+02	6.026399999999999535e-01	nan	7.370827395998276639e-03	1.277721099263585958e-02	9.484928695199734911e-04
nan	6.060000000000000000e+02	6.059999999999999831e-01	nan	7.435246678214752977e-03	1.258128593062529145e-02	9.446521640250696034e-04
nan	6.083600000000000136e+02	6.083600000000000119e-01	nan	7.840452194068347688e-03	1.195072167928024759e-02	9.403223350093199272e-04
nan	6.237599999999999909e+02	6.237600000000000922e-01	nan	8.214254421955047986e-03	1.161976070298049654e-02	9.532209605289663264e-04
nan	6.172400000000000091e+02	6.172400000000000109e-01	nan	8.214119431568179391e-03	1.252236350193030798e-02	9.654205809888031110e-04
nan	6.323999999999999773e+02	6.323999999999999622e-01	nan	9.181246995749462597e-03	1.285668337560049238e-02	9.502129604637725088e-04
nan	6.427599999999999909e+02	6.427599999999999980e-01	nan	8.456120306782395624e-03	1.197941945918458775e-02	9.404682095970401043e-04
nan	6.305199999999999818e+02	6.305199999999999694e-01	nan	8.801596924349723572e-03	1.184042044468310018e-02	9.442199842999753415e-04
nan	6.516800000000000637e+02	6.516800000000000370e-01	nan	9.416073827660511805e-03	1.192026644997184331e-02	9.431985452984554966e-04
nan	6.528399999999999181e+02	6.528400000000000869e-01	nan	9.591696317247624254e-03	1.257113504744812073e-02	9.700841326562226674e-04
nan	6.518799999999999955e+02	6.518800000000000150e-01	nan	9.532683947618351972e-03	1.258940763824499022e-02	9.644245694966373152e-04
nan	6.610000000000000000e+02	6.610000000000001430e-01	nan	9.831101378340463201e-03	1.252826570290698806e-02	9.656412875740387394e-04
nan	6.774800000000000182e+02	6.774799999999998601e-01	nan	1.044523147874315203e-02	1.274881523751391667e-02	9.691599767314669012e-04
nan	6.701600000000000819e+02	6.701600000000000890e-01	nan	1.030387027690267063e-02	1.182481486986371698e-02	9.576150510340038311e-04
nan	6.786000000000000227e+02	6.785999999999999810e-01	nan	1.000561768463740023e-02	1.151425534352602462e-02	9.680136299623724044e-04
nan	6.868799999999999955e+02	6.868800000000000461e-01	nan	1.034466253151549581e-02	1.231133749161729060e-02	9.522678355357219043e-04
nan	6.851200000000000045e+02	6.851200000000000623e-01	nan	1.066753014881214809e-02	1.213527846403918489e-02	9.484581199849000588e-04
nan	6.902799999999999727e+02	6.902799999999998937e-01	nan	1.080414825858497414e-02	1.207296379729900018e-02	9.489239832992154428e-04
nan	7.037200000000000273e+02	7.037200000000000122e-01	nan	1.118917436129777433e-02	1.211463536371793284e-02	9.789742941476876209e-04
nan	7.133199999999999363e+02	7.133199999999999541e-01	nan	1.131467666137723517e-02	1.195031080957474623e-02	9.450899487326756224e-04
nan	7.069199999999999591e+02	7.069199999999999928e-01	nan	1.168727249187213532e-02	1.245493171650016891e-02	9.633720701211444509e-04
nan	7.155199999999999818e+02	7.155199999999999338e-01	nan	1.204971217607635550e-02	1.212229592438388535e-02	9.644579496770092856e-04
nan	7.198799999999999955e+02	7.198800000000000754e-01	nan	1.241083987250021954e-02	1.181338536156891113e-02	9.598495980776937386e-04
nan	7.439199999999999591e+02	7.439199999999999147e-01	nan	1.185012088351868401e-02	1.211710490115848471e-02	9.640091037019786913e-04
nan	7.346399999999999864e+02	7.346399999999999597e-01	nan	1.322503062185205816e-02	1.244315312983347056e-02	9.813320551422300992e-04
nan	7.453600000000000136e+02	7.453600000000000225e-01	nan	1.241178289461459042e-02	1.261312812729342703e-02	9.690175479023074769e-04
nan	7.454800000000000182e+02	7.454800000000000315e-01	nan	1.327632147862459547e-02	1.222758782820803844e-02	9.677271053057812794e-04
nan	7.483999999999999773e+02	7.483999999999999542e-01	nan	1.268049226130642596e-02	1.161688091999438059e-02	9.622067463659752726e-04
nan	7.638799999999999955e+02	7.638800000000001145e-01	nan	1.391500420728334665e-02	1.216201449070280181e-02	9.571520171716147839e-04
nan	7.494399999999999409e+02	7.494400000000001061e-01	nan	1.381639574615292111e-02	1.209805978986571405e-02	9.697580486391184839e-04
nan	7.564800000000000182e+02	7.564800000000000413e-01	nan	1.400113577029515020e-02	1.210359232918141112e-02	9.680197994237303141e-04
nan	7.788799999999999955e+02	7.788800000000000168e-01	nan	1.454804826349572963e-02	1.202097095424698586e-02	9.539150565915829319e-04
nan	7.625600000000000591e+02	7.625600000000000156e-01	nan	1.510954152357953627e-02	1.268991897169407732e-02	9.656987487338978757e-04
nan	7.754800000000000182e+02	7.754800000000000582e-01	nan	1.456452310718304999e-02	1.217636609763751016e-02	9.726310649686176766e-04
nan	7.799199999999999591e+02	7.799200000000000577e-01	nan	1.480734452869000850e-02	1.209567368877821451e-02	9.634907363117196097e-04
