# SourcePhotonFlux	NumberRaysSurvived	PercentageRaysSurvived	PhotonFlux	Bandwidth	HorizontalFocusFWHM	VerticalFocusFWHM
nan	4.998000000000000398e+01	4.998000000000000359e-02	nan	3.367988486436957049e-04	6.376804504105373569e-03	2.525407005077373655e-04
nan	4.426999999999999602e+01	4.427000000000000379e-02	nan	4.882180990367146543e-04	4.872494679441728357e-03	2.584979279709680817e-04
nan	1.429000000000000092e+01	1.429000000000000062e-02	nan	7.065851027260804888e-04	4.849490933071941463e-03	2.467093135213592773e-04
nan	1.991999999999999815e+01	1.992000000000000021e-02	nan	6.917849621441974056e-04	3.326139539430267474e-03	2.534130690307563930e-04
nan	2.128999999999999915e+01	2.128999999999999990e-02	nan	9.984725860419985978e-04	3.892925201621354366e-03	2.681995699772927381e-04
nan	2.603000000000000114e+01	2.602999999999999758e-02	nan	1.164504674986801495e-03	3.437598566869767749e-03	2.608580807325211882e-04
nan	3.108999999999999631e+01	3.109000000000000652e-02	nan	1.339698510885227846e-03	2.965115801321537709e-03	2.716483806790343956e-04
nan	3.517999999999999972e+01	3.518000000000000294e-02	nan	1.529223598824387340e-03	2.944770351844403639e-03	2.521503287963505822e-04
nan	3.925000000000000000e+01	3.924999999999999323e-02	nan	1.917874562479937595e-03	2.696312631221014014e-03	2.676144670267279488e-04
nan	3.956000000000000227e+01	3.955999999999999794e-02	nan	1.830802992194548824e-03	2.686623803964301779e-03	2.586715184081635416e-04
nan	4.593999999999999773e+01	4.594000000000000167e-02	nan	2.007261811038460984e-03	2.808797382864492743e-03	2.765014351788804676e-04
nan	5.183999999999999631e+01	5.183999999999999719e-02	nan	2.489345582629311996e-03	2.442700947641003768e-03	2.759519712630885391e-04
nan	5.342000000000000171e+01	5.342000000000000220e-02	nan	2.646504431572793605e-03	2.425650490984918202e-03	2.750172694727999359e-04
nan	5.537999999999999545e+01	5.538000000000000561e-02	nan	2.731774467498553505e-03	2.274542504796069585e-03	2.729931996972115868e-04
nan	5.796000000000000085e+01	5.795999999999999763e-02	nan	3.263006252200284681e-03	2.296824611878515564e-03	2.750333128869907788e-04
nan	6.325000000000000000e+01	6.325000000000000067e-02	nan	3.265841960275110527e-03	2.457018080751318442e-03	2.797743460782752987e-04
nan	6.653999999999999204e+01	6.653999999999998805e-02	nan	3.143449091326146715e-03	2.379233595900706513e-03	2.751833189264938002e-04
nan	6.781000000000000227e+01	6.781000000000000916e-02	nan	3.714458171104979920e-03	2.129820430762492233e-03	2.806654934713375066e-04
nan	6.965999999999999659e+01	6.965999999999999970e-02	nan	3.676450479372306117e-03	2.195833914569959161e-03	2.770436318159487181e-04
nan	7.098999999999999488e+01	7.098999999999999755e-02	nan	4.020281118873754271e-03	2.227389842210775271e-03	2.816913270651990177e-04
nan	7.000000000000000000e+01	7.000000000000000666e-02	nan	4.446107362402926602e-03	1.999941875780477090e-03	2.721721056542430539e-04
nan	7.017000000000000171e+01	7.016999999999999627e-02	nan	5.189940388108880628e-03	2.093841484520748107e-03	2.803444339268944415e-04
nan	7.043999999999999773e+01	7.043999999999998873e-02	nan	4.567753027779417573e-03	2.146074702385938025e-03	2.794717015170905604e-04
nan	7.171999999999999886e+01	7.171999999999999209e-02	nan	4.920589385881158143e-03	1.831729002067803650e-03	2.797427826114401504e-04
nan	6.775000000000000000e+01	6.775000000000000466e-02	nan	5.180164691353184026e-03	1.899081131598957372e-03	2.696546977443983685e-04
nan	6.387999999999999545e+01	6.388000000000000622e-02	nan	5.030738313112124646e-03	2.006675844048773881e-03	2.796204232234932073e-04
nan	5.957999999999999829e+01	5.957999999999998714e-02	nan	5.543373149853323203e-03	2.061219479058673358e-03	2.755981397720711412e-04
nan	5.600000000000000000e+01	5.599999999999999423e-02	nan	6.073219341126332403e-03	1.837110290481153759e-03	2.767666260144590338e-04
nan	5.071999999999999886e+01	5.072000000000000119e-02	nan	6.349275689360637728e-03	1.903085014090106792e-03	2.749144033996666074e-04
nan	4.673999999999999488e+01	4.674000000000000377e-02	nan	5.815400508940911199e-03	1.885515276622663728e-03	2.681400534544379696e-04
nan	4.150000000000000000e+01	4.150000000000000216e-02	nan	7.424017438122518069e-03	1.823140386886631676e-03	2.652210536500405197e-04
nan	3.748000000000000398e+01	3.747999999999999943e-02	nan	6.503527874579048337e-03	1.654758684341066767e-03	2.804075473235711092e-04
nan	3.375000000000000000e+01	3.375000000000000222e-02	nan	6.331068528186279028e-03	1.851392072915470418e-03	2.775601059414047837e-04
nan	3.007000000000000028e+01	3.006999999999999604e-02	nan	6.656227637488428168e-03	1.758706151235984961e-03	2.550881568224097617e-04
nan	2.588999999999999702e+01	2.589000000000000329e-02	nan	7.705931657014844505e-03	1.830070944813179997e-03	2.471298319065990670e-04
nan	2.207000000000000028e+01	2.207000000000000281e-02	nan	7.126866698042704298e-03	1.501154019741374104e-03	2.472450901475778200e-04
nan	1.978000000000000114e+01	1.978000000000000244e-02	nan	7.280100657796992510e-03	1.490484000209236527e-03	2.396246659802455552e-04
nan	1.603000000000000114e+01	1.602999999999999911e-02	nan	7.260487991636636884e-03	1.579907658945386940e-03	2.570473309539649648e-04
nan	1.237999999999999901e+01	1.237999999999999864e-02	nan	7.893864646900965523e-03	1.587824276288029397e-03	2.319900739616887495e-04
nan	4.058999999999999631e+01	4.059000000000000108e-02	nan	3.236330779064644112e-04	6.197445021154419573e-03	2.048602137882049264e-04
nan	3.596999999999999886e+01	3.596999999999999503e-02	nan	4.712350578930113725e-04	5.062036958092809742e-03	2.193950218623192424e-04
nan	1.150999999999999979e+01	1.151000000000000113e-02	nan	6.927791184330089804e-04	4.350863718995199268e-03	1.851168275977217519e-04
nan	1.791999999999999815e+01	1.791999999999999843e-02	nan	8.500357312692585418e-04	3.850992635586210529e-03	2.066523184776630100e-04
nan	1.753999999999999915e+01	1.754000000000000350e-02	nan	8.638958117859373486e-04	3.049741772064579713e-03	2.197850034562788665e-04
nan	2.251999999999999957e+01	2.251999999999999835e-02	nan	1.034246266032141578e-03	3.157962424610717515e-03	2.084416951543942992e-04
nan	2.681000000000000227e+01	2.681000000000000744e-02	nan	1.422058487407866804e-03	2.841370040456244438e-03	2.269330584461063706e-04
nan	3.046000000000000085e+01	3.045999999999999749e-02	nan	1.511042953466130686e-03	3.223726075673827123e-03	2.201995432943431859e-04
nan	3.270000000000000284e+01	3.269999999999999990e-02	nan	1.640614702341167738e-03	2.853784268984990800e-03	2.224470283393852207e-04
nan	3.246000000000000085e+01	3.246000000000000274e-02	nan	1.779305604993624114e-03	2.466549068082774833e-03	2.092598056491273774e-04
nan	3.893999999999999773e+01	3.893999999999998851e-02	nan	2.207153052245303029e-03	2.378549054884662121e-03	2.266049318396276915e-04
nan	4.203999999999999915e+01	4.204000000000000792e-02	nan	2.193043576512536917e-03	2.572261710795072705e-03	2.237611826945419774e-04
nan	4.311999999999999744e+01	4.312000000000000555e-02	nan	2.551104871602092369e-03	2.335420258999996307e-03	2.288108647698258702e-04
nan	4.528000000000000114e+01	4.528000000000000080e-02	nan	2.873013516751825574e-03	2.344184384036222986e-03	2.278410463900009471e-04
nan	4.946000000000000085e+01	4.945999999999999702e-02	nan	2.976718131239976944e-03	2.309318002583458061e-03	2.291040095861780637e-04
nan	5.122999999999999687e+01	5.122999999999999776e-02	nan	3.266611499009286577e-03	2.297665603981579978e-03	2.325084772180034264e-04
nan	5.551000000000000512e+01	5.551000000000000378e-02	nan	3.267098976682518245e-03	2.364549243383568585e-03	2.323923349259913941e-04
nan	5.737000000000000455e+01	5.736999999999999739e-02	nan	3.617220671405903080e-03	2.211552598091056591e-03	2.352206023893751584e-04
nan	5.883999999999999631e+01	5.884000000000001729e-02	nan	3.708090907815631086e-03	2.210612995600681578e-03	2.308031490943403545e-04
nan	5.737999999999999545e+01	5.738000000000000739e-02	nan	4.035448727665880315e-03	2.227431744080633682e-03	2.290048354159705238e-04
nan	5.975000000000000000e+01	5.974999999999999062e-02	nan	4.237142933504856046e-03	2.060228739466392518e-03	2.271053760705664946e-04
nan	5.982000000000000739e+01	5.982000000000000511e-02	nan	4.417484031962430266e-03	2.103651582649036875e-03	2.307691137413321885e-04
nan	5.882000000000000739e+01	5.881999999999998341e-02	nan	4.733797241653974266e-03	1.918742905206388336e-03	2.329147978266420181e-04
nan	5.666000000000000369e+01	5.666000000000000203e-02	nan	4.882233204764361428e-03	1.872268619246115606e-03	2.310336164621121875e-04
nan	5.651000000000000512e+01	5.650999999999999079e-02	nan	5.353458777376545255e-03	2.137590488237545421e-03	2.263663238717283802e-04
nan	5.317000000000000171e+01	5.317000000000000892e-02	nan	5.274578536746048034e-03	1.791471309593881123e-03	2.354442018169076046e-04
nan	4.950000000000000000e+01	4.950000000000000927e-02	nan	5.338449906460028017e-03	1.918981366399023477e-03	2.275388181450692729e-04
nan	4.543999999999999773e+01	4.543999999999999428e-02	nan	5.531129393143601088e-03	1.768991088674517305e-03	2.326667823260908700e-04
nan	4.296000000000000085e+01	4.296000000000000513e-02	nan	6.175229314160333126e-03	1.898757899713397149e-03	2.271151874624394889e-04
nan	3.913000000000000256e+01	3.913000000000000506e-02	nan	5.720361351391147278e-03	1.891685033964270787e-03	2.341766654221572107e-04
nan	3.553000000000000114e+01	3.552999999999999214e-02	nan	5.969764362253045069e-03	1.725567362988446058e-03	2.237442027081641693e-04
nan	3.067999999999999972e+01	3.067999999999999547e-02	nan	5.580765477927797716e-03	1.736262846740788731e-03	2.231482976594087572e-04
nan	2.838000000000000256e+01	2.837999999999999898e-02	nan	6.093759168120414099e-03	1.921038275502071156e-03	2.078387439891108085e-04
nan	2.413000000000000256e+01	2.413000000000000214e-02	nan	7.245108168415300039e-03	1.553010930687779732e-03	2.172067026577347655e-04
nan	2.213000000000000256e+01	2.213000000000000037e-02	nan	6.720326410804773436e-03	1.734313965891431854e-03	2.169969734733583002e-04
nan	1.871999999999999886e+01	1.872000000000000400e-02	nan	6.853879542159120770e-03	1.584178877435241540e-03	2.108212773821636042e-04
nan	1.628000000000000114e+01	1.627999999999999933e-02	nan	7.892815419875204991e-03	1.743914952057568036e-03	1.985571070630575330e-04
nan	1.346999999999999886e+01	1.346999999999999933e-02	nan	7.135600859933219006e-03	1.531236491848563235e-03	1.840368698830446360e-04
nan	1.114000000000000057e+01	1.113999999999999886e-02	nan	7.715718616167469360e-03	1.751276217339697199e-03	1.786262760636166081e-04
nan	2.961999999999999744e+01	2.962000000000000050e-02	nan	2.999845696362513016e-04	6.072477578642047208e-03	1.699734560304406170e-04
nan	2.846000000000000085e+01	2.846000000000000266e-02	nan	4.516757698735318562e-04	4.811572494731464200e-03	1.733283355346498605e-04
nan	9.109999999999999432e+00	9.109999999999998307e-03	nan	7.965562301209423973e-04	5.527658048202673154e-03	1.436711538710729475e-04
nan	1.308000000000000185e+01	1.307999999999999788e-02	nan	7.823827163358032608e-04	3.461616760601846088e-03	1.527556894619497686e-04
nan	1.400000000000000000e+01	1.399999999999999856e-02	nan	9.439874396315417557e-04	3.859809292184724402e-03	1.542024126414978061e-04
nan	1.730999999999999872e+01	1.730999999999999900e-02	nan	1.154855335535103378e-03	3.295342212390328564e-03	1.559132736369705412e-04
nan	2.116999999999999815e+01	2.117000000000000479e-02	nan	1.288556654691319549e-03	3.019144155125606018e-03	1.653088167128859295e-04
nan	2.338000000000000256e+01	2.338000000000000494e-02	nan	1.625249859532686830e-03	2.671671700302319201e-03	1.768500089032080751e-04
nan	2.589999999999999858e+01	2.589999999999999594e-02	nan	1.593984046967875882e-03	3.136553055007336617e-03	1.755118332524367968e-04
nan	2.728000000000000114e+01	2.728000000000000563e-02	nan	1.835896702141326473e-03	2.539893963061818326e-03	1.701650355384930007e-04
nan	3.008000000000000185e+01	3.008000000000000257e-02	nan	1.821769648427107357e-03	2.929853482442274989e-03	1.848488287587573566e-04
nan	3.346000000000000085e+01	3.346000000000000363e-02	nan	2.181588397747873630e-03	2.419953208616100384e-03	1.844352328757979014e-04
nan	3.543999999999999773e+01	3.543999999999999928e-02	nan	2.640981910335540167e-03	2.497598919048121206e-03	1.819025813507304482e-04
nan	3.567000000000000171e+01	3.566999999999999338e-02	nan	2.794239500519779713e-03	2.579128198471265006e-03	1.795532102819482874e-04
nan	3.885999999999999943e+01	3.885999999999999871e-02	nan	2.890076122083655788e-03	2.175337250392504317e-03	1.827782997373503140e-04
nan	4.117000000000000171e+01	4.116999999999999826e-02	nan	2.997821376474121315e-03	2.507731381269948795e-03	1.773529469176192723e-04
nan	4.392999999999999972e+01	4.392999999999999683e-02	nan	3.200411915445329578e-03	2.269218867522109634e-03	1.862385389564765359e-04
nan	4.613000000000000256e+01	4.613000000000000433e-02	nan	3.762191206212719442e-03	2.162058878114733827e-03	1.831609890960688575e-04
nan	4.589999999999999858e+01	4.589999999999999636e-02	nan	3.699667387080580929e-03	2.047222934537001188e-03	1.853520177101697396e-04
nan	4.703000000000000114e+01	4.703000000000000236e-02	nan	3.940043627842441942e-03	2.120242543161340171e-03	1.829586153776041992e-04
nan	4.725000000000000000e+01	4.725000000000000033e-02	nan	3.926786285817342702e-03	1.924950845838445000e-03	1.839984547427455709e-04
nan	4.682000000000000028e+01	4.682000000000000745e-02	nan	4.142102857897498637e-03	2.284239552533587868e-03	1.835230395365523067e-04
nan	4.823999999999999488e+01	4.823999999999999816e-02	nan	4.127106044552420090e-03	1.895406264273708690e-03	1.816433011416268757e-04
nan	4.701000000000000512e+01	4.701000000000001011e-02	nan	4.049185815151758877e-03	1.992102476936313295e-03	1.826010829904781054e-04
nan	4.460000000000000142e+01	4.460000000000000075e-02	nan	4.611729653363453793e-03	1.673812402916640589e-03	1.855068535721390453e-04
nan	4.356000000000000227e+01	4.356000000000000150e-02	nan	4.810026960124105452e-03	2.055890078639000581e-03	1.763093785993136110e-04
nan	3.911999999999999744e+01	3.911999999999999506e-02	nan	4.860199192946766146e-03	1.801144696839966338e-03	1.854927548051487685e-04
nan	3.733999999999999631e+01	3.733999999999999819e-02	nan	5.130257393166175010e-03	1.861482110151926233e-03	1.870324387049034402e-04
nan	3.513000000000000256e+01	3.513000000000000150e-02	nan	5.085317432512966203e-03	1.766495495881750897e-03	1.869719647915669188e-04
nan	3.182000000000000028e+01	3.182000000000000106e-02	nan	5.061444612385912825e-03	1.800400176299403205e-03	1.841181913315534532e-04
nan	2.830000000000000071e+01	2.830000000000000224e-02	nan	5.597815939743213710e-03	1.651832255374648074e-03	1.673584910760325868e-04
nan	2.525000000000000000e+01	2.525000000000000508e-02	nan	6.025249439182971123e-03	1.650968923639638351e-03	1.771771007451552614e-04
nan	2.251999999999999957e+01	2.252000000000000529e-02	nan	6.320594773528682639e-03	1.521443995802896233e-03	1.747865042664159942e-04
nan	1.964999999999999858e+01	1.965000000000000427e-02	nan	5.613024701433459371e-03	1.698056013102801050e-03	1.696844460303804870e-04
nan	1.708999999999999986e+01	1.709000000000000102e-02	nan	6.225726995091917723e-03	1.554834731848917569e-03	1.714366458090127833e-04
nan	1.446999999999999886e+01	1.447000000000000022e-02	nan	6.354999648517605133e-03	1.730095034436284623e-03	1.468604350727826646e-04
nan	1.260999999999999943e+01	1.260999999999999621e-02	nan	6.517033212876413746e-03	1.337940880159419225e-03	1.568965352902566292e-04
nan	1.109999999999999964e+01	1.109999999999999876e-02	nan	5.630951222049133779e-03	1.653525191742321763e-03	1.481303193737719555e-04
nan	8.390000000000000568e+00	8.389999999999998154e-03	nan	9.358266492784829069e-03	2.098125529276254932e-03	1.343778937889312174e-04
