# SourcePhotonFlux	NumberRaysSurvived	PercentageRaysSurvived	PhotonFlux	Bandwidth	HorizontalFocusFWHM	VerticalFocusFWHM
nan	2.453000000000000114e+01	2.452999999999999972e-02	nan	1.956419387083485530e-04	6.264840177238104220e-03	2.413149437511563395e-04
nan	2.158999999999999986e+01	2.159000000000000502e-02	nan	2.789619477482574656e-04	4.775756377643949023e-03	2.507668067525312388e-04
nan	6.379999999999999893e+00	6.379999999999999387e-03	nan	4.823908884945929160e-04	5.874253699534297095e-03	2.111865264707701710e-04
nan	9.679999999999999716e+00	9.679999999999997634e-03	nan	5.391785630185260813e-04	4.588947841511605528e-03	2.226705749888859118e-04
nan	1.029000000000000092e+01	1.028999999999999880e-02	nan	6.517911143153853719e-04	3.954340431058155081e-03	2.005333592216052875e-04
nan	1.208999999999999986e+01	1.209000000000000005e-02	nan	7.110197451999057065e-04	3.022779686394619272e-03	2.288190717276671060e-04
nan	1.455000000000000071e+01	1.454999999999999870e-02	nan	8.374335427259894243e-04	3.192743746069722551e-03	2.379297222706159339e-04
nan	1.714000000000000057e+01	1.714000000000000246e-02	nan	8.832396476492476722e-04	3.180343864590766574e-03	2.350675119238082123e-04
nan	1.880999999999999872e+01	1.881000000000000033e-02	nan	9.885787061972451523e-04	2.783191870203877236e-03	2.590592287966489047e-04
nan	1.944000000000000128e+01	1.943999999999999895e-02	nan	1.044611092789864528e-03	2.516960709304438045e-03	2.693417845990484188e-04
nan	2.255999999999999872e+01	2.255999999999999672e-02	nan	1.232280390938740242e-03	2.677974237574299275e-03	2.649429515050715097e-04
nan	2.316000000000000014e+01	2.315999999999999656e-02	nan	1.420564481110204655e-03	2.441737396187110276e-03	2.519374118348097279e-04
nan	2.461999999999999744e+01	2.461999999999999605e-02	nan	1.417381885080430930e-03	2.507494397068964383e-03	2.516111018735426425e-04
nan	2.533999999999999986e+01	2.533999999999999447e-02	nan	1.530988974765250558e-03	2.322933179243680344e-03	2.602131205436262118e-04
nan	2.726999999999999957e+01	2.726999999999999910e-02	nan	1.710807140565293732e-03	2.138027337054420642e-03	2.499971011292834535e-04
nan	2.913000000000000256e+01	2.912999999999999964e-02	nan	1.765684685957467264e-03	2.537758821675629214e-03	2.467399473332927543e-04
nan	3.021000000000000085e+01	3.020999999999999727e-02	nan	1.889907870346405755e-03	2.405659556267550781e-03	2.642834095470941854e-04
nan	3.166000000000000369e+01	3.166000000000000758e-02	nan	1.922734635492133904e-03	2.310772015628475944e-03	2.801819142383031786e-04
nan	3.111999999999999744e+01	3.112000000000000183e-02	nan	1.921825363115203756e-03	2.040387672903349638e-03	2.758304381286149514e-04
nan	3.128999999999999915e+01	3.129000000000000531e-02	nan	2.262866270818903857e-03	1.849013250886807251e-03	2.609198905789096362e-04
nan	3.081000000000000227e+01	3.081000000000000405e-02	nan	2.511087618472629401e-03	1.999810867609515784e-03	2.765751652783710545e-04
nan	3.130000000000000071e+01	3.129999999999999449e-02	nan	2.266253713808054956e-03	2.149599935228721590e-03	2.785893838190893436e-04
nan	2.878000000000000114e+01	2.878000000000000697e-02	nan	2.804384623011628875e-03	1.869261234670992807e-03	2.616731914864696114e-04
nan	2.800000000000000000e+01	2.800000000000000405e-02	nan	2.635870521123706480e-03	1.976839108882948864e-03	2.563675270381396052e-04
nan	2.591000000000000369e+01	2.590999999999999900e-02	nan	2.989882131494141660e-03	1.997073953577207465e-03	2.791407920426789346e-04
nan	2.489999999999999858e+01	2.490000000000000199e-02	nan	2.649348965162516903e-03	2.115257140861472821e-03	2.627728000741942713e-04
nan	2.301999999999999957e+01	2.302000000000000227e-02	nan	2.741987599390540657e-03	1.836973522905370471e-03	2.580221827689953631e-04
nan	2.078000000000000114e+01	2.077999999999999986e-02	nan	2.974478395924506739e-03	2.046403723982212312e-03	2.620680923153837568e-04
nan	1.976999999999999957e+01	1.977000000000000285e-02	nan	2.603926607248467986e-03	2.048689738506469758e-03	2.588210138777284554e-04
nan	1.755000000000000071e+01	1.755000000000000310e-02	nan	3.708691279332469552e-03	1.782125045888631725e-03	2.267082491754537335e-04
nan	1.574000000000000021e+01	1.574000000000000052e-02	nan	2.768269892026182805e-03	1.648914201075311154e-03	2.517689224282584296e-04
nan	1.383999999999999986e+01	1.383999999999999987e-02	nan	3.264675927143798669e-03	1.949434157359227534e-03	2.296188832373769091e-04
nan	1.182000000000000028e+01	1.182000000000000065e-02	nan	3.420082735510732250e-03	1.626401665787823069e-03	2.349536414563281432e-04
nan	1.058999999999999986e+01	1.058999999999999872e-02	nan	3.636000434525455023e-03	1.961016754165715442e-03	2.486128574787877877e-04
nan	9.480000000000000426e+00	9.479999999999998844e-03	nan	4.002780865139584157e-03	2.211588496739302044e-03	2.382006605333792846e-04
nan	8.070000000000000284e+00	8.069999999999999049e-03	nan	5.171120754682271073e-03	2.159754781216440770e-03	2.002154609720419845e-04
nan	6.870000000000000107e+00	6.870000000000001106e-03	nan	5.347769750279361689e-03	2.154630278590159449e-03	2.003674533435281237e-04
nan	6.000000000000000000e+00	6.000000000000000992e-03	nan	5.478989137014254190e-03	2.043220057131593832e-03	1.992888556392512309e-04
nan	4.830000000000000071e+00	4.829999999999999225e-03	nan	5.906399328918857973e-03	2.067635303552234523e-03	1.964524950220012636e-04
nan	2.016999999999999815e+01	2.017000000000000043e-02	nan	1.859385457106555047e-04	6.460094285274831094e-03	2.060483413804885104e-04
nan	1.796000000000000085e+01	1.795999999999999680e-02	nan	2.826861118316515071e-04	4.295202501988315200e-03	1.989975657986918533e-04
nan	5.570000000000000284e+00	5.569999999999999431e-03	nan	4.836829475024475222e-04	5.313254698016809177e-03	1.780791193048078818e-04
nan	7.720000000000000639e+00	7.719999999999997697e-03	nan	6.256153881488002574e-04	5.045478756187171850e-03	1.687570409009378936e-04
nan	8.279999999999999361e+00	8.279999999999999166e-03	nan	7.406701329342552055e-04	4.721830523454693430e-03	1.674693300608974826e-04
nan	1.047000000000000064e+01	1.046999999999999841e-02	nan	7.394009060306456658e-04	3.262038107279986200e-03	1.846942898315794490e-04
nan	1.244999999999999929e+01	1.245000000000000100e-02	nan	7.386103839576208018e-04	2.679140071610213412e-03	1.735133034852924289e-04
nan	1.460999999999999943e+01	1.461000000000000146e-02	nan	8.667785200429989128e-04	2.995942401506088929e-03	2.191057152944688759e-04
nan	1.525000000000000000e+01	1.525000000000000314e-02	nan	9.698624331713290390e-04	2.656378256758325576e-03	2.010192272653940659e-04
nan	1.550000000000000000e+01	1.549999999999999642e-02	nan	9.033688762883684614e-04	2.407578580745849042e-03	1.913048022696419380e-04
nan	1.782000000000000028e+01	1.781999999999999904e-02	nan	1.345934333102150049e-03	2.933448599990599263e-03	1.877692698002751768e-04
nan	1.910999999999999943e+01	1.910999999999999852e-02	nan	1.280659072634762318e-03	2.757646939428779875e-03	2.049524107465877285e-04
nan	2.058999999999999986e+01	2.059000000000000413e-02	nan	1.418260014899033142e-03	2.686173458568340885e-03	2.274100638320053751e-04
nan	2.200000000000000000e+01	2.200000000000000219e-02	nan	1.578799836197504122e-03	2.347724585551005504e-03	2.151941247546369459e-04
nan	2.353999999999999915e+01	2.353999999999999843e-02	nan	1.707771216949822545e-03	2.221616021404056954e-03	1.983351722563816890e-04
nan	2.491999999999999815e+01	2.492000000000000118e-02	nan	1.791565186905472824e-03	2.455225087009062831e-03	2.200480680129557050e-04
nan	2.598999999999999844e+01	2.599000000000000268e-02	nan	2.077406721901979992e-03	2.105647702344052262e-03	2.024118178574743686e-04
nan	2.610000000000000142e+01	2.610000000000000167e-02	nan	2.029566980329491205e-03	2.159132450711159171e-03	2.225475440291895045e-04
nan	2.628999999999999915e+01	2.629000000000000087e-02	nan	2.158652788554036358e-03	2.119438824847290695e-03	2.290253239173366349e-04
nan	2.619999999999999929e+01	2.620000000000000107e-02	nan	2.225949217370271158e-03	1.934734083777645648e-03	2.282550787621300534e-04
nan	2.535000000000000142e+01	2.535000000000000100e-02	nan	2.204231460420942330e-03	2.040536646102510381e-03	2.147688059536855454e-04
nan	2.535999999999999943e+01	2.536000000000000060e-02	nan	2.542265121926447820e-03	1.809911827181209147e-03	1.958451464755547682e-04
nan	2.366999999999999815e+01	2.367000000000000354e-02	nan	2.223272447686213283e-03	1.982730807865156538e-03	1.985976641182937068e-04
nan	2.339000000000000057e+01	2.339000000000000107e-02	nan	2.760956735478430502e-03	1.896195467074901150e-03	2.226157556728973941e-04
nan	2.266999999999999815e+01	2.267000000000000265e-02	nan	2.722222170093573611e-03	1.939574450679133017e-03	2.271750971867645828e-04
nan	2.125999999999999801e+01	2.126000000000000459e-02	nan	2.435110484439064697e-03	1.972284140431180069e-03	2.129908752704774938e-04
nan	1.985999999999999943e+01	1.985999999999999918e-02	nan	2.971314342657933351e-03	2.013328344259440825e-03	2.132848421681795940e-04
nan	1.778999999999999915e+01	1.779000000000000026e-02	nan	3.168460150607188726e-03	1.847408122806637075e-03	1.770115952471737388e-04
nan	1.601999999999999957e+01	1.601999999999999952e-02	nan	3.257683973160964939e-03	1.758658802308679745e-03	1.995621186619572112e-04
nan	1.419999999999999929e+01	1.419999999999999908e-02	nan	2.863621893286562997e-03	1.814473570838862114e-03	2.161137152419200620e-04
nan	1.237999999999999901e+01	1.237999999999999864e-02	nan	3.662346857752254124e-03	1.841240867906764750e-03	1.982923229113118439e-04
nan	1.122000000000000064e+01	1.122000000000000081e-02	nan	3.526081456316380869e-03	1.436669395055780851e-03	2.067969076293097396e-04
nan	9.830000000000000071e+00	9.830000000000000196e-03	nan	3.726654446179231833e-03	2.045842345969998716e-03	1.708471651569020019e-04
nan	9.259999999999999787e+00	9.259999999999999135e-03	nan	4.472025855869711172e-03	2.030646682879617537e-03	1.723273734329600971e-04
nan	8.129999999999999005e+00	8.130000000000000074e-03	nan	4.875648476535683964e-03	2.118584609999084843e-03	1.677936656793454790e-04
nan	6.700000000000000178e+00	6.699999999999999359e-03	nan	5.097173393919081363e-03	2.154018920305526396e-03	1.691245523097957061e-04
nan	5.709999999999999964e+00	5.709999999999999798e-03	nan	5.140935414240765944e-03	2.111175376357488434e-03	1.757018813105296041e-04
nan	5.439999999999999503e+00	5.440000000000000391e-03	nan	5.415049802521816266e-03	2.160689352399700926e-03	1.682369521613848325e-04
nan	4.209999999999999964e+00	4.210000000000000200e-03	nan	5.161681287053168990e-03	2.059344928893942078e-03	1.682699187542903636e-04
nan	1.515000000000000036e+01	1.515000000000000027e-02	nan	1.971900746707433308e-04	5.879128549735272886e-03	1.508185736167179998e-04
nan	1.448000000000000043e+01	1.447999999999999808e-02	nan	2.781638903741168287e-04	5.134655700487040890e-03	1.451720781406609054e-04
nan	4.470000000000000639e+00	4.469999999999999148e-03	nan	4.710438059458537654e-04	5.687018776090992100e-03	1.344562572904455422e-04
nan	6.490000000000000213e+00	6.489999999999998374e-03	nan	6.023019770001071917e-04	4.964839121787934309e-03	1.337038342909384076e-04
nan	6.820000000000000284e+00	6.819999999999999674e-03	nan	7.434781116252062562e-04	4.913194946550526396e-03	1.338323164548522743e-04
nan	8.480000000000000426e+00	8.479999999999997956e-03	nan	8.351226890637710940e-04	4.191363528469578895e-03	1.393371561761514766e-04
nan	9.449999999999999289e+00	9.449999999999998332e-03	nan	9.977763400010521838e-04	4.303346564922429576e-03	1.364145427818285014e-04
nan	1.109999999999999964e+01	1.110000000000000223e-02	nan	8.832399100136810195e-04	2.994163334831470482e-03	1.389681700089538566e-04
nan	1.286999999999999922e+01	1.286999999999999776e-02	nan	1.055178782607981824e-03	2.626833450820801989e-03	1.575730023294000096e-04
nan	1.294000000000000128e+01	1.294000000000000185e-02	nan	1.201299040512822120e-03	2.650576069923216063e-03	1.710576314372466320e-04
nan	1.415000000000000036e+01	1.414999999999999938e-02	nan	1.030323247499609438e-03	2.443485680382315173e-03	1.539255103607266219e-04
nan	1.583999999999999986e+01	1.583999999999999991e-02	nan	1.240819265821073696e-03	2.155838850248838548e-03	1.649768060229664433e-04
nan	1.676999999999999957e+01	1.676999999999999671e-02	nan	1.219321458247577461e-03	2.308639957314065176e-03	1.647630071055263532e-04
nan	1.763000000000000256e+01	1.762999999999999984e-02	nan	1.608981379513352381e-03	2.208227386210732338e-03	1.634819099138462985e-04
nan	1.794999999999999929e+01	1.795000000000000068e-02	nan	1.357547355177075431e-03	2.379459837639882371e-03	1.711511138871591451e-04
nan	1.891999999999999815e+01	1.891999999999999932e-02	nan	1.866831956286887136e-03	2.017825737277896721e-03	1.680618755299704116e-04
nan	1.978999999999999915e+01	1.978999999999999856e-02	nan	1.786022138890075396e-03	2.066398050126711482e-03	1.613207255304806992e-04
nan	2.110999999999999943e+01	2.110999999999999682e-02	nan	1.935385787766108392e-03	1.996591166893490598e-03	1.660724064615073741e-04
nan	2.041000000000000014e+01	2.041000000000000106e-02	nan	1.855672237800263472e-03	2.149797099176208211e-03	1.690228230862612121e-04
nan	2.085999999999999943e+01	2.086000000000000354e-02	nan	2.332796004270676522e-03	1.813541189390636965e-03	1.749003257152798030e-04
nan	2.073000000000000043e+01	2.073000000000000537e-02	nan	2.613919531470400813e-03	2.387105329498674048e-03	1.655766400578371502e-04
nan	1.989000000000000057e+01	1.989000000000000143e-02	nan	2.491796643637371814e-03	1.986368488682835158e-03	1.706021360316121397e-04
nan	2.041999999999999815e+01	2.042000000000000065e-02	nan	2.685603889296999270e-03	2.354559515990766599e-03	1.677156019853343050e-04
nan	1.814999999999999858e+01	1.815000000000000294e-02	nan	2.577083397441128597e-03	2.005566492137319471e-03	1.714821169705869257e-04
nan	1.823000000000000043e+01	1.822999999999999621e-02	nan	2.792447463561984790e-03	1.898000882286876969e-03	1.557335810639757113e-04
nan	1.639000000000000057e+01	1.638999999999999832e-02	nan	2.694343370369551953e-03	1.781283861189769061e-03	1.706244740981452076e-04
nan	1.459999999999999964e+01	1.459999999999999840e-02	nan	2.260907721458806693e-03	1.867366864384441272e-03	1.618303015667447889e-04
nan	1.405999999999999872e+01	1.405999999999999958e-02	nan	2.253428370959227340e-03	1.894969412735860500e-03	1.581309723294181040e-04
nan	1.230999999999999872e+01	1.230999999999999803e-02	nan	3.093025961818512103e-03	1.724179270940321123e-03	1.518642938327210480e-04
nan	1.190000000000000036e+01	1.189999999999999912e-02	nan	2.391728321258597065e-03	1.623583882287067031e-03	1.442490130072984658e-04
nan	1.025999999999999979e+01	1.026000000000000002e-02	nan	3.609702283736486352e-03	1.737837470214547960e-03	1.432924048360986139e-04
nan	9.870000000000000995e+00	9.869999999999998566e-03	nan	4.010583460825714250e-03	1.993804793404643262e-03	1.512496649501065616e-04
nan	8.199999999999999289e+00	8.199999999999998956e-03	nan	4.586875851865701917e-03	2.141384987219837645e-03	1.350638752533776050e-04
nan	7.240000000000000213e+00	7.239999999999999040e-03	nan	4.387761301527047693e-03	2.183083316039309899e-03	1.359300585293966152e-04
nan	6.240000000000000213e+00	6.239999999999999020e-03	nan	4.842651898685261525e-03	2.236770750013574588e-03	1.365770298469966228e-04
nan	5.439999999999999503e+00	5.440000000000000391e-03	nan	4.816220333499089852e-03	2.236032746520465447e-03	1.330586494978042524e-04
nan	4.370000000000000107e+00	4.369999999999999753e-03	nan	5.050593223181814966e-03	2.108661551877618213e-03	1.340927974781121006e-04
nan	4.020000000000000462e+00	4.020000000000000136e-03	nan	5.122815928909897967e-03	2.275729374385877541e-03	1.382501882183574844e-04
nan	3.510000000000000231e+00	3.510000000000000099e-03	nan	5.263104314185136461e-03	2.033458805643200730e-03	1.370527611134555470e-04
