# SourcePhotonFlux	NumberRaysSurvived	PercentageRaysSurvived	PhotonFlux	Bandwidth	HorizontalFocusFWHM	VerticalFocusFWHM
nan	1.000000000000000000e+04	1.000000000000000000e+01	nan	9.989398269405000072e-03	1.099158252519151502e-02	1.031154125455703910e-02
nan	1.000000000000000000e+04	1.000000000000000000e+01	nan	1.497283359772012476e-02	9.169876225218115406e-03	8.283527894402856195e-03
nan	1.000000000000000000e+04	1.000000000000000000e+01	nan	1.993381712514463028e-02	8.272785814100555579e-03	7.373425185598898521e-03
nan	1.000000000000000000e+04	1.000000000000000000e+01	nan	2.496687417410271143e-02	7.660764714642084687e-03	6.580446360485822828e-03
nan	1.000000000000000000e+04	1.000000000000000000e+01	nan	2.993279894412296388e-02	7.052072878949942718e-03	5.981547458594319890e-03
nan	1.000000000000000000e+04	1.000000000000000000e+01	nan	3.494414558325274756e-02	6.609285537002462796e-03	5.604322505986132456e-03
nan	1.000000000000000000e+04	1.000000000000000000e+01	nan	3.989368145759158296e-02	6.556899050894286762e-03	5.315134977250663209e-03
nan	1.000000000000000000e+04	1.000000000000000000e+01	nan	4.492339490325775869e-02	6.236679508538315805e-03	4.825084703504380935e-03
nan	1.000000000000000000e+04	1.000000000000000000e+01	nan	4.949461327899030288e-02	6.062449875502136203e-03	4.664260629877244914e-03
nan	1.000000000000000000e+04	1.000000000000000000e+01	nan	5.492670830897509321e-02	5.652875871010662814e-03	4.673212642008352236e-03
nan	1.000000000000000000e+04	1.000000000000000000e+01	nan	5.982417411528671847e-02	5.601168151320144901e-03	4.323292669768654881e-03
nan	1.000000000000000000e+04	1.000000000000000000e+01	nan	6.483550853440987749e-02	5.581237210397176421e-03	4.202564857743817592e-03
nan	1.000000000000000000e+04	1.000000000000000000e+01	nan	6.989014402085672040e-02	5.413471050631229672e-03	3.967173305135835923e-03
nan	1.000000000000000000e+04	1.000000000000000000e+01	nan	7.483821412128235928e-02	5.286981736564859077e-03	3.886574913220323859e-03
nan	1.000000000000000000e+04	1.000000000000000000e+01	nan	7.735797730510571291e-02	5.161830605220990575e-03	3.731357070679887974e-03
nan	1.000000000000000000e+04	1.000000000000000000e+01	nan	8.481183657855126401e-02	5.205028137032467403e-03	3.740988076764851199e-03
nan	1.000000000000000000e+04	1.000000000000000000e+01	nan	8.973675572961610503e-02	5.384188939190676440e-03	3.535793938848077154e-03
nan	1.000000000000000000e+04	1.000000000000000000e+01	nan	9.468952104129926828e-02	5.113260286906149560e-03	3.443226764008063163e-03
nan	1.000000000000000000e+04	1.000000000000000000e+01	nan	9.981965648658615298e-02	4.940971287717683610e-03	3.474199871958654016e-03
nan	1.000000000000000000e+04	1.000000000000000000e+01	nan	1.048804941456683154e-01	4.910935873399074371e-03	3.240456535575326341e-03
nan	1.000000000000000000e+04	1.000000000000000000e+01	nan	1.098050941282735921e-01	4.895500737554753061e-03	3.270707548486732029e-03
nan	1.000000000000000000e+04	1.000000000000000000e+01	nan	1.148711511584360745e-01	4.942975678933489783e-03	3.123812582869029634e-03
nan	1.000000000000000000e+04	1.000000000000000000e+01	nan	1.196761918563424842e-01	4.814495527304148495e-03	3.034983247995442102e-03
nan	1.000000000000000000e+04	1.000000000000000000e+01	nan	1.248535235356734996e-01	4.789471745203692163e-03	3.039472533777718734e-03
nan	1.000000000000000000e+04	1.000000000000000000e+01	nan	1.257138701070871500e-01	4.639309732409216923e-03	2.894098373143688587e-03
nan	1.000000000000000000e+04	1.000000000000000000e+01	nan	1.347349392377259480e-01	4.568733467018281855e-03	2.868350008329509371e-03
nan	1.000000000000000000e+04	1.000000000000000000e+01	nan	1.397048646069561084e-01	4.731489690145243218e-03	2.860406335266967200e-03
nan	1.000000000000000000e+04	1.000000000000000000e+01	nan	1.444069391179436945e-01	4.631712905287624013e-03	2.800997072091494615e-03
nan	1.000000000000000000e+04	1.000000000000000000e+01	nan	1.498293428453734977e-01	4.649845444757791033e-03	2.750260650327859737e-03
nan	1.000000000000000000e+04	1.000000000000000000e+01	nan	1.547647373115478286e-01	4.524198241296901839e-03	2.658927529163521760e-03
nan	1.000000000000000000e+04	1.000000000000000000e+01	nan	1.596251797398667849e-01	4.647939577480188038e-03	2.660158833330528855e-03
nan	1.000000000000000000e+04	1.000000000000000000e+01	nan	1.647939212205710713e-01	4.485242695003778882e-03	2.677331974459848558e-03
nan	1.000000000000000000e+04	1.000000000000000000e+01	nan	1.697714680810668286e-01	4.516814040712443037e-03	2.575066618994203103e-03
nan	1.000000000000000000e+04	1.000000000000000000e+01	nan	1.747825263793743034e-01	4.822313604353180294e-03	2.568866555479184296e-03
nan	1.000000000000000000e+04	1.000000000000000000e+01	nan	1.796480974718019652e-01	4.562242594713708174e-03	2.432154431808158414e-03
nan	1.000000000000000000e+04	1.000000000000000000e+01	nan	1.839517978469462078e-01	4.437166091512158295e-03	2.450908912771521467e-03
nan	1.000000000000000000e+04	1.000000000000000000e+01	nan	1.892386213608233392e-01	4.472177824704381965e-03	2.454332426576822518e-03
nan	1.000000000000000000e+04	1.000000000000000000e+01	nan	1.880298712853781529e-01	4.495591788814656993e-03	2.374305268372802445e-03
nan	1.000000000000000000e+04	1.000000000000000000e+01	nan	1.997264827563208223e-01	4.652646054306749067e-03	2.328829247512158480e-03
nan	1.000000000000000000e+04	1.000000000000000000e+01	nan	9.994593803477868840e-03	1.119803221552766008e-02	1.037752087178198460e-02
nan	1.000000000000000000e+04	1.000000000000000000e+01	nan	1.496897019016102913e-02	9.377669636056880711e-03	8.678896800991551044e-03
nan	1.000000000000000000e+04	1.000000000000000000e+01	nan	1.998213260057695936e-02	8.188162916126019361e-03	7.365421500293611694e-03
nan	1.000000000000000000e+04	1.000000000000000000e+01	nan	2.493839576123832447e-02	7.404524251112307165e-03	6.642017671858116076e-03
nan	1.000000000000000000e+04	1.000000000000000000e+01	nan	2.994213667383235217e-02	7.035082608223178213e-03	5.931276620697274911e-03
nan	1.000000000000000000e+04	1.000000000000000000e+01	nan	3.492331483733381037e-02	6.606845632960212100e-03	5.670674882260291413e-03
nan	1.000000000000000000e+04	1.000000000000000000e+01	nan	3.994963132707823883e-02	6.660937266658836960e-03	5.206045834150846777e-03
nan	1.000000000000000000e+04	1.000000000000000000e+01	nan	4.486975625240915977e-02	6.047812130586381618e-03	4.998905036180657964e-03
nan	1.000000000000000000e+04	1.000000000000000000e+01	nan	4.994045578852876477e-02	5.944405516612526023e-03	4.543658662762047398e-03
nan	1.000000000000000000e+04	1.000000000000000000e+01	nan	5.492917406938886693e-02	5.727592344088592788e-03	4.666111947842235819e-03
nan	1.000000000000000000e+04	1.000000000000000000e+01	nan	5.991919744610413323e-02	5.623585049004932446e-03	4.256085487484724192e-03
nan	1.000000000000000000e+04	1.000000000000000000e+01	nan	6.479352701076891707e-02	5.616296670648150517e-03	4.070727277793585556e-03
nan	1.000000000000000000e+04	1.000000000000000000e+01	nan	6.988097936561529777e-02	5.406630246379355229e-03	3.897882406110393660e-03
nan	1.000000000000000000e+04	1.000000000000000000e+01	nan	7.487675474175829737e-02	5.289954646962887266e-03	3.974286968184778494e-03
nan	1.000000000000000000e+04	1.000000000000000000e+01	nan	7.724818459241496182e-02	5.469518919558324921e-03	3.668055041713481988e-03
nan	1.000000000000000000e+04	1.000000000000000000e+01	nan	8.486952585347239120e-02	5.189346722555483390e-03	3.707096375929030095e-03
nan	1.000000000000000000e+04	1.000000000000000000e+01	nan	8.942208915291302573e-02	4.971555871212033836e-03	3.513171378282031829e-03
nan	1.000000000000000000e+04	1.000000000000000000e+01	nan	9.487903436132341661e-02	5.044996415268336587e-03	3.447397412940274904e-03
nan	1.000000000000000000e+04	1.000000000000000000e+01	nan	9.975869867825168380e-02	5.001690746344013977e-03	3.363161514145872506e-03
nan	1.000000000000000000e+04	1.000000000000000000e+01	nan	1.046273959755581046e-01	4.924244713459282469e-03	3.358194675162691489e-03
nan	1.000000000000000000e+04	1.000000000000000000e+01	nan	1.098725595738892363e-01	4.901592921418009355e-03	3.151585648577045953e-03
nan	1.000000000000000000e+04	1.000000000000000000e+01	nan	1.148300332293592935e-01	4.819983688684122657e-03	3.109300467460674941e-03
nan	1.000000000000000000e+04	1.000000000000000000e+01	nan	1.157779314285608263e-01	4.746498780639546097e-03	3.181476415104006646e-03
nan	1.000000000000000000e+04	1.000000000000000000e+01	nan	1.248551849039631623e-01	4.558113408652857135e-03	3.171418602250779262e-03
nan	1.000000000000000000e+04	1.000000000000000000e+01	nan	1.298303264490391629e-01	4.733793465239900453e-03	2.976667789351000043e-03
nan	1.000000000000000000e+04	1.000000000000000000e+01	nan	1.347139505837139928e-01	4.704569421881009753e-03	2.881113276531745669e-03
nan	1.000000000000000000e+04	1.000000000000000000e+01	nan	1.397933948758554867e-01	4.673834300883103997e-03	2.891865860685887551e-03
nan	1.000000000000000000e+04	1.000000000000000000e+01	nan	1.444565860669967949e-01	4.638934436166529916e-03	2.827604526218489411e-03
nan	1.000000000000000000e+04	1.000000000000000000e+01	nan	1.496180143363858295e-01	4.805444809475846457e-03	2.780735461273186205e-03
nan	1.000000000000000000e+04	1.000000000000000000e+01	nan	1.546298589649518218e-01	4.637909813085242319e-03	2.729319056749827076e-03
nan	1.000000000000000000e+04	1.000000000000000000e+01	nan	1.595448407348067088e-01	4.586576260438977003e-03	2.625477991630285023e-03
nan	1.000000000000000000e+04	1.000000000000000000e+01	nan	1.648431553733621657e-01	4.672725955998856436e-03	2.605290382515019782e-03
nan	1.000000000000000000e+04	1.000000000000000000e+01	nan	1.696104182244039249e-01	4.472396311483437144e-03	2.595568927257470813e-03
nan	1.000000000000000000e+04	1.000000000000000000e+01	nan	1.746009394865382092e-01	4.338118969018363129e-03	2.555077449209641922e-03
nan	1.000000000000000000e+04	1.000000000000000000e+01	nan	1.798352043219756669e-01	4.625624461597454759e-03	2.480471661930209147e-03
nan	1.000000000000000000e+04	1.000000000000000000e+01	nan	1.845374669776310983e-01	4.289022420400088846e-03	2.425498978208723982e-03
nan	1.000000000000000000e+04	1.000000000000000000e+01	nan	1.893881504763794410e-01	4.512856259770514113e-03	2.401676160044176854e-03
nan	1.000000000000000000e+04	1.000000000000000000e+01	nan	1.945110561139836158e-01	4.412124632977069971e-03	2.500814030154940252e-03
nan	1.000000000000000000e+04	1.000000000000000000e+01	nan	1.994005510352599431e-01	4.177422576954491207e-03	2.376859892084520233e-03
nan	1.000000000000000000e+04	1.000000000000000000e+01	nan	9.984143483700620367e-03	1.062086995861734676e-02	1.059492099758506736e-02
nan	1.000000000000000000e+04	1.000000000000000000e+01	nan	1.496676629211833587e-02	9.323803480758188766e-03	8.517788119999935431e-03
nan	1.000000000000000000e+04	1.000000000000000000e+01	nan	1.995516590056780476e-02	8.214758962231520981e-03	7.531319002610047456e-03
nan	1.000000000000000000e+04	1.000000000000000000e+01	nan	2.495025004883501610e-02	7.679133857844799849e-03	6.755452341459698522e-03
nan	1.000000000000000000e+04	1.000000000000000000e+01	nan	2.990595280987235968e-02	7.137327453471481453e-03	5.894488146109059558e-03
nan	1.000000000000000000e+04	1.000000000000000000e+01	nan	3.495763923205742751e-02	6.716440623165917043e-03	5.640177423344209205e-03
nan	1.000000000000000000e+04	1.000000000000000000e+01	nan	3.987742841476119710e-02	6.313030712182901918e-03	5.300515084393974015e-03
nan	1.000000000000000000e+04	1.000000000000000000e+01	nan	4.489960705769874272e-02	6.272297444212947271e-03	4.858235774013019287e-03
nan	1.000000000000000000e+04	1.000000000000000000e+01	nan	4.991445549717753172e-02	6.107539292744395068e-03	4.676300234943879010e-03
nan	1.000000000000000000e+04	1.000000000000000000e+01	nan	5.479026068455936788e-02	5.843171816743806569e-03	4.494526698501437670e-03
nan	1.000000000000000000e+04	1.000000000000000000e+01	nan	5.992878855585331843e-02	5.541886397759583291e-03	4.270666324723301419e-03
nan	1.000000000000000000e+04	1.000000000000000000e+01	nan	6.485122611081124699e-02	5.679652119446161607e-03	4.050394273200013523e-03
nan	1.000000000000000000e+04	1.000000000000000000e+01	nan	6.987795693360113192e-02	5.305637508629021913e-03	3.814484060785048366e-03
nan	1.000000000000000000e+04	1.000000000000000000e+01	nan	7.487895602836829034e-02	5.354205776945956258e-03	3.890004106480500490e-03
nan	1.000000000000000000e+04	1.000000000000000000e+01	nan	7.985996431189619493e-02	5.307393545691787423e-03	3.820013955504507255e-03
nan	1.000000000000000000e+04	1.000000000000000000e+01	nan	8.491897811485955849e-02	5.259079694046692351e-03	3.638143458743875285e-03
nan	1.000000000000000000e+04	1.000000000000000000e+01	nan	8.981343025059460028e-02	5.248793019325661592e-03	3.525185441871983572e-03
nan	1.000000000000000000e+04	1.000000000000000000e+01	nan	9.490802266428659262e-02	4.983339278203854743e-03	3.374065594271617036e-03
nan	1.000000000000000000e+04	1.000000000000000000e+01	nan	9.991022018050899067e-02	5.022485412087697443e-03	3.392766632752375420e-03
nan	1.000000000000000000e+04	1.000000000000000000e+01	nan	1.048361457060696111e-01	4.826782459290092017e-03	3.209474256727433937e-03
nan	1.000000000000000000e+04	1.000000000000000000e+01	nan	1.096839682773816105e-01	4.902028131359479832e-03	3.226331852802724089e-03
nan	1.000000000000000000e+04	1.000000000000000000e+01	nan	1.147729740699492129e-01	4.877966187984662631e-03	3.060683821071121490e-03
nan	1.000000000000000000e+04	1.000000000000000000e+01	nan	1.196717544506213926e-01	4.574789697705472502e-03	3.064556027857723904e-03
nan	1.000000000000000000e+04	1.000000000000000000e+01	nan	1.245339465738538876e-01	4.831575493225676726e-03	2.975440501693014158e-03
nan	1.000000000000000000e+04	1.000000000000000000e+01	nan	1.297918386390597423e-01	4.844193675537200074e-03	3.001245740975253852e-03
nan	1.000000000000000000e+04	1.000000000000000000e+01	nan	1.348751738754231100e-01	4.591023574282603742e-03	2.830736436562303164e-03
nan	1.000000000000000000e+04	1.000000000000000000e+01	nan	1.351941737823413592e-01	4.646157020020550907e-03	2.873175992665830125e-03
nan	1.000000000000000000e+04	1.000000000000000000e+01	nan	1.446403633156273794e-01	4.637081337868402021e-03	2.752960988835546473e-03
nan	1.000000000000000000e+04	1.000000000000000000e+01	nan	1.499079992890051671e-01	4.523521492168860320e-03	2.730649161094852225e-03
nan	1.000000000000000000e+04	1.000000000000000000e+01	nan	1.547743157567833816e-01	4.581831104627255395e-03	2.702856115221565370e-03
nan	1.000000000000000000e+04	1.000000000000000000e+01	nan	1.595162730063202638e-01	4.584508149783341271e-03	2.619807282806773264e-03
nan	1.000000000000000000e+04	1.000000000000000000e+01	nan	1.647059167012935033e-01	4.582342123670307167e-03	2.701288389855006390e-03
nan	1.000000000000000000e+04	1.000000000000000000e+01	nan	1.696790798471874973e-01	4.512804551634889277e-03	2.587805912256142035e-03
nan	1.000000000000000000e+04	1.000000000000000000e+01	nan	1.687000134451420719e-01	4.502010039308851179e-03	2.582672980625422277e-03
nan	1.000000000000000000e+04	1.000000000000000000e+01	nan	1.797307432543971129e-01	4.604513183950452275e-03	2.538912770004520588e-03
nan	1.000000000000000000e+04	1.000000000000000000e+01	nan	1.848232953500359987e-01	4.434282113860362438e-03	2.517418331694486981e-03
nan	1.000000000000000000e+04	1.000000000000000000e+01	nan	1.896492725104826638e-01	4.607126258345172094e-03	2.435659089947199603e-03
nan	1.000000000000000000e+04	1.000000000000000000e+01	nan	1.946419315728712685e-01	4.583568710325942701e-03	2.355080145724434536e-03
nan	1.000000000000000000e+04	1.000000000000000000e+01	nan	1.987948613372691464e-01	4.492886948444972488e-03	2.458895153527854496e-03
