# SourcePhotonFlux	NumberRaysSurvived	PercentageRaysSurvived	PhotonFlux	Bandwidth	HorizontalFocusFWHM	VerticalFocusFWHM
nan	2.500000000000000000e+04	2.500000000000000000e+01	nan	2.496710530414958384e-02	1.157570147087368939e-01	2.797141210854369592e-02
nan	2.500000000000000000e+04	2.500000000000000000e+01	nan	3.745788742671685156e-02	1.106970425997274299e-01	2.241216032425974100e-02
nan	2.500000000000000000e+04	2.500000000000000000e+01	nan	4.993057214580254310e-02	1.181588918124028831e-01	2.048286272568833333e-02
nan	2.500000000000000000e+04	2.500000000000000000e+01	nan	6.234884255037620449e-02	1.164482469696869610e-01	1.833314091044530372e-02
nan	2.500000000000000000e+04	2.500000000000000000e+01	nan	7.491676155917303959e-02	1.157018618345394961e-01	1.841478840246984702e-02
nan	2.500000000000000000e+04	2.500000000000000000e+01	nan	8.737046278909232910e-02	1.122882858925142308e-01	1.647763352530798309e-02
nan	2.500000000000000000e+04	2.500000000000000000e+01	nan	9.985583265616426729e-02	1.119690460419445754e-01	1.588105185031751798e-02
nan	2.500000000000000000e+04	2.500000000000000000e+01	nan	1.123862136997502148e-01	1.137714610657414444e-01	1.560712747668703548e-02
nan	2.500000000000000000e+04	2.500000000000000000e+01	nan	1.247275294255594247e-01	1.152579550129295000e-01	1.481286913210885618e-02
nan	2.500000000000000000e+04	2.500000000000000000e+01	nan	1.373297975833622786e-01	1.139121225081914240e-01	1.447193681278148569e-02
nan	2.500000000000000000e+04	2.500000000000000000e+01	nan	1.496086568672438943e-01	1.092273394729463276e-01	1.468495567504640373e-02
nan	2.500000000000000000e+04	2.500000000000000000e+01	nan	1.492403332793545423e-01	1.127096411065777876e-01	1.379285966085242940e-02
nan	2.500000000000000000e+04	2.500000000000000000e+01	nan	1.746112273174560414e-01	1.104361217062123923e-01	1.380185504521513201e-02
nan	2.500000000000000000e+04	2.500000000000000000e+01	nan	1.872494848073529283e-01	1.117854230050169817e-01	1.341705347402305862e-02
nan	2.500000000000000000e+04	2.500000000000000000e+01	nan	1.993536614035207322e-01	1.113604747767928810e-01	1.421962317820813296e-02
nan	2.500000000000000000e+04	2.500000000000000000e+01	nan	2.121746740648120522e-01	1.114168561554244596e-01	1.369677653623094238e-02
nan	2.500000000000000000e+04	2.500000000000000000e+01	nan	2.248813139150414031e-01	1.120453053712675145e-01	1.330251607947327552e-02
nan	2.500000000000000000e+04	2.500000000000000000e+01	nan	2.372967485020183176e-01	1.125232438894030462e-01	1.351032261892269604e-02
nan	2.500000000000000000e+04	2.500000000000000000e+01	nan	2.495276133094321835e-01	1.157084373040370429e-01	1.245947294839809191e-02
nan	2.500000000000000000e+04	2.500000000000000000e+01	nan	2.623600388796916150e-01	1.145527528161682518e-01	1.225676754250752849e-02
nan	2.500000000000000000e+04	2.500000000000000000e+01	nan	2.527482342685539729e-01	1.154193710120607619e-01	1.187746894489450158e-02
nan	2.500000000000000000e+04	2.500000000000000000e+01	nan	2.872677458829855368e-01	1.121033473948666037e-01	1.225817114903049801e-02
nan	2.500000000000000000e+04	2.500000000000000000e+01	nan	2.994788533047199053e-01	1.122587219669601011e-01	1.297280319727951194e-02
nan	2.500000000000000000e+04	2.500000000000000000e+01	nan	3.120832369119312943e-01	1.082341588521876785e-01	1.284022174267137294e-02
nan	2.500000000000000000e+04	2.500000000000000000e+01	nan	3.244694409136741342e-01	1.111408626051771792e-01	1.265303982323845791e-02
nan	2.500000000000000000e+04	2.500000000000000000e+01	nan	3.362867838332022075e-01	1.061266253200948834e-01	1.252642820907707080e-02
nan	2.500000000000000000e+04	2.500000000000000000e+01	nan	3.493371467478283421e-01	1.135699292067147426e-01	1.230500842169797264e-02
nan	2.500000000000000000e+04	2.500000000000000000e+01	nan	3.622776632533231123e-01	1.085747753112997621e-01	1.146116692835509078e-02
nan	2.500000000000000000e+04	2.500000000000000000e+01	nan	3.744177053335420169e-01	1.086549168982966079e-01	1.173077767535282527e-02
nan	2.500000000000000000e+04	2.500000000000000000e+01	nan	3.871213892897600317e-01	1.104423950343482730e-01	1.153031744158075286e-02
nan	2.500000000000000000e+04	2.500000000000000000e+01	nan	3.987147902192020865e-01	1.157786987775695497e-01	1.213647299806120197e-02
nan	2.500000000000000000e+04	2.500000000000000000e+01	nan	4.120228709351039242e-01	1.121210710732971905e-01	1.150885134681688821e-02
nan	2.500000000000000000e+04	2.500000000000000000e+01	nan	4.233488527620608011e-01	1.116604180296210530e-01	1.122875516616147692e-02
nan	2.500000000000000000e+04	2.500000000000000000e+01	nan	4.367238163799243011e-01	1.090427639916272951e-01	1.182962492941612084e-02
nan	2.500000000000000000e+04	2.500000000000000000e+01	nan	4.496937476085349772e-01	1.173513371328210736e-01	1.139933522065000870e-02
nan	2.500000000000000000e+04	2.500000000000000000e+01	nan	4.612783694812065960e-01	1.109494068412093387e-01	1.123792652044095647e-02
nan	2.500000000000000000e+04	2.500000000000000000e+01	nan	4.738084490606411237e-01	1.143107245542353823e-01	1.153340718288375054e-02
nan	2.500000000000000000e+04	2.500000000000000000e+01	nan	4.865427342455177495e-01	1.094991243248532448e-01	1.117258028943273265e-02
nan	2.500000000000000000e+04	2.500000000000000000e+01	nan	4.995921028593812707e-01	1.097437079913855529e-01	1.152227146325953203e-02
nan	2.500000000000000000e+04	2.500000000000000000e+01	nan	2.491340941846509338e-02	1.127038200944877749e-01	2.776203684203458477e-02
nan	2.500000000000000000e+04	2.500000000000000000e+01	nan	3.747746955652253575e-02	1.069775268294257398e-01	2.343318795864741955e-02
nan	2.500000000000000000e+04	2.500000000000000000e+01	nan	4.990816573877943085e-02	1.150245981319935884e-01	1.974457384666771648e-02
nan	2.500000000000000000e+04	2.500000000000000000e+01	nan	6.179506294605907613e-02	1.193924623738323865e-01	1.962583004651807100e-02
nan	2.500000000000000000e+04	2.500000000000000000e+01	nan	7.481021118100628087e-02	1.111215213164840343e-01	1.708961644006440697e-02
nan	2.500000000000000000e+04	2.500000000000000000e+01	nan	8.738162084019052145e-02	1.122001643791847997e-01	1.700463936321236491e-02
nan	2.500000000000000000e+04	2.500000000000000000e+01	nan	9.984561378081480143e-02	1.079616674725255299e-01	1.610779394119557506e-02
nan	2.500000000000000000e+04	2.500000000000000000e+01	nan	1.122663272019899239e-01	1.083283852700120953e-01	1.633138781261552278e-02
nan	2.500000000000000000e+04	2.500000000000000000e+01	nan	1.249061834491591583e-01	1.209988158754029680e-01	1.522213159790254851e-02
nan	2.500000000000000000e+04	2.500000000000000000e+01	nan	1.372810312080190442e-01	1.180342413705993687e-01	1.467649545285286058e-02
nan	2.500000000000000000e+04	2.500000000000000000e+01	nan	1.499217835996304871e-01	1.083928434048408718e-01	1.376031280320093655e-02
nan	2.500000000000000000e+04	2.500000000000000000e+01	nan	1.623407301921702128e-01	1.155538425237932904e-01	1.425554437579565521e-02
nan	2.500000000000000000e+04	2.500000000000000000e+01	nan	1.748756779541764672e-01	1.091893128589680184e-01	1.361842298777819760e-02
nan	2.500000000000000000e+04	2.500000000000000000e+01	nan	1.861257321824183464e-01	1.094522391853578885e-01	1.405378580998030251e-02
nan	2.500000000000000000e+04	2.500000000000000000e+01	nan	1.996437842841061183e-01	1.138587079464839086e-01	1.366542800145328918e-02
nan	2.500000000000000000e+04	2.500000000000000000e+01	nan	2.123082349970744076e-01	1.125507651307259827e-01	1.343427898708333609e-02
nan	2.500000000000000000e+04	2.500000000000000000e+01	nan	2.247677960810108289e-01	1.107213756724940573e-01	1.346873804182737756e-02
nan	2.500000000000000000e+04	2.500000000000000000e+01	nan	2.369809117733012727e-01	1.071072220547112930e-01	1.317846978564591806e-02
nan	2.500000000000000000e+04	2.500000000000000000e+01	nan	2.497456531953616832e-01	1.127155739480095731e-01	1.321089340659431857e-02
nan	2.500000000000000000e+04	2.500000000000000000e+01	nan	2.618737206468182421e-01	1.167195336590736293e-01	1.272556306093215565e-02
nan	2.500000000000000000e+04	2.500000000000000000e+01	nan	2.742701117767580854e-01	1.111686311464339383e-01	1.293193739084754455e-02
nan	2.500000000000000000e+04	2.500000000000000000e+01	nan	2.873264183231327706e-01	1.121541555645698962e-01	1.230018732077183680e-02
nan	2.500000000000000000e+04	2.500000000000000000e+01	nan	2.987336259106143643e-01	1.109212534071739309e-01	1.211908297050615438e-02
nan	2.500000000000000000e+04	2.500000000000000000e+01	nan	3.119566027584994572e-01	1.143352304693154714e-01	1.214652953630817114e-02
nan	2.500000000000000000e+04	2.500000000000000000e+01	nan	3.241402367439150112e-01	1.220954572779855835e-01	1.208790920200182063e-02
nan	2.500000000000000000e+04	2.500000000000000000e+01	nan	3.372551514813437734e-01	1.079962899411239935e-01	1.197312482394384710e-02
nan	2.500000000000000000e+04	2.500000000000000000e+01	nan	3.494103104168715390e-01	1.088600414265551014e-01	1.172956761751208464e-02
nan	2.500000000000000000e+04	2.500000000000000000e+01	nan	3.618578331386146374e-01	1.114789317911845518e-01	1.152111953698908842e-02
nan	2.500000000000000000e+04	2.500000000000000000e+01	nan	3.700924331588026917e-01	1.114894285614565911e-01	1.212568877613074032e-02
nan	2.500000000000000000e+04	2.500000000000000000e+01	nan	3.871085866772148165e-01	1.138933658345799571e-01	1.184219162802285265e-02
nan	2.500000000000000000e+04	2.500000000000000000e+01	nan	3.994528788517186513e-01	1.127678792665402913e-01	1.107467334524588932e-02
nan	2.500000000000000000e+04	2.500000000000000000e+01	nan	4.112939616895516792e-01	1.086245534309135258e-01	1.212453927661900042e-02
nan	2.500000000000000000e+04	2.500000000000000000e+01	nan	4.217921172700869192e-01	1.091319505781226662e-01	1.192592114921388682e-02
nan	2.500000000000000000e+04	2.500000000000000000e+01	nan	4.366914321167172375e-01	1.154516823043479634e-01	1.137581690117267508e-02
nan	2.500000000000000000e+04	2.500000000000000000e+01	nan	4.482722207289384642e-01	1.116766034218034942e-01	1.188184029447538100e-02
nan	2.500000000000000000e+04	2.500000000000000000e+01	nan	4.617191997752456700e-01	1.108798905743677010e-01	1.143207525429248625e-02
nan	2.500000000000000000e+04	2.500000000000000000e+01	nan	4.731353952842880517e-01	1.123199579115939511e-01	1.218475271044768861e-02
nan	2.500000000000000000e+04	2.500000000000000000e+01	nan	4.849210299292252557e-01	1.084347091759581549e-01	1.150434263437047182e-02
nan	2.500000000000000000e+04	2.500000000000000000e+01	nan	4.995158622791961989e-01	1.129095720640669737e-01	1.148089958423332071e-02
nan	2.500000000000000000e+04	2.500000000000000000e+01	nan	2.496219587899517478e-02	1.142537965775711900e-01	2.778435084609700775e-02
nan	2.500000000000000000e+04	2.500000000000000000e+01	nan	3.744778159805761675e-02	1.173575266450395255e-01	2.268888579278218257e-02
nan	2.500000000000000000e+04	2.500000000000000000e+01	nan	4.983550158742211522e-02	1.189930661948196272e-01	2.101780753836388418e-02
nan	2.500000000000000000e+04	2.500000000000000000e+01	nan	6.238010805947347137e-02	1.114223789848623192e-01	1.892962989324108863e-02
nan	2.500000000000000000e+04	2.500000000000000000e+01	nan	7.472529849453835027e-02	1.100776683160817337e-01	1.758937304665650694e-02
nan	2.500000000000000000e+04	2.500000000000000000e+01	nan	8.738917527896816750e-02	1.154472719190917929e-01	1.690468299685474879e-02
nan	2.500000000000000000e+04	2.500000000000000000e+01	nan	9.972332184527132881e-02	1.136137870558756868e-01	1.628738548067319020e-02
nan	2.500000000000000000e+04	2.500000000000000000e+01	nan	1.123495696353842277e-01	1.125266369227104490e-01	1.539850165131498826e-02
nan	2.500000000000000000e+04	2.500000000000000000e+01	nan	1.248177290598704303e-01	1.132441086708921990e-01	1.513098684341133288e-02
nan	2.500000000000000000e+04	2.500000000000000000e+01	nan	1.373604961610155328e-01	1.119050063292083008e-01	1.451719422123490082e-02
nan	2.500000000000000000e+04	2.500000000000000000e+01	nan	1.498740448158955019e-01	1.064654315417100094e-01	1.443023661662272417e-02
nan	2.500000000000000000e+04	2.500000000000000000e+01	nan	1.623576285410308628e-01	1.116268492350810798e-01	1.407258327753552196e-02
nan	2.500000000000000000e+04	2.500000000000000000e+01	nan	1.746742558636995568e-01	1.191284675010608890e-01	1.421922820233119215e-02
nan	2.500000000000000000e+04	2.500000000000000000e+01	nan	1.873302983642801678e-01	1.146195516792707092e-01	1.289232925216410308e-02
nan	2.500000000000000000e+04	2.500000000000000000e+01	nan	1.996530116910548713e-01	1.118515063747589078e-01	1.330053179840885377e-02
nan	2.500000000000000000e+04	2.500000000000000000e+01	nan	2.121507460570342118e-01	1.114633554279759742e-01	1.293683043639343860e-02
nan	2.500000000000000000e+04	2.500000000000000000e+01	nan	2.247033816928052374e-01	1.178022157862265301e-01	1.349228370199772806e-02
nan	2.500000000000000000e+04	2.500000000000000000e+01	nan	2.371019420790787535e-01	1.083628615182879451e-01	1.267816805356831479e-02
nan	2.500000000000000000e+04	2.500000000000000000e+01	nan	2.495744935172723444e-01	1.120849186763417243e-01	1.294656084200257289e-02
nan	2.500000000000000000e+04	2.500000000000000000e+01	nan	2.622256442517283404e-01	1.098360779955561278e-01	1.269750474333496658e-02
nan	2.500000000000000000e+04	2.500000000000000000e+01	nan	2.745766706452599237e-01	1.155021480463557376e-01	1.237902474147593683e-02
nan	2.500000000000000000e+04	2.500000000000000000e+01	nan	2.872174585712627959e-01	1.161594687067010884e-01	1.220898913941450073e-02
nan	2.500000000000000000e+04	2.500000000000000000e+01	nan	2.983913035065484110e-01	1.103520359537057960e-01	1.267285139899852059e-02
nan	2.500000000000000000e+04	2.500000000000000000e+01	nan	3.113885659594757271e-01	1.113954708898181045e-01	1.233611070480069606e-02
nan	2.500000000000000000e+04	2.500000000000000000e+01	nan	3.241158289635706069e-01	1.141728389556182638e-01	1.213469603754742387e-02
nan	2.500000000000000000e+04	2.500000000000000000e+01	nan	3.364416634187676891e-01	1.085540792846939884e-01	1.133299301512542129e-02
nan	2.500000000000000000e+04	2.500000000000000000e+01	nan	3.494371977460417611e-01	1.077487217855244428e-01	1.176228277828904670e-02
nan	2.500000000000000000e+04	2.500000000000000000e+01	nan	3.588027125047119625e-01	1.115217922072404000e-01	1.206568582101847330e-02
nan	2.500000000000000000e+04	2.500000000000000000e+01	nan	3.745867099220845375e-01	1.110672897861929020e-01	1.235132616111533563e-02
nan	2.500000000000000000e+04	2.500000000000000000e+01	nan	3.866979473570495429e-01	1.102668300292856118e-01	1.167136485236452970e-02
nan	2.500000000000000000e+04	2.500000000000000000e+01	nan	3.994970062058484928e-01	1.139673825300681342e-01	1.130468461074802915e-02
nan	2.500000000000000000e+04	2.500000000000000000e+01	nan	4.117538182204327768e-01	1.153930076899506302e-01	1.120317036296106933e-02
nan	2.500000000000000000e+04	2.500000000000000000e+01	nan	4.239476967052127065e-01	1.084622310405621709e-01	1.241304595714484531e-02
nan	2.500000000000000000e+04	2.500000000000000000e+01	nan	4.367487929617084319e-01	1.147464032467788997e-01	1.114750257283507982e-02
nan	2.500000000000000000e+04	2.500000000000000000e+01	nan	4.493690725125105700e-01	1.099061945004181501e-01	1.221205823312330671e-02
nan	2.500000000000000000e+04	2.500000000000000000e+01	nan	4.616819904797893059e-01	1.173575750484407154e-01	1.147365687546746810e-02
nan	2.500000000000000000e+04	2.500000000000000000e+01	nan	4.745480721611556874e-01	1.140081224359737883e-01	1.156471305242893696e-02
nan	2.500000000000000000e+04	2.500000000000000000e+01	nan	4.866757258955090037e-01	1.173237399517677304e-01	1.128769344812353276e-02
nan	2.500000000000000000e+04	2.500000000000000000e+01	nan	4.991461409062054599e-01	1.151779446895082465e-01	1.096481294852488103e-02
nan	2.500000000000000000e+04	2.500000000000000000e+01	nan	2.496126821591282408e-02	1.197531767022911031e-01	2.709815890748044215e-02
nan	2.500000000000000000e+04	2.500000000000000000e+01	nan	3.737372516021508773e-02	1.104098493708005613e-01	2.446307700542622171e-02
nan	2.500000000000000000e+04	2.500000000000000000e+01	nan	4.995605111212597649e-02	1.192400563572530298e-01	2.061269559503722815e-02
nan	2.500000000000000000e+04	2.500000000000000000e+01	nan	6.237337716698476697e-02	1.149793990476695310e-01	1.863240796076757674e-02
nan	2.500000000000000000e+04	2.500000000000000000e+01	nan	7.496171129482576134e-02	1.162551043600679179e-01	1.867001337844091322e-02
nan	2.500000000000000000e+04	2.500000000000000000e+01	nan	8.734841781092939073e-02	1.084300270549604372e-01	1.761622834975876822e-02
nan	2.500000000000000000e+04	2.500000000000000000e+01	nan	9.992674163786929853e-02	1.109787038158513428e-01	1.624397999093758760e-02
nan	2.500000000000000000e+04	2.500000000000000000e+01	nan	1.123514532729146254e-01	1.148194351138081132e-01	1.610217366736932734e-02
nan	2.500000000000000000e+04	2.500000000000000000e+01	nan	1.248057509463187387e-01	1.077644856798585238e-01	1.587978573795123527e-02
nan	2.500000000000000000e+04	2.500000000000000000e+01	nan	1.373127019103606017e-01	1.194110980297755226e-01	1.538123303194708670e-02
nan	2.500000000000000000e+04	2.500000000000000000e+01	nan	1.497268924071661900e-01	1.094807715304869367e-01	1.437742876242851381e-02
nan	2.500000000000000000e+04	2.500000000000000000e+01	nan	1.615462578449395892e-01	1.155697259885551664e-01	1.404204617612619596e-02
nan	2.500000000000000000e+04	2.500000000000000000e+01	nan	1.746163971203671395e-01	1.114456295396860919e-01	1.345788068278695390e-02
nan	2.500000000000000000e+04	2.500000000000000000e+01	nan	1.873270848421881851e-01	1.117921555552613688e-01	1.375023003029220495e-02
nan	2.500000000000000000e+04	2.500000000000000000e+01	nan	1.997020922217416228e-01	1.067479317084648743e-01	1.345319732574079032e-02
nan	2.500000000000000000e+04	2.500000000000000000e+01	nan	2.123634595570749184e-01	1.110231545805280134e-01	1.328891057807801528e-02
nan	2.500000000000000000e+04	2.500000000000000000e+01	nan	2.248851582034347985e-01	1.090702494507253817e-01	1.326710171416704137e-02
nan	2.500000000000000000e+04	2.500000000000000000e+01	nan	2.348507258002925369e-01	1.062440329661632765e-01	1.248849623775390161e-02
nan	2.500000000000000000e+04	2.500000000000000000e+01	nan	2.494045319164044372e-01	1.082158715692624895e-01	1.216684208100689280e-02
nan	2.500000000000000000e+04	2.500000000000000000e+01	nan	2.622058420360389164e-01	1.127141068084754061e-01	1.286064549673148101e-02
nan	2.500000000000000000e+04	2.500000000000000000e+01	nan	2.740828629342360045e-01	1.099072889788229174e-01	1.223026532541285176e-02
nan	2.500000000000000000e+04	2.500000000000000000e+01	nan	2.870654865991610905e-01	1.102627101750737054e-01	1.218979439422826147e-02
nan	2.500000000000000000e+04	2.500000000000000000e+01	nan	2.992170804384386429e-01	1.137288377437817855e-01	1.274242029215526609e-02
nan	2.500000000000000000e+04	2.500000000000000000e+01	nan	3.120431907117051651e-01	1.101393523261033347e-01	1.206861923972104775e-02
nan	2.500000000000000000e+04	2.500000000000000000e+01	nan	3.231782846619495331e-01	1.079757755135379027e-01	1.238252859624277766e-02
nan	2.500000000000000000e+04	2.500000000000000000e+01	nan	3.368414564434658587e-01	1.088741605398452772e-01	1.191526561409790227e-02
nan	2.500000000000000000e+04	2.500000000000000000e+01	nan	3.497730347240235460e-01	1.162660705565215780e-01	1.175252725926675262e-02
nan	2.500000000000000000e+04	2.500000000000000000e+01	nan	3.618413513091240929e-01	1.150420917346901550e-01	1.207411763218186294e-02
nan	2.500000000000000000e+04	2.500000000000000000e+01	nan	3.746130120327535451e-01	1.105616348168007301e-01	1.197316187573697899e-02
nan	2.500000000000000000e+04	2.500000000000000000e+01	nan	3.870906256398569667e-01	1.077770918829335511e-01	1.168245421886002916e-02
nan	2.500000000000000000e+04	2.500000000000000000e+01	nan	3.997067908431120031e-01	1.089718457188741385e-01	1.194608085885033935e-02
nan	2.500000000000000000e+04	2.500000000000000000e+01	nan	4.119048035245356232e-01	1.070139599069115099e-01	1.110582460465209427e-02
nan	2.500000000000000000e+04	2.500000000000000000e+01	nan	4.244379429592157749e-01	1.046951658080228220e-01	1.105057979754457860e-02
nan	2.500000000000000000e+04	2.500000000000000000e+01	nan	4.371204278869953441e-01	1.139584579878647197e-01	1.140766624577739877e-02
nan	2.500000000000000000e+04	2.500000000000000000e+01	nan	4.495011837762916684e-01	1.155469016075316296e-01	1.106712695783457559e-02
nan	2.500000000000000000e+04	2.500000000000000000e+01	nan	4.618294754807834579e-01	1.087847474925443259e-01	1.153144276178039683e-02
nan	2.500000000000000000e+04	2.500000000000000000e+01	nan	4.743218454499640302e-01	1.092884264160172009e-01	1.199091452639835208e-02
nan	2.500000000000000000e+04	2.500000000000000000e+01	nan	4.869260836084947641e-01	1.154450573046530287e-01	1.099156261371652885e-02
nan	2.500000000000000000e+04	2.500000000000000000e+01	nan	4.988309640311712201e-01	1.192978345211874597e-01	1.186487823088703403e-02
nan	2.500000000000000000e+04	2.500000000000000000e+01	nan	2.494470052716035724e-02	1.240579578869747401e-01	2.822245436007172342e-02
nan	2.500000000000000000e+04	2.500000000000000000e+01	nan	3.742019820155562115e-02	1.128364900614791944e-01	2.340734491328609612e-02
nan	2.500000000000000000e+04	2.500000000000000000e+01	nan	4.992903375888957385e-02	1.096729504197406502e-01	2.054367820619661111e-02
nan	2.500000000000000000e+04	2.500000000000000000e+01	nan	6.237793794894663790e-02	1.128858942495079842e-01	1.878855010178367979e-02
nan	2.500000000000000000e+04	2.500000000000000000e+01	nan	7.490447610170747339e-02	1.074137315395439496e-01	1.836871139396480113e-02
nan	2.500000000000000000e+04	2.500000000000000000e+01	nan	8.741873881512773892e-02	1.134042022536803779e-01	1.805803050051580858e-02
nan	2.500000000000000000e+04	2.500000000000000000e+01	nan	9.990807777384702604e-02	1.165139692882711242e-01	1.607579555781718170e-02
nan	2.500000000000000000e+04	2.500000000000000000e+01	nan	1.123260167810364862e-01	1.190835613700522988e-01	1.556994967426305124e-02
nan	2.500000000000000000e+04	2.500000000000000000e+01	nan	1.246017390683817894e-01	1.095728549644882227e-01	1.461508622178521975e-02
nan	2.500000000000000000e+04	2.500000000000000000e+01	nan	1.367980687301297849e-01	1.161206099844392936e-01	1.455112254119856133e-02
nan	2.500000000000000000e+04	2.500000000000000000e+01	nan	1.497799750059414237e-01	1.132486475816381066e-01	1.464289937364209905e-02
nan	2.500000000000000000e+04	2.500000000000000000e+01	nan	1.621901043793982922e-01	1.111213396320576696e-01	1.385529392294593959e-02
nan	2.500000000000000000e+04	2.500000000000000000e+01	nan	1.749004238311471227e-01	1.106209236842714966e-01	1.369884469119917597e-02
nan	2.500000000000000000e+04	2.500000000000000000e+01	nan	1.868333629671425911e-01	1.154631216483738981e-01	1.374632515649652775e-02
nan	2.500000000000000000e+04	2.500000000000000000e+01	nan	1.997007631138387751e-01	1.203967448654019584e-01	1.287771151522547688e-02
nan	2.500000000000000000e+04	2.500000000000000000e+01	nan	2.123816953363046878e-01	1.136747886135310442e-01	1.311153272160062860e-02
nan	2.500000000000000000e+04	2.500000000000000000e+01	nan	2.247231726767893178e-01	1.119229382559278341e-01	1.330209008465980947e-02
nan	2.500000000000000000e+04	2.500000000000000000e+01	nan	2.372750311538069923e-01	1.089327116275282253e-01	1.263738529558512680e-02
nan	2.500000000000000000e+04	2.500000000000000000e+01	nan	2.488055257996748537e-01	1.093140616415000377e-01	1.262365028253786478e-02
nan	2.500000000000000000e+04	2.500000000000000000e+01	nan	2.620039364728938835e-01	1.167053522388622200e-01	1.200106833369573960e-02
nan	2.500000000000000000e+04	2.500000000000000000e+01	nan	2.746860978964349442e-01	1.150547939769830386e-01	1.283786548788349094e-02
nan	2.500000000000000000e+04	2.500000000000000000e+01	nan	2.866697740229540159e-01	1.111231737719310109e-01	1.250910116381464057e-02
nan	2.500000000000000000e+04	2.500000000000000000e+01	nan	2.993149885177217584e-01	1.083428351693224434e-01	1.286306650756467197e-02
nan	2.500000000000000000e+04	2.500000000000000000e+01	nan	3.123162877876239918e-01	1.143111614869333770e-01	1.212646611050464257e-02
nan	2.500000000000000000e+04	2.500000000000000000e+01	nan	3.220238125101531068e-01	1.117080647315212283e-01	1.255360265368955612e-02
nan	2.500000000000000000e+04	2.500000000000000000e+01	nan	3.370832314479770275e-01	1.184919179656883093e-01	1.190732884780670679e-02
nan	2.500000000000000000e+04	2.500000000000000000e+01	nan	3.462612347494911091e-01	1.197228341166485799e-01	1.177957627349187665e-02
nan	2.500000000000000000e+04	2.500000000000000000e+01	nan	3.616698278926548937e-01	1.069091834019533366e-01	1.218122961841175064e-02
nan	2.500000000000000000e+04	2.500000000000000000e+01	nan	3.743456235313828984e-01	1.073297620977484435e-01	1.207538220182809152e-02
nan	2.500000000000000000e+04	2.500000000000000000e+01	nan	3.869423864027510263e-01	1.128624555167155596e-01	1.197438298178420298e-02
nan	2.500000000000000000e+04	2.500000000000000000e+01	nan	3.997039572288798581e-01	1.065082799215463227e-01	1.157630726380154927e-02
nan	2.500000000000000000e+04	2.500000000000000000e+01	nan	4.122277288766014181e-01	1.142688778752810469e-01	1.164182215811326512e-02
nan	2.500000000000000000e+04	2.500000000000000000e+01	nan	4.244921234489567041e-01	1.073111581108887602e-01	1.115994708106173017e-02
nan	2.500000000000000000e+04	2.500000000000000000e+01	nan	4.369558770204520215e-01	1.155530870106396130e-01	1.146178139656952970e-02
nan	2.500000000000000000e+04	2.500000000000000000e+01	nan	4.491933337560993778e-01	1.108571651993103258e-01	1.122696454348429650e-02
nan	2.500000000000000000e+04	2.500000000000000000e+01	nan	4.613598736544446410e-01	1.187904642091510976e-01	1.203336819975359823e-02
nan	2.500000000000000000e+04	2.500000000000000000e+01	nan	4.740335905551944506e-01	1.115254341119999992e-01	1.170966819328238782e-02
nan	2.500000000000000000e+04	2.500000000000000000e+01	nan	4.865173763206342983e-01	1.136546022430020841e-01	1.176455001184538440e-02
nan	2.500000000000000000e+04	2.500000000000000000e+01	nan	4.995042931125226460e-01	1.198668707214836232e-01	1.105339579836911446e-02
nan	2.500000000000000000e+04	2.500000000000000000e+01	nan	2.496364003719619973e-02	1.154104667251409644e-01	2.838884712754760273e-02
nan	2.500000000000000000e+04	2.500000000000000000e+01	nan	3.745081424898799582e-02	1.088770236173819128e-01	2.228708495337524548e-02
nan	2.500000000000000000e+04	2.500000000000000000e+01	nan	4.985776870768710012e-02	1.165659653683699393e-01	2.031538774327850544e-02
nan	2.500000000000000000e+04	2.500000000000000000e+01	nan	5.743721403724880853e-02	1.163484449998319070e-01	1.946240568357345685e-02
nan	2.500000000000000000e+04	2.500000000000000000e+01	nan	7.485594195161127118e-02	1.128748789034072914e-01	1.863636749243228335e-02
nan	2.500000000000000000e+04	2.500000000000000000e+01	nan	8.731626691692540021e-02	1.115471075889680752e-01	1.763979561911574109e-02
nan	2.500000000000000000e+04	2.500000000000000000e+01	nan	9.983356381693297976e-02	1.138331002632028410e-01	1.701586209185481161e-02
nan	2.500000000000000000e+04	2.500000000000000000e+01	nan	1.123792000096486277e-01	1.110603622713309535e-01	1.580392123391877526e-02
nan	2.500000000000000000e+04	2.500000000000000000e+01	nan	1.247340810368484654e-01	1.120700337755201614e-01	1.571390359289560196e-02
nan	2.500000000000000000e+04	2.500000000000000000e+01	nan	1.372563912940947262e-01	1.077349069286071964e-01	1.468149752146105311e-02
nan	2.500000000000000000e+04	2.500000000000000000e+01	nan	1.497558713157829402e-01	1.078704695517378187e-01	1.420671409421996045e-02
nan	2.500000000000000000e+04	2.500000000000000000e+01	nan	1.623827557321817494e-01	1.128803369605206885e-01	1.391917042692145112e-02
nan	2.500000000000000000e+04	2.500000000000000000e+01	nan	1.747132626229230823e-01	1.094452993656703926e-01	1.348436454576580797e-02
nan	2.500000000000000000e+04	2.500000000000000000e+01	nan	1.869830388875186600e-01	1.141952634703377878e-01	1.357383093791574187e-02
nan	2.500000000000000000e+04	2.500000000000000000e+01	nan	1.997934156810714512e-01	1.212091150496152625e-01	1.350260114806170648e-02
nan	2.500000000000000000e+04	2.500000000000000000e+01	nan	2.123068158042755726e-01	1.164634291866020049e-01	1.334922578810472833e-02
nan	2.500000000000000000e+04	2.500000000000000000e+01	nan	2.247356251315153486e-01	1.103651574355108134e-01	1.305731859992799448e-02
nan	2.500000000000000000e+04	2.500000000000000000e+01	nan	2.367546820022923271e-01	1.106863939094408222e-01	1.242788510041523999e-02
nan	2.500000000000000000e+04	2.500000000000000000e+01	nan	2.496682081894192606e-01	1.185768370135616007e-01	1.255105928483502345e-02
nan	2.500000000000000000e+04	2.500000000000000000e+01	nan	2.617480143186412533e-01	1.188915859059442165e-01	1.270380808204895490e-02
nan	2.500000000000000000e+04	2.500000000000000000e+01	nan	2.745827110561265272e-01	1.121732496892643705e-01	1.239541242286955683e-02
nan	2.500000000000000000e+04	2.500000000000000000e+01	nan	2.869878135585111067e-01	1.158393406044379986e-01	1.266259397442527634e-02
nan	2.500000000000000000e+04	2.500000000000000000e+01	nan	2.995938662610910797e-01	1.142895388532679385e-01	1.233182845775549971e-02
nan	2.500000000000000000e+04	2.500000000000000000e+01	nan	3.121724945122821282e-01	1.110545415375126521e-01	1.287021359785899335e-02
nan	2.500000000000000000e+04	2.500000000000000000e+01	nan	3.223795170224690310e-01	1.089448562301438272e-01	1.231975360788505579e-02
nan	2.500000000000000000e+04	2.500000000000000000e+01	nan	3.371364672218248870e-01	1.062726156552230156e-01	1.264802472137243478e-02
nan	2.500000000000000000e+04	2.500000000000000000e+01	nan	3.489925601921157750e-01	1.071148101395750091e-01	1.223123967042712319e-02
nan	2.500000000000000000e+04	2.500000000000000000e+01	nan	3.618634343905711148e-01	1.107638690362523493e-01	1.184167605551576970e-02
nan	2.500000000000000000e+04	2.500000000000000000e+01	nan	3.744305472325493156e-01	1.106478540634297791e-01	1.150932194619243461e-02
nan	2.500000000000000000e+04	2.500000000000000000e+01	nan	3.856986964587321154e-01	1.172519950528956162e-01	1.162369411245473515e-02
nan	2.500000000000000000e+04	2.500000000000000000e+01	nan	3.997582447052110410e-01	1.087193707262462394e-01	1.197906866767372430e-02
nan	2.500000000000000000e+04	2.500000000000000000e+01	nan	4.097882230548037796e-01	1.109341823333082622e-01	1.198583422520016484e-02
nan	2.500000000000000000e+04	2.500000000000000000e+01	nan	4.244944533775623086e-01	1.161925793813591012e-01	1.103877462314008066e-02
nan	2.500000000000000000e+04	2.500000000000000000e+01	nan	4.365948474877541230e-01	1.125332515033443809e-01	1.101351477384362836e-02
nan	2.500000000000000000e+04	2.500000000000000000e+01	nan	4.492877252309028790e-01	1.142353255373584481e-01	1.190474714641912880e-02
nan	2.500000000000000000e+04	2.500000000000000000e+01	nan	4.616798648342665956e-01	1.120922472455842811e-01	1.140310953706511789e-02
nan	2.500000000000000000e+04	2.500000000000000000e+01	nan	4.740999392105464949e-01	1.099111678027060446e-01	1.115761808815797854e-02
nan	2.500000000000000000e+04	2.500000000000000000e+01	nan	4.865104241326889678e-01	1.142872880414578518e-01	1.194930978736996607e-02
nan	2.500000000000000000e+04	2.500000000000000000e+01	nan	4.595650741416054119e-01	1.186434130190288788e-01	1.100018792776636008e-02
