# SourcePhotonFlux	NumberRaysSurvived	PercentageRaysSurvived	PhotonFlux	Bandwidth	HorizontalFocusFWHM	VerticalFocusFWHM
nan	1.000000000000000000e+05	1.000000000000000000e+02	nan	9.967673139754254508e-02	1.121842487186566900e-01	1.044112304543946268e-01
nan	1.000000000000000000e+05	1.000000000000000000e+02	nan	1.494211271457146495e-01	9.355948947544519279e-02	8.900567394545053079e-02
nan	1.000000000000000000e+05	1.000000000000000000e+02	nan	1.997515725121218055e-01	8.580298727414686910e-02	7.490486708237406588e-02
nan	1.000000000000000000e+05	1.000000000000000000e+02	nan	2.497082330924030313e-01	7.671256848164378916e-02	6.778247386170067890e-02
nan	1.000000000000000000e+05	1.000000000000000000e+02	nan	2.992509058973496505e-01	6.999692669429295744e-02	6.282167385110540292e-02
nan	1.000000000000000000e+05	1.000000000000000000e+02	nan	3.491212221678836047e-01	6.704523289778392681e-02	5.644764687033737571e-02
nan	1.000000000000000000e+05	1.000000000000000000e+02	nan	3.983162491666462079e-01	6.230915023794854346e-02	5.375688875225191621e-02
nan	1.000000000000000000e+05	1.000000000000000000e+02	nan	4.488275663285264949e-01	6.059698808478956172e-02	5.050641383273633822e-02
nan	1.000000000000000000e+05	1.000000000000000000e+02	nan	4.990325646905603429e-01	5.822470611058595813e-02	4.760348962862302052e-02
nan	1.000000000000000000e+05	1.000000000000000000e+02	nan	5.494034271307668416e-01	5.730523069119158874e-02	4.725822700554880434e-02
nan	1.000000000000000000e+05	1.000000000000000000e+02	nan	5.991449564124990967e-01	5.750790395015548118e-02	4.388163612725119733e-02
nan	1.000000000000000000e+05	1.000000000000000000e+02	nan	6.489082432568693548e-01	5.508038282817186854e-02	4.249633829700347198e-02
nan	1.000000000000000000e+05	1.000000000000000000e+02	nan	6.986392181261521506e-01	5.424125228306845431e-02	4.011451512991180690e-02
nan	1.000000000000000000e+05	1.000000000000000000e+02	nan	7.488404218731034012e-01	5.419322000020330987e-02	4.031918252008945963e-02
nan	1.000000000000000000e+05	1.000000000000000000e+02	nan	7.991037894675514508e-01	5.389566064405543200e-02	3.911148810102917789e-02
nan	1.000000000000000000e+05	1.000000000000000000e+02	nan	8.215823691797060624e-01	5.237273339743155759e-02	3.733713705893791646e-02
nan	1.000000000000000000e+05	1.000000000000000000e+02	nan	8.985437689275499462e-01	4.959829867571773077e-02	3.734899806438000264e-02
nan	1.000000000000000000e+05	1.000000000000000000e+02	nan	9.184255493976504203e-01	4.918660006975368593e-02	3.568593673585540582e-02
nan	1.000000000000000000e+05	1.000000000000000000e+02	nan	9.984457319668422759e-01	4.903573962087878074e-02	3.495943507417845209e-02
nan	1.000000000000000000e+05	1.000000000000000000e+02	nan	1.047981520124767529e+00	4.923806913216725867e-02	3.322790010666532012e-02
nan	1.000000000000000000e+05	1.000000000000000000e+02	nan	1.096460520884784184e+00	4.765512609207071121e-02	3.463375067593300188e-02
nan	1.000000000000000000e+05	1.000000000000000000e+02	nan	1.148615633149233872e+00	4.660085579926427635e-02	3.317740953598708603e-02
nan	1.000000000000000000e+05	1.000000000000000000e+02	nan	1.198484413232836276e+00	4.754814378940978165e-02	3.226879586798934302e-02
nan	1.000000000000000000e+05	1.000000000000000000e+02	nan	1.247530397737409702e+00	4.844983849402949294e-02	3.166495971060286768e-02
nan	1.000000000000000000e+05	1.000000000000000000e+02	nan	1.291329127129984045e+00	4.659003635776753915e-02	3.163262355439888651e-02
nan	1.000000000000000000e+05	1.000000000000000000e+02	nan	1.347970371806149981e+00	4.725057107574863469e-02	3.055357667319687567e-02
nan	1.000000000000000000e+05	1.000000000000000000e+02	nan	1.395855797870694914e+00	4.625392116981395102e-02	3.074651164487698235e-02
nan	1.000000000000000000e+05	1.000000000000000000e+02	nan	1.444248718965059242e+00	4.468926151278111714e-02	3.015205778357524929e-02
nan	1.000000000000000000e+05	1.000000000000000000e+02	nan	1.498440541978288909e+00	4.662909059658225386e-02	2.838165144098546769e-02
nan	1.000000000000000000e+05	1.000000000000000000e+02	nan	1.542910836262535668e+00	4.442285762352047446e-02	2.881758760500217550e-02
nan	1.000000000000000000e+05	1.000000000000000000e+02	nan	1.597004527203898849e+00	4.397867182057522278e-02	2.891476184864555377e-02
nan	1.000000000000000000e+05	1.000000000000000000e+02	nan	1.647315539814894647e+00	4.342128695375067210e-02	2.778638322832920407e-02
nan	1.000000000000000000e+05	1.000000000000000000e+02	nan	1.697564375777346868e+00	4.494932382432325485e-02	2.733171294993506223e-02
nan	1.000000000000000000e+05	1.000000000000000000e+02	nan	1.747733725982561825e+00	4.341748271822190586e-02	2.729230833806983031e-02
nan	1.000000000000000000e+05	1.000000000000000000e+02	nan	1.797329589776586634e+00	4.282909033239425123e-02	2.627981950884908380e-02
nan	1.000000000000000000e+05	1.000000000000000000e+02	nan	1.848256207191707245e+00	4.302531449099365052e-02	2.673270562732359482e-02
nan	1.000000000000000000e+05	1.000000000000000000e+02	nan	1.897897956525116614e+00	4.366181407461118547e-02	2.634179487583874699e-02
nan	1.000000000000000000e+05	1.000000000000000000e+02	nan	1.885166758365996120e+00	4.348400519399540920e-02	2.656819045350661962e-02
nan	1.000000000000000000e+05	1.000000000000000000e+02	nan	1.996125617328175395e+00	4.294753748394509324e-02	2.689529782070609193e-02
nan	1.000000000000000000e+05	1.000000000000000000e+02	nan	9.959141182717416718e-02	1.102504455810205952e-01	1.058871906851629741e-01
nan	1.000000000000000000e+05	1.000000000000000000e+02	nan	1.496677180544594421e-01	9.159947629077321019e-02	8.652908493471345164e-02
nan	1.000000000000000000e+05	1.000000000000000000e+02	nan	1.933256697607905195e-01	8.053770202072457751e-02	7.792573401386550247e-02
nan	1.000000000000000000e+05	1.000000000000000000e+02	nan	2.490039180704826660e-01	7.557334356770627204e-02	6.749293924404708989e-02
nan	1.000000000000000000e+05	1.000000000000000000e+02	nan	2.996415523957693949e-01	6.987148859914907306e-02	6.161878091440002592e-02
nan	1.000000000000000000e+05	1.000000000000000000e+02	nan	3.492949934054251915e-01	6.526423115187818258e-02	5.499098573477211038e-02
nan	1.000000000000000000e+05	1.000000000000000000e+02	nan	3.980324981759508773e-01	6.433690244993044149e-02	5.457188758155162578e-02
nan	1.000000000000000000e+05	1.000000000000000000e+02	nan	4.493398505584991764e-01	6.231646146551340915e-02	5.024673557762845272e-02
nan	1.000000000000000000e+05	1.000000000000000000e+02	nan	4.994141615525279354e-01	5.723525846893299379e-02	4.756861650046814022e-02
nan	1.000000000000000000e+05	1.000000000000000000e+02	nan	5.488617307875415241e-01	5.689722491781603469e-02	4.630929045486414930e-02
nan	1.000000000000000000e+05	1.000000000000000000e+02	nan	5.992417169985173597e-01	5.525020038229951080e-02	4.360578597637999876e-02
nan	1.000000000000000000e+05	1.000000000000000000e+02	nan	6.474713289448800202e-01	5.362784861705429534e-02	4.225146858920461601e-02
nan	1.000000000000000000e+05	1.000000000000000000e+02	nan	6.986018441537111823e-01	5.536155106870137288e-02	4.014092998969440856e-02
nan	1.000000000000000000e+05	1.000000000000000000e+02	nan	7.252674099779705674e-01	5.454488722745637341e-02	3.958015741337603255e-02
nan	1.000000000000000000e+05	1.000000000000000000e+02	nan	7.947995911577209194e-01	5.230190277064927784e-02	3.772070710095207918e-02
nan	1.000000000000000000e+05	1.000000000000000000e+02	nan	8.475250908092448743e-01	5.108482619052757967e-02	3.778407263633487556e-02
nan	1.000000000000000000e+05	1.000000000000000000e+02	nan	8.990538802551781838e-01	5.196720040976008509e-02	3.652525930472038523e-02
nan	1.000000000000000000e+05	1.000000000000000000e+02	nan	9.470264897963488471e-01	4.928380407556560289e-02	3.599281029047921715e-02
nan	1.000000000000000000e+05	1.000000000000000000e+02	nan	9.982792377536157113e-01	4.829838629131828764e-02	3.496555805191649269e-02
nan	1.000000000000000000e+05	1.000000000000000000e+02	nan	1.046235321398353291e+00	4.901171814150728778e-02	3.424077002396130193e-02
nan	1.000000000000000000e+05	1.000000000000000000e+02	nan	1.098277133193118926e+00	4.826192316333337284e-02	3.425093879859657242e-02
nan	1.000000000000000000e+05	1.000000000000000000e+02	nan	1.147290055118855845e+00	4.658967322273615402e-02	3.335571698081576247e-02
nan	1.000000000000000000e+05	1.000000000000000000e+02	nan	1.198349113444896918e+00	4.706906981253083933e-02	3.285953878433841430e-02
nan	1.000000000000000000e+05	1.000000000000000000e+02	nan	1.209053921143103061e+00	4.613658708866050923e-02	3.208954911172299390e-02
nan	1.000000000000000000e+05	1.000000000000000000e+02	nan	1.295881521082583365e+00	4.691577925987226727e-02	3.095959496413166340e-02
nan	1.000000000000000000e+05	1.000000000000000000e+02	nan	1.348086137926748140e+00	4.603480269244828588e-02	3.152905640649709962e-02
nan	1.000000000000000000e+05	1.000000000000000000e+02	nan	1.397748202280126861e+00	4.608099418066619046e-02	3.067285718425103586e-02
nan	1.000000000000000000e+05	1.000000000000000000e+02	nan	1.446908526598394973e+00	4.591978515228398866e-02	2.958851109561488890e-02
nan	1.000000000000000000e+05	1.000000000000000000e+02	nan	1.496921042947565228e+00	4.520082652083404900e-02	2.969400127823520336e-02
nan	1.000000000000000000e+05	1.000000000000000000e+02	nan	1.547911214814371217e+00	4.536363255137874917e-02	2.914452337692734554e-02
nan	1.000000000000000000e+05	1.000000000000000000e+02	nan	1.594623063266635610e+00	4.507901336422614341e-02	2.872075267972949361e-02
nan	1.000000000000000000e+05	1.000000000000000000e+02	nan	1.644795397257962533e+00	4.442385168499175807e-02	2.791352882019051268e-02
nan	1.000000000000000000e+05	1.000000000000000000e+02	nan	1.696296071586834930e+00	4.471816961563668952e-02	2.832035330626143238e-02
nan	1.000000000000000000e+05	1.000000000000000000e+02	nan	1.747570490512885044e+00	4.503795004805239560e-02	2.841898535832769121e-02
nan	1.000000000000000000e+05	1.000000000000000000e+02	nan	1.797843728508883077e+00	4.338257871986798964e-02	2.772753915939265429e-02
nan	1.000000000000000000e+05	1.000000000000000000e+02	nan	1.846955413106411426e+00	4.542686024043916804e-02	2.756487156209857375e-02
nan	1.000000000000000000e+05	1.000000000000000000e+02	nan	1.836243646531461993e+00	4.605381210262163294e-02	2.652787899153071643e-02
nan	1.000000000000000000e+05	1.000000000000000000e+02	nan	1.945687166570996940e+00	4.478548381653588151e-02	2.631828263689634656e-02
nan	1.000000000000000000e+05	1.000000000000000000e+02	nan	1.993324805279212297e+00	4.433092365872123852e-02	2.594263948355159805e-02
nan	1.000000000000000000e+05	1.000000000000000000e+02	nan	9.346484563817823721e-02	1.092159258319569670e-01	1.033811689651134014e-01
nan	1.000000000000000000e+05	1.000000000000000000e+02	nan	1.450027146012508872e-01	9.316078717293573008e-02	8.466300139756158250e-02
nan	1.000000000000000000e+05	1.000000000000000000e+02	nan	1.988573670686918093e-01	8.074862938392177170e-02	7.691576210992426277e-02
nan	1.000000000000000000e+05	1.000000000000000000e+02	nan	2.490863411060360022e-01	7.431130765619600731e-02	6.830930911162724772e-02
nan	1.000000000000000000e+05	1.000000000000000000e+02	nan	2.996081767869213652e-01	7.192911938916510262e-02	6.268884748135521157e-02
nan	1.000000000000000000e+05	1.000000000000000000e+02	nan	3.493710853113896064e-01	6.516810682469975635e-02	5.642961122857072243e-02
nan	1.000000000000000000e+05	1.000000000000000000e+02	nan	3.864657047285830482e-01	6.266406291365830827e-02	5.316498300799327170e-02
nan	1.000000000000000000e+05	1.000000000000000000e+02	nan	4.472654744120177495e-01	6.034764885959207487e-02	5.151346597873568411e-02
nan	1.000000000000000000e+05	1.000000000000000000e+02	nan	4.835635180303062830e-01	5.997222380094723027e-02	4.805243677932528185e-02
nan	1.000000000000000000e+05	1.000000000000000000e+02	nan	5.490776236886290018e-01	5.877398980032828846e-02	4.599832418299176773e-02
nan	1.000000000000000000e+05	1.000000000000000000e+02	nan	5.989953986961836785e-01	5.654326985380351417e-02	4.481232023326574970e-02
nan	1.000000000000000000e+05	1.000000000000000000e+02	nan	6.489003254090448536e-01	5.617601635898913232e-02	4.200354657485037835e-02
nan	1.000000000000000000e+05	1.000000000000000000e+02	nan	6.953660016724825255e-01	5.398211556531293948e-02	4.105969726807105757e-02
nan	1.000000000000000000e+05	1.000000000000000000e+02	nan	7.489257164987634940e-01	5.241266470847080056e-02	3.961157122765372046e-02
nan	1.000000000000000000e+05	1.000000000000000000e+02	nan	7.987125207157645956e-01	5.154376842151726923e-02	3.812479071666186048e-02
nan	1.000000000000000000e+05	1.000000000000000000e+02	nan	8.482455325442060934e-01	5.064089396065352133e-02	3.692216069450272170e-02
nan	1.000000000000000000e+05	1.000000000000000000e+02	nan	8.970769930241431211e-01	5.124943686424900113e-02	3.759230335846051874e-02
nan	1.000000000000000000e+05	1.000000000000000000e+02	nan	9.181306826388523357e-01	5.081790797200545079e-02	3.569144428866611457e-02
nan	1.000000000000000000e+05	1.000000000000000000e+02	nan	9.971551111636017817e-01	4.865593063833943688e-02	3.472775498943006522e-02
nan	1.000000000000000000e+05	1.000000000000000000e+02	nan	1.046477336356292698e+00	4.929242490767322266e-02	3.573755313197263250e-02
nan	1.000000000000000000e+05	1.000000000000000000e+02	nan	1.098345559743279409e+00	4.847881695604840113e-02	3.302666045234346759e-02
nan	1.000000000000000000e+05	1.000000000000000000e+02	nan	1.146698546448214895e+00	4.797406565009056101e-02	3.306766112871718788e-02
nan	1.000000000000000000e+05	1.000000000000000000e+02	nan	1.197885572801851595e+00	4.683550435273900470e-02	3.212657810966381561e-02
nan	1.000000000000000000e+05	1.000000000000000000e+02	nan	1.206559705709277619e+00	4.830627009841405306e-02	3.155058920088857355e-02
nan	1.000000000000000000e+05	1.000000000000000000e+02	nan	1.297831721862940046e+00	4.521677548879166064e-02	3.091568407428988904e-02
nan	1.000000000000000000e+05	1.000000000000000000e+02	nan	1.346193425209003092e+00	4.741905245198146934e-02	3.142441330983628683e-02
nan	1.000000000000000000e+05	1.000000000000000000e+02	nan	1.394686362991410578e+00	4.445210579926658911e-02	3.013211315037249080e-02
nan	1.000000000000000000e+05	1.000000000000000000e+02	nan	1.446678876837381722e+00	4.479418736652898692e-02	2.970043343421764279e-02
nan	1.000000000000000000e+05	1.000000000000000000e+02	nan	1.497188582721037164e+00	4.383579165202745181e-02	3.024881874344792498e-02
nan	1.000000000000000000e+05	1.000000000000000000e+02	nan	1.546035886557956429e+00	4.563707411702958017e-02	2.948370295867034502e-02
nan	1.000000000000000000e+05	1.000000000000000000e+02	nan	1.596411535522111125e+00	4.405792996456671384e-02	2.781599887392023976e-02
nan	1.000000000000000000e+05	1.000000000000000000e+02	nan	1.646669278900753763e+00	4.332686233556699851e-02	2.792268640959192846e-02
nan	1.000000000000000000e+05	1.000000000000000000e+02	nan	1.697463787429319471e+00	4.357031484596500526e-02	2.771768435040972839e-02
nan	1.000000000000000000e+05	1.000000000000000000e+02	nan	1.744081255518290074e+00	4.427223648625631947e-02	2.803489836603714758e-02
nan	1.000000000000000000e+05	1.000000000000000000e+02	nan	1.796877470306594615e+00	4.333561596349891354e-02	2.717694665557646161e-02
nan	1.000000000000000000e+05	1.000000000000000000e+02	nan	1.847406264345386351e+00	4.372225342191050912e-02	2.602136082215001506e-02
nan	1.000000000000000000e+05	1.000000000000000000e+02	nan	1.897581814448494608e+00	4.449474944007567045e-02	2.637854609455366275e-02
nan	1.000000000000000000e+05	1.000000000000000000e+02	nan	1.947984457869029074e+00	4.358225456064336589e-02	2.653030669235004191e-02
nan	1.000000000000000000e+05	1.000000000000000000e+02	nan	1.995647485297990853e+00	4.425391575486783968e-02	2.557648056472317660e-02
