# SourcePhotonFlux	NumberRaysSurvived	PercentageRaysSurvived	PhotonFlux	Bandwidth	HorizontalFocusFWHM	VerticalFocusFWHM
nan	1.000000000000000000e+05	1.000000000000000000e+02	nan	9.989398269405000419e-02	1.099158252519151502e-01	1.031154125455703979e-01
nan	1.000000000000000000e+05	1.000000000000000000e+02	nan	1.497283359772012545e-01	9.169876225218115406e-02	8.283527894402856195e-02
nan	1.000000000000000000e+05	1.000000000000000000e+02	nan	1.993381712514462889e-01	8.272785814100555579e-02	7.373425185598898868e-02
nan	1.000000000000000000e+05	1.000000000000000000e+02	nan	2.496687417410271281e-01	7.660764714642084861e-02	6.580446360485822654e-02
nan	1.000000000000000000e+05	1.000000000000000000e+02	nan	2.993279894412296249e-01	7.052072878949942891e-02	5.981547458594319716e-02
nan	1.000000000000000000e+05	1.000000000000000000e+02	nan	3.494414558325275033e-01	6.609285537002462796e-02	5.604322505986132630e-02
nan	1.000000000000000000e+05	1.000000000000000000e+02	nan	3.989368145759158435e-01	6.556899050894286762e-02	5.315134977250662862e-02
nan	1.000000000000000000e+05	1.000000000000000000e+02	nan	4.492339490325775730e-01	6.236679508538315458e-02	4.825084703504380762e-02
nan	1.000000000000000000e+05	1.000000000000000000e+02	nan	4.949461327899030150e-01	6.062449875502136376e-02	4.664260629877244740e-02
nan	1.000000000000000000e+05	1.000000000000000000e+02	nan	5.492670830897509182e-01	5.652875871010663161e-02	4.673212642008352236e-02
nan	1.000000000000000000e+05	1.000000000000000000e+02	nan	5.982417411528672124e-01	5.601168151320144728e-02	4.323292669768654534e-02
nan	1.000000000000000000e+05	1.000000000000000000e+02	nan	6.483550853440988027e-01	5.581237210397176074e-02	4.202564857743817245e-02
nan	1.000000000000000000e+05	1.000000000000000000e+02	nan	6.989014402085672595e-01	5.413471050631230019e-02	3.967173305135836270e-02
nan	1.000000000000000000e+05	1.000000000000000000e+02	nan	7.483821412128236483e-01	5.286981736564858730e-02	3.886574913220323946e-02
nan	1.000000000000000000e+05	1.000000000000000000e+02	nan	7.735797730510571846e-01	5.161830605220990575e-02	3.731357070679888061e-02
nan	1.000000000000000000e+05	1.000000000000000000e+02	nan	8.481183657855126956e-01	5.205028137032467056e-02	3.740988076764851372e-02
nan	1.000000000000000000e+05	1.000000000000000000e+02	nan	8.973675572961610225e-01	5.384188939190676093e-02	3.535793938848077328e-02
nan	1.000000000000000000e+05	1.000000000000000000e+02	nan	9.468952104129926273e-01	5.113260286906149560e-02	3.443226764008062990e-02
nan	1.000000000000000000e+05	1.000000000000000000e+02	nan	9.981965648658615020e-01	4.940971287717683957e-02	3.474199871958653929e-02
nan	1.000000000000000000e+05	1.000000000000000000e+02	nan	1.048804941456683126e+00	4.910935873399074197e-02	3.240456535575326341e-02
nan	1.000000000000000000e+05	1.000000000000000000e+02	nan	1.098050941282735948e+00	4.895500737554753234e-02	3.270707548486732202e-02
nan	1.000000000000000000e+05	1.000000000000000000e+02	nan	1.148711511584360689e+00	4.942975678933490130e-02	3.123812582869029547e-02
nan	1.000000000000000000e+05	1.000000000000000000e+02	nan	1.196761918563424842e+00	4.814495527304148842e-02	3.034983247995442016e-02
nan	1.000000000000000000e+05	1.000000000000000000e+02	nan	1.248535235356734940e+00	4.789471745203692510e-02	3.039472533777718560e-02
nan	1.000000000000000000e+05	1.000000000000000000e+02	nan	1.257138701070871445e+00	4.639309732409217096e-02	2.894098373143688674e-02
nan	1.000000000000000000e+05	1.000000000000000000e+02	nan	1.347349392377259480e+00	4.568733467018282202e-02	2.868350008329509371e-02
nan	1.000000000000000000e+05	1.000000000000000000e+02	nan	1.397048646069561029e+00	4.731489690145242871e-02	2.860406335266967373e-02
nan	1.000000000000000000e+05	1.000000000000000000e+02	nan	1.444069391179436890e+00	4.631712905287624360e-02	2.800997072091494441e-02
nan	1.000000000000000000e+05	1.000000000000000000e+02	nan	1.498293428453735032e+00	4.649845444757790686e-02	2.750260650327859824e-02
nan	1.000000000000000000e+05	1.000000000000000000e+02	nan	1.547647373115478286e+00	4.524198241296902012e-02	2.658927529163521847e-02
nan	1.000000000000000000e+05	1.000000000000000000e+02	nan	1.596251797398667849e+00	4.647939577480188211e-02	2.660158833330528855e-02
nan	1.000000000000000000e+05	1.000000000000000000e+02	nan	1.647939212205710602e+00	4.485242695003778535e-02	2.677331974459848385e-02
nan	1.000000000000000000e+05	1.000000000000000000e+02	nan	1.697714680810668231e+00	4.516814040712442690e-02	2.575066618994203277e-02
nan	1.000000000000000000e+05	1.000000000000000000e+02	nan	1.747825263793743034e+00	4.822313604353180294e-02	2.568866555479184383e-02
nan	1.000000000000000000e+05	1.000000000000000000e+02	nan	1.796480974718019707e+00	4.562242594713707827e-02	2.432154431808158240e-02
nan	1.000000000000000000e+05	1.000000000000000000e+02	nan	1.839517978469461967e+00	4.437166091512158295e-02	2.450908912771521467e-02
nan	1.000000000000000000e+05	1.000000000000000000e+02	nan	1.892386213608233447e+00	4.472177824704381965e-02	2.454332426576822518e-02
nan	1.000000000000000000e+05	1.000000000000000000e+02	nan	1.880298712853781584e+00	4.495591788814656820e-02	2.374305268372802619e-02
nan	1.000000000000000000e+05	1.000000000000000000e+02	nan	1.997264827563208112e+00	4.652646054306749240e-02	2.328829247512158307e-02
nan	1.000000000000000000e+05	1.000000000000000000e+02	nan	9.994593803477869187e-02	1.119803221552766043e-01	1.037752087178198390e-01
nan	1.000000000000000000e+05	1.000000000000000000e+02	nan	1.496897019016102948e-01	9.377669636056880365e-02	8.678896800991550697e-02
nan	1.000000000000000000e+05	1.000000000000000000e+02	nan	1.998213260057696006e-01	8.188162916126019708e-02	7.365421500293611867e-02
nan	1.000000000000000000e+05	1.000000000000000000e+02	nan	2.493839576123832447e-01	7.404524251112307165e-02	6.642017671858116423e-02
nan	1.000000000000000000e+05	1.000000000000000000e+02	nan	2.994213667383235356e-01	7.035082608223178213e-02	5.931276620697274737e-02
nan	1.000000000000000000e+05	1.000000000000000000e+02	nan	3.492331483733380759e-01	6.606845632960212100e-02	5.670674882260291760e-02
nan	1.000000000000000000e+05	1.000000000000000000e+02	nan	3.994963132707823883e-01	6.660937266658836786e-02	5.206045834150846430e-02
nan	1.000000000000000000e+05	1.000000000000000000e+02	nan	4.486975625240915977e-01	6.047812130586381618e-02	4.998905036180657790e-02
nan	1.000000000000000000e+05	1.000000000000000000e+02	nan	4.994045578852876477e-01	5.944405516612526197e-02	4.543658662762047051e-02
nan	1.000000000000000000e+05	1.000000000000000000e+02	nan	5.492917406938886415e-01	5.727592344088592441e-02	4.666111947842235819e-02
nan	1.000000000000000000e+05	1.000000000000000000e+02	nan	5.991919744610413323e-01	5.623585049004932446e-02	4.256085487484724539e-02
nan	1.000000000000000000e+05	1.000000000000000000e+02	nan	6.479352701076891430e-01	5.616296670648150691e-02	4.070727277793585730e-02
nan	1.000000000000000000e+05	1.000000000000000000e+02	nan	6.988097936561530332e-01	5.406630246379354882e-02	3.897882406110393660e-02
nan	1.000000000000000000e+05	1.000000000000000000e+02	nan	7.487675474175830015e-01	5.289954646962887613e-02	3.974286968184778668e-02
nan	1.000000000000000000e+05	1.000000000000000000e+02	nan	7.724818459241495905e-01	5.469518919558324921e-02	3.668055041713481901e-02
nan	1.000000000000000000e+05	1.000000000000000000e+02	nan	8.486952585347239397e-01	5.189346722555483737e-02	3.707096375929030269e-02
nan	1.000000000000000000e+05	1.000000000000000000e+02	nan	8.942208915291303128e-01	4.971555871212034183e-02	3.513171378282031743e-02
nan	1.000000000000000000e+05	1.000000000000000000e+02	nan	9.487903436132342216e-01	5.044996415268336587e-02	3.447397412940274991e-02
nan	1.000000000000000000e+05	1.000000000000000000e+02	nan	9.975869867825167825e-01	5.001690746344013977e-02	3.363161514145872333e-02
nan	1.000000000000000000e+05	1.000000000000000000e+02	nan	1.046273959755581018e+00	4.924244713459282469e-02	3.358194675162691489e-02
nan	1.000000000000000000e+05	1.000000000000000000e+02	nan	1.098725595738892391e+00	4.901592921418009702e-02	3.151585648577046039e-02
nan	1.000000000000000000e+05	1.000000000000000000e+02	nan	1.148300332293592962e+00	4.819983688684122830e-02	3.109300467460674941e-02
nan	1.000000000000000000e+05	1.000000000000000000e+02	nan	1.157779314285608319e+00	4.746498780639546444e-02	3.181476415104006472e-02
nan	1.000000000000000000e+05	1.000000000000000000e+02	nan	1.248551849039631678e+00	4.558113408652857135e-02	3.171418602250779262e-02
nan	1.000000000000000000e+05	1.000000000000000000e+02	nan	1.298303264490391573e+00	4.733793465239900106e-02	2.976667789351000043e-02
nan	1.000000000000000000e+05	1.000000000000000000e+02	nan	1.347139505837140039e+00	4.704569421881010099e-02	2.881113276531745843e-02
nan	1.000000000000000000e+05	1.000000000000000000e+02	nan	1.397933948758554923e+00	4.673834300883104170e-02	2.891865860685887551e-02
nan	1.000000000000000000e+05	1.000000000000000000e+02	nan	1.444565860669968060e+00	4.638934436166530090e-02	2.827604526218489497e-02
nan	1.000000000000000000e+05	1.000000000000000000e+02	nan	1.496180143363858406e+00	4.805444809475846457e-02	2.780735461273186118e-02
nan	1.000000000000000000e+05	1.000000000000000000e+02	nan	1.546298589649518274e+00	4.637909813085241972e-02	2.729319056749827249e-02
nan	1.000000000000000000e+05	1.000000000000000000e+02	nan	1.595448407348067033e+00	4.586576260438977176e-02	2.625477991630285196e-02
nan	1.000000000000000000e+05	1.000000000000000000e+02	nan	1.648431553733621602e+00	4.672725955998856262e-02	2.605290382515019695e-02
nan	1.000000000000000000e+05	1.000000000000000000e+02	nan	1.696104182244039249e+00	4.472396311483436970e-02	2.595568927257470987e-02
nan	1.000000000000000000e+05	1.000000000000000000e+02	nan	1.746009394865382092e+00	4.338118969018363302e-02	2.555077449209641749e-02
nan	1.000000000000000000e+05	1.000000000000000000e+02	nan	1.798352043219756613e+00	4.625624461597455106e-02	2.480471661930209321e-02
nan	1.000000000000000000e+05	1.000000000000000000e+02	nan	1.845374669776310927e+00	4.289022420400089020e-02	2.425498978208723982e-02
nan	1.000000000000000000e+05	1.000000000000000000e+02	nan	1.893881504763794466e+00	4.512856259770513939e-02	2.401676160044177027e-02
nan	1.000000000000000000e+05	1.000000000000000000e+02	nan	1.945110561139836047e+00	4.412124632977069971e-02	2.500814030154940165e-02
nan	1.000000000000000000e+05	1.000000000000000000e+02	nan	1.994005510352599320e+00	4.177422576954491207e-02	2.376859892084520059e-02
nan	1.000000000000000000e+05	1.000000000000000000e+02	nan	9.984143483700620714e-02	1.062086995861734745e-01	1.059492099758506667e-01
nan	1.000000000000000000e+05	1.000000000000000000e+02	nan	1.496676629211833587e-01	9.323803480758188766e-02	8.517788119999934737e-02
nan	1.000000000000000000e+05	1.000000000000000000e+02	nan	1.995516590056780615e-01	8.214758962231520634e-02	7.531319002610047109e-02
nan	1.000000000000000000e+05	1.000000000000000000e+02	nan	2.495025004883501540e-01	7.679133857844799849e-02	6.755452341459698695e-02
nan	1.000000000000000000e+05	1.000000000000000000e+02	nan	2.990595280987236038e-01	7.137327453471481453e-02	5.894488146109059384e-02
nan	1.000000000000000000e+05	1.000000000000000000e+02	nan	3.495763923205743029e-01	6.716440623165917390e-02	5.640177423344209379e-02
nan	1.000000000000000000e+05	1.000000000000000000e+02	nan	3.987742841476119571e-01	6.313030712182901572e-02	5.300515084393973841e-02
nan	1.000000000000000000e+05	1.000000000000000000e+02	nan	4.489960705769874272e-01	6.272297444212947271e-02	4.858235774013019287e-02
nan	1.000000000000000000e+05	1.000000000000000000e+02	nan	4.991445549717752894e-01	6.107539292744394721e-02	4.676300234943878836e-02
nan	1.000000000000000000e+05	1.000000000000000000e+02	nan	5.479026068455936649e-01	5.843171816743806396e-02	4.494526698501437323e-02
nan	1.000000000000000000e+05	1.000000000000000000e+02	nan	5.992878855585331843e-01	5.541886397759583638e-02	4.270666324723301072e-02
nan	1.000000000000000000e+05	1.000000000000000000e+02	nan	6.485122611081124422e-01	5.679652119446161607e-02	4.050394273200013523e-02
nan	1.000000000000000000e+05	1.000000000000000000e+02	nan	6.987795693360112637e-01	5.305637508629022087e-02	3.814484060785048453e-02
nan	1.000000000000000000e+05	1.000000000000000000e+02	nan	7.487895602836829312e-01	5.354205776945956258e-02	3.890004106480500490e-02
nan	1.000000000000000000e+05	1.000000000000000000e+02	nan	7.985996431189619216e-01	5.307393545691787423e-02	3.820013955504507341e-02
nan	1.000000000000000000e+05	1.000000000000000000e+02	nan	8.491897811485955572e-01	5.259079694046692177e-02	3.638143458743875458e-02
nan	1.000000000000000000e+05	1.000000000000000000e+02	nan	8.981343025059459473e-01	5.248793019325661419e-02	3.525185441871983572e-02
nan	1.000000000000000000e+05	1.000000000000000000e+02	nan	9.490802266428659539e-01	4.983339278203854916e-02	3.374065594271617036e-02
nan	1.000000000000000000e+05	1.000000000000000000e+02	nan	9.991022018050899067e-01	5.022485412087697443e-02	3.392766632752375333e-02
nan	1.000000000000000000e+05	1.000000000000000000e+02	nan	1.048361457060696056e+00	4.826782459290092364e-02	3.209474256727434111e-02
nan	1.000000000000000000e+05	1.000000000000000000e+02	nan	1.096839682773816049e+00	4.902028131359480179e-02	3.226331852802723915e-02
nan	1.000000000000000000e+05	1.000000000000000000e+02	nan	1.147729740699492185e+00	4.877966187984662805e-02	3.060683821071121663e-02
nan	1.000000000000000000e+05	1.000000000000000000e+02	nan	1.196717544506213926e+00	4.574789697705472502e-02	3.064556027857723991e-02
nan	1.000000000000000000e+05	1.000000000000000000e+02	nan	1.245339465738538820e+00	4.831575493225676726e-02	2.975440501693014245e-02
nan	1.000000000000000000e+05	1.000000000000000000e+02	nan	1.297918386390597423e+00	4.844193675537199900e-02	3.001245740975253679e-02
nan	1.000000000000000000e+05	1.000000000000000000e+02	nan	1.348751738754231155e+00	4.591023574282603742e-02	2.830736436562303338e-02
nan	1.000000000000000000e+05	1.000000000000000000e+02	nan	1.351941737823413536e+00	4.646157020020550560e-02	2.873175992665830125e-02
nan	1.000000000000000000e+05	1.000000000000000000e+02	nan	1.446403633156273738e+00	4.637081337868401848e-02	2.752960988835546560e-02
nan	1.000000000000000000e+05	1.000000000000000000e+02	nan	1.499079992890051560e+00	4.523521492168860320e-02	2.730649161094852312e-02
nan	1.000000000000000000e+05	1.000000000000000000e+02	nan	1.547743157567833761e+00	4.581831104627255569e-02	2.702856115221565284e-02
nan	1.000000000000000000e+05	1.000000000000000000e+02	nan	1.595162730063202527e+00	4.584508149783340925e-02	2.619807282806773177e-02
nan	1.000000000000000000e+05	1.000000000000000000e+02	nan	1.647059167012935088e+00	4.582342123670306994e-02	2.701288389855006217e-02
nan	1.000000000000000000e+05	1.000000000000000000e+02	nan	1.696790798471874862e+00	4.512804551634889277e-02	2.587805912256142121e-02
nan	1.000000000000000000e+05	1.000000000000000000e+02	nan	1.687000134451420719e+00	4.502010039308851352e-02	2.582672980625422277e-02
nan	1.000000000000000000e+05	1.000000000000000000e+02	nan	1.797307432543971073e+00	4.604513183950452448e-02	2.538912770004520675e-02
nan	1.000000000000000000e+05	1.000000000000000000e+02	nan	1.848232953500360098e+00	4.434282113860362612e-02	2.517418331694486894e-02
nan	1.000000000000000000e+05	1.000000000000000000e+02	nan	1.896492725104826693e+00	4.607126258345171921e-02	2.435659089947199429e-02
nan	1.000000000000000000e+05	1.000000000000000000e+02	nan	1.946419315728712629e+00	4.583568710325942874e-02	2.355080145724434623e-02
nan	1.000000000000000000e+05	1.000000000000000000e+02	nan	1.987948613372691353e+00	4.492886948444972661e-02	2.458895153527854496e-02
