Simulation Number PG.cFactor ExitSlit.openingHeight PG.lineDensity PG.orderDiffraction SU.numberRays SU.photonEnergy
0                 2.5        0.01                   1200           1                   100000.0      100            
1                 2.5        0.01                   1200           1                   100000.0      150            
2                 2.5        0.01                   1200           1                   100000.0      200            
3                 2.5        0.01                   1200           1                   100000.0      250            
4                 2.5        0.01                   1200           1                   100000.0      300            
5                 2.5        0.01                   1200           1                   100000.0      350            
6                 2.5        0.01                   1200           1                   100000.0      400            
7                 2.5        0.01                   1200           1                   100000.0      450            
8                 2.5        0.01                   1200           1                   100000.0      500            
9                 2.5        0.01                   1200           1                   100000.0      550            
10                2.5        0.01                   1200           1                   100000.0      600            
11                2.5        0.01                   1200           1                   100000.0      650            
12                2.5        0.01                   1200           1                   100000.0      700            
13                2.5        0.01                   1200           1                   100000.0      750            
14                2.5        0.01                   1200           1                   100000.0      800            
15                2.5        0.01                   1200           1                   100000.0      850            
16                2.5        0.01                   1200           1                   100000.0      900            
17                2.5        0.01                   1200           1                   100000.0      950            
18                2.5        0.01                   1200           1                   100000.0      1000           
19                2.5        0.01                   1200           1                   100000.0      1050           
20                2.5        0.01                   1200           1                   100000.0      1100           
21                2.5        0.01                   1200           1                   100000.0      1150           
22                2.5        0.01                   1200           1                   100000.0      1200           
23                2.5        0.01                   1200           1                   100000.0      1250           
24                2.5        0.01                   1200           1                   100000.0      1300           
25                2.5        0.01                   1200           1                   100000.0      1350           
26                2.5        0.01                   1200           1                   100000.0      1400           
27                2.5        0.01                   1200           1                   100000.0      1450           
28                2.5        0.01                   1200           1                   100000.0      1500           
29                2.5        0.01                   1200           1                   100000.0      1550           
30                2.5        0.01                   1200           1                   100000.0      1600           
31                2.5        0.01                   1200           1                   100000.0      1650           
32                2.5        0.01                   1200           1                   100000.0      1700           
33                2.5        0.01                   1200           1                   100000.0      1750           
34                2.5        0.01                   1200           1                   100000.0      1800           
35                2.5        0.01                   1200           1                   100000.0      1850           
36                2.5        0.01                   1200           1                   100000.0      1900           
37                2.5        0.01                   1200           1                   100000.0      1950           
38                2.5        0.01                   1200           1                   100000.0      2000           
