# SourcePhotonFlux	NumberRaysSurvived	PercentageRaysSurvived	PhotonFlux	Bandwidth	HorizontalFocusFWHM	VerticalFocusFWHM
nan	2.500000000000000000e+04	2.500000000000000000e+01	nan	2.497863279919254609e-02	4.374335350260274285e-02	2.618292917538833642e-02
nan	2.500000000000000000e+04	2.500000000000000000e+01	nan	3.746665723724618147e-02	4.339620205060572278e-02	2.340896058080678063e-02
nan	2.500000000000000000e+04	2.500000000000000000e+01	nan	4.994104408771704584e-02	4.128080460981471689e-02	1.837639651957099357e-02
nan	2.500000000000000000e+04	2.500000000000000000e+01	nan	6.245495281878454819e-02	3.918715128969228745e-02	1.786025321447593656e-02
nan	2.500000000000000000e+04	2.500000000000000000e+01	nan	7.493822754873846748e-02	4.000178532480662408e-02	1.545376811856215456e-02
nan	2.500000000000000000e+04	2.500000000000000000e+01	nan	8.735164956936003477e-02	3.839949538542086760e-02	1.537472304145099181e-02
nan	2.500000000000000000e+04	2.500000000000000000e+01	nan	9.994102884388311736e-02	3.816034584525503093e-02	1.425891770171301524e-02
nan	2.500000000000000000e+04	2.500000000000000000e+01	nan	1.122612350942056025e-01	4.035442300391532677e-02	1.323922838699325907e-02
nan	2.500000000000000000e+04	2.500000000000000000e+01	nan	1.249218351155505502e-01	3.774057092594616802e-02	1.264465623403184316e-02
nan	2.500000000000000000e+04	2.500000000000000000e+01	nan	1.366808256136593513e-01	4.049466512451075501e-02	1.173212391962627499e-02
nan	2.500000000000000000e+04	2.500000000000000000e+01	nan	1.499296292948315568e-01	4.055226918726223539e-02	1.244451668125317115e-02
nan	2.500000000000000000e+04	2.500000000000000000e+01	nan	1.619726044453031477e-01	3.831465220070801037e-02	1.095116332030414245e-02
nan	2.500000000000000000e+04	2.500000000000000000e+01	nan	1.609163167095594982e-01	3.705290517913989445e-02	1.076891397840318287e-02
nan	2.500000000000000000e+04	2.500000000000000000e+01	nan	1.872979118951363375e-01	3.802401113638122221e-02	1.074517119600158430e-02
nan	2.500000000000000000e+04	2.500000000000000000e+01	nan	1.997788769099457795e-01	4.070779892528514354e-02	1.018999823189034072e-02
nan	2.500000000000000000e+04	2.500000000000000000e+01	nan	2.120971306327845696e-01	4.035633789270382660e-02	1.075258100422599693e-02
nan	2.500000000000000000e+04	2.500000000000000000e+01	nan	2.248531243366613808e-01	3.802044402061072192e-02	9.733694377533956554e-03
nan	2.500000000000000000e+04	2.500000000000000000e+01	nan	2.366296313570614984e-01	3.840324758535895028e-02	9.838697706574696736e-03
nan	2.500000000000000000e+04	2.500000000000000000e+01	nan	2.498841301723615516e-01	3.763120267668124824e-02	1.008889045322410374e-02
nan	2.500000000000000000e+04	2.500000000000000000e+01	nan	2.618868957510187556e-01	3.892012185863282653e-02	1.038548949020868736e-02
nan	2.500000000000000000e+04	2.500000000000000000e+01	nan	2.524739115689364488e-01	3.689482931868957871e-02	9.059882703013168517e-03
nan	2.500000000000000000e+04	2.500000000000000000e+01	nan	2.859587223542376933e-01	3.985730690626532874e-02	9.093383939655794168e-03
nan	2.500000000000000000e+04	2.500000000000000000e+01	nan	2.998310544205224915e-01	3.692364817766034812e-02	9.063456288026558449e-03
nan	2.500000000000000000e+04	2.500000000000000000e+01	nan	2.866135157410307777e-01	3.987028860389001117e-02	9.081948787476973664e-03
nan	2.500000000000000000e+04	2.500000000000000000e+01	nan	3.245965561907127039e-01	3.777880607931971557e-02	8.828365327024204068e-03
nan	2.500000000000000000e+04	2.500000000000000000e+01	nan	3.372766565180427278e-01	3.732813490832064679e-02	9.375002848608761721e-03
nan	2.500000000000000000e+04	2.500000000000000000e+01	nan	3.497196716486286050e-01	3.531845590119047501e-02	8.566580832506456855e-03
nan	2.500000000000000000e+04	2.500000000000000000e+01	nan	3.623403996998746379e-01	4.075943865160550073e-02	8.688950811165774279e-03
nan	2.500000000000000000e+04	2.500000000000000000e+01	nan	3.735812760187684489e-01	3.834052449847177857e-02	8.375983584997645851e-03
nan	2.500000000000000000e+04	2.500000000000000000e+01	nan	3.869976388301807901e-01	3.818869367482922994e-02	8.604685680478136450e-03
nan	2.500000000000000000e+04	2.500000000000000000e+01	nan	3.996404809661555646e-01	3.916396751828291056e-02	8.803434164943366863e-03
nan	2.500000000000000000e+04	2.500000000000000000e+01	nan	3.794044851966548171e-01	3.783434878074103808e-02	8.010137089039647690e-03
nan	2.500000000000000000e+04	2.500000000000000000e+01	nan	4.242772212054575220e-01	3.712817733483995963e-02	8.549570996696315150e-03
nan	2.500000000000000000e+04	2.500000000000000000e+01	nan	4.356548075529644848e-01	3.654088990588519326e-02	8.155531006775320474e-03
nan	2.500000000000000000e+04	2.500000000000000000e+01	nan	4.497179428654050071e-01	3.830482242083002586e-02	8.128372248843778944e-03
nan	2.500000000000000000e+04	2.500000000000000000e+01	nan	4.619844715310250649e-01	3.802558437621604559e-02	8.369170285155776157e-03
nan	2.500000000000000000e+04	2.500000000000000000e+01	nan	4.744654555541671925e-01	3.675081720110768418e-02	8.025008798622317724e-03
nan	2.500000000000000000e+04	2.500000000000000000e+01	nan	4.868485437998231191e-01	3.823802810489547455e-02	8.300429135471489722e-03
nan	2.500000000000000000e+04	2.500000000000000000e+01	nan	4.996658730510716850e-01	3.709489495627449340e-02	7.845289306399518686e-03
nan	2.500000000000000000e+04	2.500000000000000000e+01	nan	2.496909213587716891e-02	4.811485196571796408e-02	2.799991872381575944e-02
nan	2.500000000000000000e+04	2.500000000000000000e+01	nan	3.745960606187637154e-02	4.356314628958950219e-02	2.188607606236631087e-02
nan	2.500000000000000000e+04	2.500000000000000000e+01	nan	4.982954618886559217e-02	4.148829085202128397e-02	1.938035727383336307e-02
nan	2.500000000000000000e+04	2.500000000000000000e+01	nan	6.234521742521081933e-02	4.306413583770389575e-02	1.673775076441214732e-02
nan	2.500000000000000000e+04	2.500000000000000000e+01	nan	7.490541508349579658e-02	3.972285137843505065e-02	1.641089481627220487e-02
nan	2.500000000000000000e+04	2.500000000000000000e+01	nan	8.738981016971436588e-02	3.808629158318763142e-02	1.537387294033724580e-02
nan	2.500000000000000000e+04	2.500000000000000000e+01	nan	9.982957338267794967e-02	3.851309255417826455e-02	1.392547480029753502e-02
nan	2.500000000000000000e+04	2.500000000000000000e+01	nan	1.123487517092165433e-01	3.995022980364522358e-02	1.295166898312453616e-02
nan	2.500000000000000000e+04	2.500000000000000000e+01	nan	1.246970264869489142e-01	3.894750430415740844e-02	1.301000155005584483e-02
nan	2.500000000000000000e+04	2.500000000000000000e+01	nan	1.371542720497558321e-01	3.819846779597729780e-02	1.191327331541563832e-02
nan	2.500000000000000000e+04	2.500000000000000000e+01	nan	1.498360012018693510e-01	4.135389318955573490e-02	1.197745515480292886e-02
nan	2.500000000000000000e+04	2.500000000000000000e+01	nan	1.620802960533893611e-01	3.865596764004428088e-02	1.077166888288196706e-02
nan	2.500000000000000000e+04	2.500000000000000000e+01	nan	1.608189872742472049e-01	3.741691541906239094e-02	1.116904201641927621e-02
nan	2.500000000000000000e+04	2.500000000000000000e+01	nan	1.861890294745194296e-01	3.986461085893955314e-02	1.136397530930054189e-02
nan	2.500000000000000000e+04	2.500000000000000000e+01	nan	1.838079075541342311e-01	3.830603585732345745e-02	1.036686692088666616e-02
nan	2.500000000000000000e+04	2.500000000000000000e+01	nan	2.123437010879527520e-01	3.754981636806052625e-02	1.005468176391069619e-02
nan	2.500000000000000000e+04	2.500000000000000000e+01	nan	2.247134914852750853e-01	3.936204890745425428e-02	1.032613960872838868e-02
nan	2.500000000000000000e+04	2.500000000000000000e+01	nan	2.373362307962665341e-01	3.816724654706342423e-02	1.038101993308491663e-02
nan	2.500000000000000000e+04	2.500000000000000000e+01	nan	2.496535290840142807e-01	3.798425609409689790e-02	9.734794352289102143e-03
nan	2.500000000000000000e+04	2.500000000000000000e+01	nan	2.616888459471482520e-01	3.723405545735360145e-02	9.825132606314197076e-03
nan	2.500000000000000000e+04	2.500000000000000000e+01	nan	2.741673116736649263e-01	3.718369120030605435e-02	9.456772386935159702e-03
nan	2.500000000000000000e+04	2.500000000000000000e+01	nan	2.866042929988736887e-01	3.927767157625006861e-02	9.076870705061430150e-03
nan	2.500000000000000000e+04	2.500000000000000000e+01	nan	2.757586308419510135e-01	3.615656846097938665e-02	9.155931756613382155e-03
nan	2.500000000000000000e+04	2.500000000000000000e+01	nan	3.122948246764281066e-01	3.742377304521977976e-02	8.895236081850794313e-03
nan	2.500000000000000000e+04	2.500000000000000000e+01	nan	3.227016995679434785e-01	3.978824184682228787e-02	8.829571731681386954e-03
nan	2.500000000000000000e+04	2.500000000000000000e+01	nan	3.366663609958351344e-01	3.844843500128158897e-02	8.776913721702597759e-03
nan	2.500000000000000000e+04	2.500000000000000000e+01	nan	3.497083508540157482e-01	3.642395109518875573e-02	8.432532803128342871e-03
nan	2.500000000000000000e+04	2.500000000000000000e+01	nan	3.621702136653510706e-01	3.630927376461102335e-02	8.143552515505072739e-03
nan	2.500000000000000000e+04	2.500000000000000000e+01	nan	3.737608857657050976e-01	3.843223870253992258e-02	8.340206963326709383e-03
nan	2.500000000000000000e+04	2.500000000000000000e+01	nan	3.872436890269455034e-01	3.673773790034422226e-02	8.562816062138354362e-03
nan	2.500000000000000000e+04	2.500000000000000000e+01	nan	3.985626083308062562e-01	3.587194750436432933e-02	8.432997985176186526e-03
nan	2.500000000000000000e+04	2.500000000000000000e+01	nan	4.109153006897372507e-01	3.750470829886185659e-02	7.879662150314924521e-03
nan	2.500000000000000000e+04	2.500000000000000000e+01	nan	4.197384316325667442e-01	3.804525418263320080e-02	8.077610230784005446e-03
nan	2.500000000000000000e+04	2.500000000000000000e+01	nan	4.365522072678800214e-01	3.788847719053281549e-02	8.525490857698396832e-03
nan	2.500000000000000000e+04	2.500000000000000000e+01	nan	4.495273585146435380e-01	3.623970915027617534e-02	8.000615350712069612e-03
nan	2.500000000000000000e+04	2.500000000000000000e+01	nan	4.613042916298581986e-01	3.976114318661131547e-02	8.319545031813311772e-03
nan	2.500000000000000000e+04	2.500000000000000000e+01	nan	4.738305200395984684e-01	3.703411043186206203e-02	7.927545827409220383e-03
nan	2.500000000000000000e+04	2.500000000000000000e+01	nan	4.868046092039008954e-01	3.848826429897474893e-02	7.961100244078247665e-03
nan	2.500000000000000000e+04	2.500000000000000000e+01	nan	4.994547833629638944e-01	3.896822805172896198e-02	8.105766251882279283e-03
nan	2.500000000000000000e+04	2.500000000000000000e+01	nan	2.494582774217057874e-02	4.612216013046342711e-02	2.781409889904822019e-02
nan	2.500000000000000000e+04	2.500000000000000000e+01	nan	3.744346471796511366e-02	4.246137721533218418e-02	2.103997015518712863e-02
nan	2.500000000000000000e+04	2.500000000000000000e+01	nan	4.989933075780150773e-02	4.396454788140682912e-02	1.992640294587712940e-02
nan	2.500000000000000000e+04	2.500000000000000000e+01	nan	6.234470393815527700e-02	3.923370929135018559e-02	1.775646375135284810e-02
nan	2.500000000000000000e+04	2.500000000000000000e+01	nan	7.492090373474624698e-02	3.897027045898317221e-02	1.549609899815595528e-02
nan	2.500000000000000000e+04	2.500000000000000000e+01	nan	8.695697249036626886e-02	3.949785485242938987e-02	1.422215305070199942e-02
nan	2.500000000000000000e+04	2.500000000000000000e+01	nan	9.140501013711017919e-02	4.157798179531333599e-02	1.448793447772894934e-02
nan	2.500000000000000000e+04	2.500000000000000000e+01	nan	1.123658576965205214e-01	3.775604792351343331e-02	1.364338361979548081e-02
nan	2.500000000000000000e+04	2.500000000000000000e+01	nan	1.236406553177964440e-01	4.094070625650604589e-02	1.285514308207963419e-02
nan	2.500000000000000000e+04	2.500000000000000000e+01	nan	1.372605247793146077e-01	3.717613138453997740e-02	1.174837332225476920e-02
nan	2.500000000000000000e+04	2.500000000000000000e+01	nan	1.498330968909087346e-01	3.966572685463081588e-02	1.139503896218593826e-02
nan	2.500000000000000000e+04	2.500000000000000000e+01	nan	1.619037157463765197e-01	3.892880654704995724e-02	1.214887118139347175e-02
nan	2.500000000000000000e+04	2.500000000000000000e+01	nan	1.748025994720094900e-01	3.676823252863616054e-02	1.078896343676551649e-02
nan	2.500000000000000000e+04	2.500000000000000000e+01	nan	1.873548472955874900e-01	3.634886031941168133e-02	1.097207972322804606e-02
nan	2.500000000000000000e+04	2.500000000000000000e+01	nan	1.978508637109683832e-01	3.810448902636193874e-02	1.063501424850904487e-02
nan	2.500000000000000000e+04	2.500000000000000000e+01	nan	1.950786215478922947e-01	3.767093358243556872e-02	1.068808313018902202e-02
nan	2.500000000000000000e+04	2.500000000000000000e+01	nan	2.245713048614916829e-01	3.680947250574517771e-02	1.042328012764680810e-02
nan	2.500000000000000000e+04	2.500000000000000000e+01	nan	2.373006623449995800e-01	3.799808772549159719e-02	1.021349300763862641e-02
nan	2.500000000000000000e+04	2.500000000000000000e+01	nan	2.497081231267230805e-01	3.750067268910129564e-02	1.007082987225931675e-02
nan	2.500000000000000000e+04	2.500000000000000000e+01	nan	2.616876420535447778e-01	3.818836425309855842e-02	9.176414553222397505e-03
nan	2.500000000000000000e+04	2.500000000000000000e+01	nan	2.740656976990578642e-01	3.914752627695018694e-02	9.452090333143009504e-03
nan	2.500000000000000000e+04	2.500000000000000000e+01	nan	2.872270745285021576e-01	3.858404547473957141e-02	9.100750500957165839e-03
nan	2.500000000000000000e+04	2.500000000000000000e+01	nan	2.994500482978708078e-01	3.685404708954605202e-02	9.639618849338824069e-03
nan	2.500000000000000000e+04	2.500000000000000000e+01	nan	3.113436981341095589e-01	3.729897064414493257e-02	8.730015236306364057e-03
nan	2.500000000000000000e+04	2.500000000000000000e+01	nan	2.986237199179677115e-01	3.901911921929802907e-02	8.924610175548753840e-03
nan	2.500000000000000000e+04	2.500000000000000000e+01	nan	3.366251534681765634e-01	3.697855308648093781e-02	8.889139483139149242e-03
nan	2.500000000000000000e+04	2.500000000000000000e+01	nan	3.498090929011397066e-01	3.733928992114259049e-02	8.561998524654888462e-03
nan	2.500000000000000000e+04	2.500000000000000000e+01	nan	3.621963994225581018e-01	3.800622588227017123e-02	9.105829202724872659e-03
nan	2.500000000000000000e+04	2.500000000000000000e+01	nan	3.736749541031940680e-01	4.080761924992838685e-02	8.221064727741103639e-03
nan	2.500000000000000000e+04	2.500000000000000000e+01	nan	3.871511276740875473e-01	3.875891500964359637e-02	8.538928873583226040e-03
nan	2.500000000000000000e+04	2.500000000000000000e+01	nan	3.993312683009264674e-01	3.741863064248261705e-02	8.554760263490029937e-03
nan	2.500000000000000000e+04	2.500000000000000000e+01	nan	4.113001868220464985e-01	3.786148659737066657e-02	8.763830557276579281e-03
nan	2.500000000000000000e+04	2.500000000000000000e+01	nan	4.243020242512756113e-01	3.862851018866943209e-02	7.932419177179836356e-03
nan	2.500000000000000000e+04	2.500000000000000000e+01	nan	4.371763892909257265e-01	3.884267926950882299e-02	8.013825886712818217e-03
nan	2.500000000000000000e+04	2.500000000000000000e+01	nan	4.480744795446440776e-01	3.762402584556359675e-02	8.033369349305988921e-03
nan	2.500000000000000000e+04	2.500000000000000000e+01	nan	4.612293761892374278e-01	3.801998358208056455e-02	8.157291131001087256e-03
nan	2.500000000000000000e+04	2.500000000000000000e+01	nan	4.745108858513162886e-01	3.650235039710838375e-02	7.677460035382907208e-03
nan	2.500000000000000000e+04	2.500000000000000000e+01	nan	4.867227945186556326e-01	3.690914161346811606e-02	8.319026239433514880e-03
nan	2.500000000000000000e+04	2.500000000000000000e+01	nan	4.995514673958609819e-01	3.755139747725166205e-02	7.953963523708274322e-03
