# SourcePhotonFlux	NumberRaysSurvived	PercentageRaysSurvived	PhotonFlux	Bandwidth	HorizontalFocusFWHM	VerticalFocusFWHM
nan	1.168750000000000000e+02	1.168750000000000067e-01	nan	3.939237570556031187e-04	1.630239311855801940e-02	1.041484932520735616e-03
nan	1.589375000000000000e+02	1.589375000000000093e-01	nan	7.074168890977006185e-04	1.482590635786074258e-02	1.022128814896073115e-03
nan	1.972500000000000000e+02	1.972500000000000364e-01	nan	8.639119011739637699e-04	1.676973392042088729e-02	1.067144010280933995e-03
nan	2.157500000000000000e+02	2.157500000000000251e-01	nan	1.206536031158833566e-03	1.621091169008600369e-02	1.035104337373129449e-03
nan	2.379375000000000000e+02	2.379374999999999962e-01	nan	1.365439721727312872e-03	1.736787900435797852e-02	1.066513207245276332e-03
nan	2.618125000000000000e+02	2.618125000000000036e-01	nan	1.524145781953478718e-03	1.578804078746248382e-02	1.058187598758078638e-03
nan	2.789375000000000000e+02	2.789374999999999494e-01	nan	1.786445730559194089e-03	1.624702619202860951e-02	1.057622964359089361e-03
nan	2.950000000000000000e+02	2.949999999999999845e-01	nan	2.163082602265831156e-03	1.713927197338906486e-02	1.045837708381834727e-03
nan	3.216875000000000000e+02	3.216875000000000151e-01	nan	2.526136602270412368e-03	1.587888177993018735e-02	1.061990382422655895e-03
nan	3.320000000000000000e+02	3.319999999999999618e-01	nan	2.740548596833036754e-03	1.605758088385412716e-02	1.065925780778046719e-03
nan	3.463125000000000000e+02	3.463125000000000231e-01	nan	3.290975717369803988e-03	1.851709197061483098e-02	1.033270355178261563e-03
nan	3.649375000000000000e+02	3.649375000000000258e-01	nan	3.479219325591031975e-03	1.638721519859939052e-02	1.084340919266354921e-03
nan	3.775000000000000000e+02	3.774999999999999467e-01	nan	3.817365898768798615e-03	1.690388058574510133e-02	1.063601400242018304e-03
nan	3.876250000000000000e+02	3.876249999999999973e-01	nan	4.268232865349830263e-03	1.540079113319188855e-02	1.054205608963885510e-03
nan	4.043125000000000000e+02	4.043125000000000191e-01	nan	4.872397789583260419e-03	1.662111624738130469e-02	1.079150450816638435e-03
nan	4.158750000000000000e+02	4.158750000000000502e-01	nan	5.299504183916781130e-03	1.529649232834033590e-02	1.056748842790417465e-03
nan	4.264375000000000000e+02	4.264375000000000249e-01	nan	5.349542789623740191e-03	1.576554113678839408e-02	1.061533878803921048e-03
nan	4.349375000000000000e+02	4.349375000000000324e-01	nan	5.759329500172327698e-03	1.636929612721778338e-02	1.060889747179039749e-03
nan	4.403125000000000000e+02	4.403124999999999956e-01	nan	6.214525195723297202e-03	1.504976225879256675e-02	1.078701623092922363e-03
nan	4.598750000000000000e+02	4.598750000000000338e-01	nan	6.184493259937084986e-03	1.546059185411565243e-02	1.082077141334064109e-03
nan	4.538125000000000000e+02	4.538124999999999520e-01	nan	6.548430990349629610e-03	1.498758943238382053e-02	1.071404956168103655e-03
nan	4.791875000000000000e+02	4.791874999999999885e-01	nan	7.374966039137120788e-03	1.570134844329059559e-02	1.060725811358383900e-03
nan	4.986875000000000000e+02	4.986875000000000058e-01	nan	7.797567700208674069e-03	1.406685206282867751e-02	1.064415683812989719e-03
nan	5.013125000000000000e+02	5.013125000000000497e-01	nan	7.854069009709974125e-03	1.654877519053033624e-02	1.077998467697087156e-03
nan	5.029375000000000000e+02	5.029375000000000373e-01	nan	9.326726171892119055e-03	1.557679306578348480e-02	1.091517570618688983e-03
nan	5.201250000000000000e+02	5.201249999999999485e-01	nan	9.501592289183236062e-03	1.537251324571900675e-02	1.077488144748861478e-03
nan	5.310625000000000000e+02	5.310624999999999929e-01	nan	9.404306259000350110e-03	1.540506990608303539e-02	1.073176143074656844e-03
nan	5.395000000000000000e+02	5.394999999999999796e-01	nan	1.037035090112681246e-02	1.640885406037873029e-02	1.070987199471258111e-03
nan	5.455625000000000000e+02	5.455624999999999503e-01	nan	1.043424718309893251e-02	1.592414426785519060e-02	1.078115308962426105e-03
nan	5.606875000000000000e+02	5.606875000000000053e-01	nan	1.106055009705642078e-02	1.661753681246635334e-02	1.080059216208952618e-03
nan	5.733750000000000000e+02	5.733749999999999680e-01	nan	1.161376091600629934e-02	1.573964709923872732e-02	1.088809610816115180e-03
nan	5.791875000000000000e+02	5.791874999999999662e-01	nan	1.258133865084687386e-02	1.580117545319605077e-02	1.088515957276342365e-03
nan	5.933125000000000000e+02	5.933125000000000204e-01	nan	1.255341079971117324e-02	1.511430509228664162e-02	1.059159017852622430e-03
nan	5.970625000000000000e+02	5.970624999999999405e-01	nan	1.425173248669864279e-02	1.632612930589297934e-02	1.076146148075698234e-03
nan	6.031875000000000000e+02	6.031874999999999876e-01	nan	1.290723468429177956e-02	1.620117035532630048e-02	1.083956164030952084e-03
nan	6.184375000000000000e+02	6.184374999999999734e-01	nan	1.414276157464655626e-02	1.568622121896068658e-02	1.089507444752643110e-03
nan	6.158125000000000000e+02	6.158124999999999849e-01	nan	1.447266524458257209e-02	1.642876741239544455e-02	1.069739177206261056e-03
nan	6.337500000000000000e+02	6.337499999999999245e-01	nan	1.452781773792821696e-02	1.575126614044683807e-02	1.096342332925328731e-03
nan	6.300625000000000000e+02	6.300624999999999698e-01	nan	1.514411885212041398e-02	1.524441972038987139e-02	1.103144187595876680e-03
nan	1.040000000000000000e+02	1.040000000000000091e-01	nan	4.669164281239090997e-04	1.824209569570257525e-02	8.473480223875454230e-04
nan	1.312500000000000000e+02	1.312500000000000056e-01	nan	6.879108802486655350e-04	1.601994389862719526e-02	8.312218835562991317e-04
nan	1.533750000000000000e+02	1.533750000000000113e-01	nan	7.308376635144497868e-04	1.842428348097266411e-02	8.713107903050487570e-04
nan	1.826250000000000000e+02	1.826250000000000095e-01	nan	1.065862466621325666e-03	1.722036187214352060e-02	8.654272707791183048e-04
nan	1.991875000000000000e+02	1.991875000000000173e-01	nan	1.139026092740635931e-03	1.637058423873921295e-02	8.787191613121565856e-04
nan	2.120625000000000000e+02	2.120625000000000149e-01	nan	1.651095832684745801e-03	1.650069802760981835e-02	8.891770460731641653e-04
nan	2.341250000000000000e+02	2.341249999999999998e-01	nan	1.880532012609847925e-03	1.722277227154592541e-02	8.927591747794605664e-04
nan	2.402500000000000000e+02	2.402500000000000191e-01	nan	2.084206820750722500e-03	1.577442713451197853e-02	8.760593249563574996e-04
nan	2.640625000000000000e+02	2.640624999999999778e-01	nan	2.262570431394550496e-03	1.804497117339510376e-02	8.827074498545037359e-04
nan	2.751875000000000000e+02	2.751875000000000293e-01	nan	2.565688536058985392e-03	1.606711598744036545e-02	8.807399547414517622e-04
nan	2.937500000000000000e+02	2.937499999999999556e-01	nan	2.920544679994918624e-03	1.590289313511971531e-02	8.972758450827562730e-04
nan	3.011875000000000000e+02	3.011875000000000524e-01	nan	3.324982516815566669e-03	1.579119976474197690e-02	8.932171791057800896e-04
nan	3.178125000000000000e+02	3.178124999999999978e-01	nan	3.383277873737711161e-03	1.594346010023079893e-02	8.782735910102773373e-04
nan	3.223750000000000000e+02	3.223749999999999671e-01	nan	3.993011755895281567e-03	1.668438128751155436e-02	8.895516666051145674e-04
nan	3.371875000000000000e+02	3.371874999999999734e-01	nan	4.413387813038127661e-03	1.715267973834802562e-02	8.816503283186195687e-04
nan	3.478125000000000000e+02	3.478124999999999689e-01	nan	4.706429759636421295e-03	1.526211717909995921e-02	8.970892364623742066e-04
nan	3.596875000000000000e+02	3.596874999999999933e-01	nan	5.104550484048786529e-03	1.586675862613474985e-02	8.933652083108060190e-04
nan	3.608750000000000000e+02	3.608750000000000013e-01	nan	5.272987442140220082e-03	1.601810037185533511e-02	8.718283413442697461e-04
nan	3.715625000000000000e+02	3.715625000000000178e-01	nan	5.892820647986241056e-03	1.715238751750971721e-02	8.991012171689093981e-04
nan	3.875625000000000000e+02	3.875624999999999765e-01	nan	5.576585596244854059e-03	1.586601094573167683e-02	8.925851462692815106e-04
nan	3.960625000000000000e+02	3.960624999999999840e-01	nan	7.036613341327324633e-03	1.710797303321643509e-02	8.953690147966120953e-04
nan	3.967500000000000000e+02	3.967499999999999916e-01	nan	7.186566284744344557e-03	1.536574588700182278e-02	8.868804042480209551e-04
nan	4.082500000000000000e+02	4.082500000000000018e-01	nan	6.928867628246848653e-03	1.584180758602314956e-02	8.980202185871035206e-04
nan	4.195000000000000000e+02	4.195000000000000395e-01	nan	7.346233221625197984e-03	1.637840350390346728e-02	8.793907139358807593e-04
nan	4.286250000000000000e+02	4.286250000000000338e-01	nan	8.155441702356824862e-03	1.575917716597875079e-02	8.575440381137142392e-04
nan	4.329375000000000000e+02	4.329375000000000306e-01	nan	8.110594485316369173e-03	1.684884438794492095e-02	8.962874275595164976e-04
nan	4.510625000000000000e+02	4.510625000000000329e-01	nan	8.939741425919578433e-03	1.648026682771610782e-02	8.919771928844786408e-04
nan	4.570000000000000000e+02	4.569999999999999618e-01	nan	9.624184284533043865e-03	1.603109464419628927e-02	8.847049284960957017e-04
nan	4.568125000000000000e+02	4.568125000000000657e-01	nan	9.097947825935648325e-03	1.586840813864481142e-02	8.884854145115276972e-04
nan	4.749375000000000000e+02	4.749375000000000124e-01	nan	9.944051633368644616e-03	1.559197891813747516e-02	8.910451447754232351e-04
nan	4.816875000000000000e+02	4.816874999999999907e-01	nan	1.002149696523702005e-02	1.517448751663500080e-02	8.852531786962616889e-04
nan	4.777500000000000000e+02	4.777500000000000080e-01	nan	1.168462859071439652e-02	1.659715673468705258e-02	8.836730961821792673e-04
nan	4.763750000000000000e+02	4.763749999999999929e-01	nan	1.148935966459418978e-02	1.576596297784356449e-02	9.162905368282992045e-04
nan	4.977500000000000000e+02	4.977499999999999702e-01	nan	1.182176321971439847e-02	1.593488314259326050e-02	8.923644575412750324e-04
nan	5.031875000000000000e+02	5.031875000000000098e-01	nan	1.196037657408055566e-02	1.578194101367316748e-02	8.966022891266274032e-04
nan	5.100625000000000000e+02	5.100625000000000853e-01	nan	1.264613515191115312e-02	1.686700928530802945e-02	8.825210632119207671e-04
nan	5.024375000000000000e+02	5.024374999999999813e-01	nan	1.233978773248622929e-02	1.519077169127121610e-02	8.986507526298606391e-04
nan	5.207500000000000000e+02	5.207500000000000462e-01	nan	1.305716089943587122e-02	1.564862827340049792e-02	9.139616672350196497e-04
nan	5.281250000000000000e+02	5.281250000000000666e-01	nan	1.412130272551337384e-02	1.587513265151056438e-02	8.870938478838070410e-04
nan	8.131250000000000000e+01	8.131249999999999589e-02	nan	4.110217178956432349e-04	1.676165148818980696e-02	6.304497139818526384e-04
nan	1.024375000000000000e+02	1.024375000000000147e-01	nan	5.831105370557310152e-04	1.637751624461007693e-02	6.710674304550288440e-04
nan	1.237500000000000000e+02	1.237499999999999989e-01	nan	8.269534684615109654e-04	1.606223127067970755e-02	6.732325426003374445e-04
nan	1.367500000000000000e+02	1.367500000000000104e-01	nan	1.101844275263275108e-03	1.558599923913855413e-02	6.899084183552224624e-04
nan	1.561875000000000000e+02	1.561874999999999791e-01	nan	1.325972843513767430e-03	1.447327481674898220e-02	6.795675076053102771e-04
nan	1.733750000000000000e+02	1.733750000000000013e-01	nan	1.426603324912179005e-03	1.734845006676700996e-02	7.035653705411323540e-04
nan	1.911250000000000000e+02	1.911249999999999893e-01	nan	1.758958705512014831e-03	1.471317842080037235e-02	6.966963017652333650e-04
nan	1.958125000000000000e+02	1.958125000000000004e-01	nan	2.051189227188388031e-03	1.514922060317768285e-02	6.902654417588039272e-04
nan	2.043750000000000000e+02	2.043750000000000011e-01	nan	2.282883901930432557e-03	1.751392211077947708e-02	6.933302813486442832e-04
nan	2.134375000000000000e+02	2.134375000000000022e-01	nan	2.580221069798938061e-03	1.544235664789888121e-02	6.995284820537977458e-04
nan	2.325000000000000000e+02	2.324999999999999845e-01	nan	3.163165096964348777e-03	1.657769032702187395e-02	7.083733383637037979e-04
nan	2.400000000000000000e+02	2.399999999999999911e-01	nan	3.269585777267991489e-03	1.519144646073415476e-02	7.065528546477907370e-04
nan	2.468750000000000000e+02	2.468750000000000111e-01	nan	3.474063841174768186e-03	1.586602185758735628e-02	7.026787114465177838e-04
nan	2.600625000000000000e+02	2.600624999999999742e-01	nan	3.912438276053364916e-03	1.677672911585678314e-02	7.257399317661545604e-04
nan	2.671250000000000000e+02	2.671250000000000013e-01	nan	4.013576055399425968e-03	1.490241780501073976e-02	6.860723233335847600e-04
nan	2.761250000000000000e+02	2.761249999999999538e-01	nan	3.971392583046906566e-03	1.464947570180120777e-02	7.084528755932840071e-04
nan	2.765625000000000000e+02	2.765625000000000444e-01	nan	4.565994474390322466e-03	1.452404343682030599e-02	7.137540732302236806e-04
nan	2.936250000000000000e+02	2.936250000000000249e-01	nan	4.955210842297219642e-03	1.453714676218460962e-02	6.986463763189250560e-04
nan	2.962500000000000000e+02	2.962500000000000133e-01	nan	5.119524318757839865e-03	1.599348015200218950e-02	7.049732311147256791e-04
nan	3.137500000000000000e+02	3.137500000000000289e-01	nan	5.004116047345519291e-03	1.375333076489605386e-02	7.105794628161341865e-04
nan	3.110000000000000000e+02	3.109999999999999987e-01	nan	5.545455581582814375e-03	1.595736537261233101e-02	7.088497921004402545e-04
nan	3.176250000000000000e+02	3.176249999999999907e-01	nan	6.192885882313703405e-03	1.451309290133327538e-02	7.111267621702788968e-04
nan	3.275000000000000000e+02	3.275000000000000133e-01	nan	7.059833517985225626e-03	1.558779017701855153e-02	7.175789650445250521e-04
nan	3.333125000000000000e+02	3.333125000000000115e-01	nan	7.122314135543206248e-03	1.554157756419771545e-02	7.076313400475642322e-04
nan	3.431250000000000000e+02	3.431250000000000133e-01	nan	7.972634800481159800e-03	1.518730829005037961e-02	6.899416351743829388e-04
nan	3.445000000000000000e+02	3.444999999999999174e-01	nan	7.276105578540636998e-03	1.678208595764352912e-02	7.080477561636865222e-04
nan	3.400625000000000000e+02	3.400624999999999898e-01	nan	8.004072006471574241e-03	1.596819842303265694e-02	7.135048872886613856e-04
nan	3.616875000000000000e+02	3.616874999999999951e-01	nan	7.852660454702231618e-03	1.504509833588231829e-02	7.096094980769491935e-04
nan	3.683125000000000000e+02	3.683124999999999871e-01	nan	8.773983747076385953e-03	1.551576357116281335e-02	7.167842180237080692e-04
nan	3.703125000000000000e+02	3.703124999999999889e-01	nan	1.001742478887024390e-02	1.621209271793621481e-02	7.273480333288839805e-04
nan	3.778125000000000000e+02	3.778124999999999956e-01	nan	8.561330857560278673e-03	1.541665712752337582e-02	7.176081501397678104e-04
nan	3.840625000000000000e+02	3.840624999999999734e-01	nan	1.011127630378894082e-02	1.589563493635014549e-02	7.157246633517326409e-04
nan	3.905625000000000000e+02	3.905625000000000346e-01	nan	1.017322438437417986e-02	1.558282988565986779e-02	7.184012470496329433e-04
nan	4.013125000000000000e+02	4.013125000000000164e-01	nan	1.028466541613681784e-02	1.674067864469663131e-02	7.160170669232939454e-04
nan	4.067500000000000000e+02	4.067500000000000004e-01	nan	1.119126403810355441e-02	1.539089657888904547e-02	7.172427684423343837e-04
nan	4.106250000000000000e+02	4.106250000000000178e-01	nan	1.164190124663377901e-02	1.491097263876384540e-02	7.009280368743498954e-04
nan	4.090000000000000000e+02	4.089999999999999192e-01	nan	1.204817488080323074e-02	1.596966111726834392e-02	7.239055712172715647e-04
nan	4.271250000000000000e+02	4.271250000000000324e-01	nan	1.238182856617697780e-02	1.491821075929646023e-02	7.095197242954586056e-04
nan	4.166875000000000000e+02	4.166875000000000440e-01	nan	1.418201846919942000e-02	1.562727852526090214e-02	7.248173573778159216e-04
nan	6.275000000000000000e+01	6.275000000000000022e-02	nan	3.799986152932532946e-04	1.735334402443527296e-02	5.078062653190019808e-04
nan	8.362500000000000000e+01	8.362500000000000488e-02	nan	5.778424476048371616e-04	1.894607129813431073e-02	5.632756367266754166e-04
nan	1.005625000000000000e+02	1.005624999999999991e-01	nan	8.997824776191265528e-04	1.567615557653742608e-02	5.459071396454202169e-04
nan	1.159375000000000000e+02	1.159374999999999850e-01	nan	1.052694651042074270e-03	1.746707426949986597e-02	5.786449759443994170e-04
nan	1.359375000000000000e+02	1.359375000000000167e-01	nan	1.304790812831413405e-03	1.626249874471311779e-02	5.735098227702156064e-04
nan	1.401250000000000000e+02	1.401249999999999996e-01	nan	1.571819331388724095e-03	1.404756067885142706e-02	5.605130532766834173e-04
nan	1.535000000000000000e+02	1.534999999999999976e-01	nan	1.762341457293814528e-03	1.566582444719109499e-02	5.800156483631662384e-04
nan	1.609375000000000000e+02	1.609375000000000111e-01	nan	2.022104667112500920e-03	1.459624397757891545e-02	5.864753542450694065e-04
nan	1.705625000000000000e+02	1.705625000000000058e-01	nan	2.337718353388140713e-03	1.404738065405825194e-02	5.936367725307809158e-04
nan	1.821875000000000000e+02	1.821875000000000022e-01	nan	2.861434421738806577e-03	1.554004664376404388e-02	5.766126954133386773e-04
nan	1.919375000000000000e+02	1.919375000000000109e-01	nan	2.539174098465935003e-03	1.358894479195297579e-02	5.942615632803506477e-04
nan	1.980625000000000000e+02	1.980624999999999747e-01	nan	3.174687028170808389e-03	1.662729785603194940e-02	5.907939297952684949e-04
nan	2.071875000000000000e+02	2.071874999999999689e-01	nan	3.720363232318391056e-03	1.578039826050908756e-02	5.929568435711852960e-04
nan	2.183750000000000000e+02	2.183749999999999858e-01	nan	3.840461274279505233e-03	1.491383341380198013e-02	5.855602841216003222e-04
nan	2.162500000000000000e+02	2.162499999999999978e-01	nan	4.464712461256681308e-03	1.532451123621511938e-02	5.778939836919543948e-04
nan	2.281875000000000000e+02	2.281875000000000153e-01	nan	4.261398893611101357e-03	1.590275130614857146e-02	5.664637719012567945e-04
nan	2.384375000000000000e+02	2.384374999999999689e-01	nan	4.487962300579795283e-03	1.606616962593593323e-02	5.780326990611935056e-04
nan	2.409375000000000000e+02	2.409374999999999989e-01	nan	5.068587485361319978e-03	1.554135929219274855e-02	5.886859342247475081e-04
nan	2.473750000000000000e+02	2.473750000000000115e-01	nan	5.276867463805956504e-03	1.621774329629722261e-02	5.911306819844260041e-04
nan	2.420625000000000000e+02	2.420625000000000138e-01	nan	5.433555682799351416e-03	1.603729325203291298e-02	5.913599715246350063e-04
nan	2.575625000000000000e+02	2.575625000000000275e-01	nan	5.895670741921321678e-03	1.496237073250395247e-02	5.941961799358180503e-04
nan	2.684375000000000000e+02	2.684374999999999956e-01	nan	5.644636920919765544e-03	1.494578372705115607e-02	5.867646229104523129e-04
nan	2.722500000000000000e+02	2.722499999999999920e-01	nan	6.702965168017271935e-03	1.440818575941243788e-02	5.876961102377284158e-04
nan	2.749375000000000000e+02	2.749375000000000013e-01	nan	6.956287994128729224e-03	1.535080327928688843e-02	5.909014666752576955e-04
nan	2.891250000000000000e+02	2.891250000000000209e-01	nan	6.157910094927387945e-03	1.475484641217688492e-02	5.835420710911418075e-04
nan	2.845000000000000000e+02	2.845000000000000306e-01	nan	7.474592630643428492e-03	1.639990613781470291e-02	5.936200650819958890e-04
nan	2.958750000000000000e+02	2.958749999999999991e-01	nan	8.029790519699986362e-03	1.476882005073053630e-02	5.976345511661224985e-04
nan	3.018750000000000000e+02	3.018750000000000044e-01	nan	8.727090946351268030e-03	1.551840071865320629e-02	5.902533683848821709e-04
nan	3.056250000000000000e+02	3.056249999999999800e-01	nan	8.751693245130809373e-03	1.426848762986726062e-02	5.865847540790808824e-04
nan	3.145625000000000000e+02	3.145624999999999671e-01	nan	8.260009977050231100e-03	1.607891908295165304e-02	5.968706063723224669e-04
nan	3.166250000000000000e+02	3.166249999999999898e-01	nan	9.310246722776582828e-03	1.517797937869298786e-02	5.907481767129790914e-04
nan	3.141875000000000000e+02	3.141875000000000084e-01	nan	8.621820283948977703e-03	1.513181739840870066e-02	5.939468001423611494e-04
nan	3.376250000000000000e+02	3.376250000000000084e-01	nan	1.010006904618876433e-02	1.621036096923440806e-02	6.023743936615560740e-04
nan	3.274375000000000000e+02	3.274375000000000480e-01	nan	1.084193737931116175e-02	1.689406877575395927e-02	5.921760272918734358e-04
nan	3.320625000000000000e+02	3.320624999999999827e-01	nan	1.114080595468180945e-02	1.517765506262677179e-02	6.014588597891756469e-04
nan	3.348750000000000000e+02	3.348750000000000338e-01	nan	1.181927359230883212e-02	1.504262644363978108e-02	5.880678214299963485e-04
nan	3.473125000000000000e+02	3.473124999999999685e-01	nan	1.150153576232071373e-02	1.633368375128149350e-02	6.000070844207024742e-04
nan	3.500625000000000000e+02	3.500625000000000542e-01	nan	1.309966479665547467e-02	1.604204741236790743e-02	5.963071944134577937e-04
nan	3.531875000000000000e+02	3.531874999999999876e-01	nan	1.125398421319800946e-02	1.507317276725216731e-02	5.940188598971474958e-04
nan	4.450000000000000000e+01	4.449999999999999789e-02	nan	4.310380287959603152e-04	1.883625931529065226e-02	3.634496240989569310e-04
nan	6.818750000000000000e+01	6.818749999999999811e-02	nan	6.221067030711679990e-04	1.740203590181225654e-02	3.712248955110022887e-04
nan	8.137500000000000000e+01	8.137500000000000289e-02	nan	9.173076467376972687e-04	1.487132556703369725e-02	4.226911401672761104e-04
nan	8.587500000000000000e+01	8.587499999999999301e-02	nan	1.115315535434646677e-03	1.402703052106416340e-02	4.104229113632301305e-04
nan	1.094375000000000000e+02	1.094375000000000070e-01	nan	1.205469717692864151e-03	1.600052622646763040e-02	4.524308801977317885e-04
nan	1.091250000000000000e+02	1.091249999999999998e-01	nan	1.716698736455413155e-03	1.651021905683013741e-02	4.498496871573478368e-04
nan	1.166250000000000000e+02	1.166250000000000064e-01	nan	1.579665445387234968e-03	1.676872301133738516e-02	4.532225748488842381e-04
nan	1.336250000000000000e+02	1.336249999999999938e-01	nan	1.776639814949021456e-03	1.629260096865190258e-02	4.458567993301848411e-04
nan	1.366875000000000000e+02	1.366875000000000173e-01	nan	2.281662277951568285e-03	1.424765596794456968e-02	4.629069137389273114e-04
nan	1.446875000000000000e+02	1.446874999999999967e-01	nan	2.641255945249554316e-03	1.361731279548898318e-02	4.538359584893475506e-04
nan	1.510000000000000000e+02	1.509999999999999953e-01	nan	2.781508580859792801e-03	1.780682963001919278e-02	4.518471780829495495e-04
nan	1.610000000000000000e+02	1.610000000000000042e-01	nan	3.042142764734023785e-03	1.499179734164370059e-02	4.692800274381936235e-04
nan	1.621875000000000000e+02	1.621874999999999845e-01	nan	3.078164542955619254e-03	1.550781253238821614e-02	4.530074539315612930e-04
nan	1.688750000000000000e+02	1.688750000000000251e-01	nan	3.497700084402310949e-03	1.547843332184975496e-02	4.699222154829864936e-04
nan	1.764375000000000000e+02	1.764374999999999971e-01	nan	3.818049428616632213e-03	1.601669968417716167e-02	4.728150415954874902e-04
nan	1.816875000000000000e+02	1.816875000000000018e-01	nan	3.769432323416310737e-03	1.346888797876484231e-02	4.474924959427007158e-04
nan	1.930625000000000000e+02	1.930624999999999702e-01	nan	4.259445165160968827e-03	1.631060561930757283e-02	4.684161942539023880e-04
nan	1.931250000000000000e+02	1.931249999999999911e-01	nan	4.516501367376690723e-03	1.708062360728279314e-02	4.628120352252252431e-04
nan	1.983750000000000000e+02	1.983749999999999958e-01	nan	5.173622910483288706e-03	1.483980693568681154e-02	4.701743242137208269e-04
nan	2.045000000000000000e+02	2.044999999999999873e-01	nan	5.380398917608886222e-03	1.476716936350026127e-02	4.620956203733953818e-04
nan	2.183125000000000000e+02	2.183124999999999927e-01	nan	5.981511248307924689e-03	1.573578021581682751e-02	4.619884604558569105e-04
nan	2.156250000000000000e+02	2.156250000000000111e-01	nan	5.193060963762263782e-03	1.470968802330255461e-02	4.774413544259861709e-04
nan	2.179375000000000000e+02	2.179374999999999785e-01	nan	6.467290278422410665e-03	1.541169746268956746e-02	4.668838872465245365e-04
nan	2.133750000000000000e+02	2.133750000000000091e-01	nan	6.756628518772345160e-03	1.575113514417027585e-02	4.628370658610188012e-04
nan	2.337500000000000000e+02	2.337500000000000133e-01	nan	7.187704446664611169e-03	1.576012523432215873e-02	4.757737804623625162e-04
nan	2.288125000000000000e+02	2.288124999999999742e-01	nan	6.996384839609959272e-03	1.503980556318652850e-02	4.665175215345169135e-04
nan	2.415000000000000000e+02	2.414999999999999925e-01	nan	8.244140247370523866e-03	1.536691853141008979e-02	4.642975325432936056e-04
nan	2.434375000000000000e+02	2.434375000000000011e-01	nan	7.960144670491331453e-03	1.666373041768607829e-02	4.664166669072261000e-04
nan	2.411875000000000000e+02	2.411874999999999991e-01	nan	8.665902948948200901e-03	1.522633809488032827e-02	4.696679705422906331e-04
nan	2.539375000000000000e+02	2.539374999999999827e-01	nan	8.793450952254033837e-03	1.416834974996868807e-02	4.645341476718170028e-04
nan	2.507500000000000000e+02	2.507500000000000284e-01	nan	9.622523601620969202e-03	1.583421351847839886e-02	4.713379886766536249e-04
nan	2.649375000000000000e+02	2.649374999999999369e-01	nan	9.123342120133770550e-03	1.566513252026905181e-02	4.742208801612982517e-04
nan	2.611250000000000000e+02	2.611249999999999960e-01	nan	1.036505405181742390e-02	1.660051888925758584e-02	4.704407711025948916e-04
nan	2.695625000000000000e+02	2.695625000000000382e-01	nan	9.961472336300403185e-03	1.589193635573983576e-02	4.694668254262238799e-04
nan	2.716250000000000000e+02	2.716250000000000053e-01	nan	1.024399510345119779e-02	1.599157874391285428e-02	4.678404832297701835e-04
nan	2.716875000000000000e+02	2.716874999999999707e-01	nan	1.009142050384070899e-02	1.472752976752303780e-02	4.796256173621402672e-04
nan	2.803125000000000000e+02	2.803125000000000200e-01	nan	1.029902720081565803e-02	1.480084162664430103e-02	4.745458241394995280e-04
nan	2.720625000000000000e+02	2.720624999999999849e-01	nan	1.118828791918247134e-02	1.533203270769615059e-02	4.746207946426212148e-04
nan	2.841875000000000000e+02	2.841874999999999818e-01	nan	1.276219745602702460e-02	1.674804267210945607e-02	4.637435957215937671e-04
nan	3.012500000000000000e+01	3.012499999999999900e-02	nan	4.020419020580590086e-04	1.634418102345409213e-02	3.051421408795607299e-04
nan	4.312500000000000000e+01	4.312500000000000361e-02	nan	5.891380922680156118e-04	1.652001394760616373e-02	2.954996316409090758e-04
nan	5.925000000000000000e+01	5.925000000000000405e-02	nan	8.335941031951676905e-04	1.583925634983615605e-02	3.385097036352628696e-04
nan	6.587500000000000000e+01	6.587500000000000300e-02	nan	1.080643696816707688e-03	1.642837143080815368e-02	3.123784118006391985e-04
nan	7.081250000000000000e+01	7.081250000000000044e-02	nan	1.199050772321186287e-03	1.539244740042077474e-02	3.268535780086734722e-04
nan	8.543750000000000000e+01	8.543749999999999956e-02	nan	1.611410790506084822e-03	1.738734439093393008e-02	3.315079730207522776e-04
nan	9.168750000000000000e+01	9.168750000000000511e-02	nan	1.804674173300213624e-03	1.322214267194266567e-02	3.490537190850475768e-04
nan	9.737500000000000000e+01	9.737499999999998934e-02	nan	1.925112256426331214e-03	1.405379473918405911e-02	3.128856565898720417e-04
nan	1.012500000000000000e+02	1.012499999999999928e-01	nan	2.100114570719568974e-03	1.431536744199763539e-02	3.195148102726757958e-04
nan	1.073750000000000000e+02	1.073750000000000121e-01	nan	2.191956848378140421e-03	1.767015161229575082e-02	3.337097155738771295e-04
nan	1.100625000000000000e+02	1.100624999999999937e-01	nan	2.745482535786436529e-03	1.343131006082615847e-02	3.106848500901232763e-04
nan	1.177500000000000000e+02	1.177499999999999936e-01	nan	3.077580442337080058e-03	1.516300621798062458e-02	3.363246999092572745e-04
nan	1.216875000000000000e+02	1.216874999999999762e-01	nan	3.415156644884120851e-03	1.677446748269508306e-02	3.444060907920894589e-04
nan	1.272500000000000000e+02	1.272500000000000020e-01	nan	3.566617201101962564e-03	1.617545993847270547e-02	3.453744061599111682e-04
nan	1.346250000000000000e+02	1.346249999999999947e-01	nan	3.659253274911122844e-03	1.489741632530500702e-02	3.502327448498245227e-04
nan	1.343125000000000000e+02	1.343125000000000013e-01	nan	3.802268751236681510e-03	1.522715053112508148e-02	3.207707153344866932e-04
nan	1.457500000000000000e+02	1.457499999999999907e-01	nan	4.562877971864054416e-03	1.524897414871442466e-02	3.420084872760427940e-04
nan	1.414375000000000000e+02	1.414374999999999938e-01	nan	4.006399978564445519e-03	1.548528317994785249e-02	3.493904782676957249e-04
nan	1.518125000000000000e+02	1.518124999999999891e-01	nan	5.699374919785782367e-03	1.398024108942100621e-02	3.473754163357815786e-04
nan	1.566875000000000000e+02	1.566875000000000073e-01	nan	5.218274802729183648e-03	1.488167039796914337e-02	3.442416643911860689e-04
nan	1.543750000000000000e+02	1.543749999999999845e-01	nan	5.925803755246761284e-03	1.631515861378995957e-02	3.532961346686531957e-04
nan	1.568125000000000000e+02	1.568125000000000213e-01	nan	5.303546134740599882e-03	1.525736210522816820e-02	3.559113765084215416e-04
nan	1.628125000000000000e+02	1.628124999999999989e-01	nan	6.831678769088966874e-03	1.572512014610176478e-02	3.374471421446893532e-04
nan	1.693750000000000000e+02	1.693749999999999978e-01	nan	6.475449971915736569e-03	1.648773596254321169e-02	3.524757414646433615e-04
nan	1.706250000000000000e+02	1.706249999999999711e-01	nan	6.543000542720278645e-03	1.648027948611375040e-02	3.424062371273267407e-04
nan	1.793125000000000000e+02	1.793124999999999858e-01	nan	6.966928430969687724e-03	1.584374301569883500e-02	3.582731527138109879e-04
nan	1.677500000000000000e+02	1.677500000000000102e-01	nan	6.863806585144516248e-03	1.454579456492621423e-02	3.538483508481973143e-04
nan	1.827500000000000000e+02	1.827500000000000235e-01	nan	8.153442296375601472e-03	1.472622221745670430e-02	3.573507082140603528e-04
nan	1.835625000000000000e+02	1.835624999999999896e-01	nan	8.010561250429759639e-03	1.534295339216608205e-02	3.384025632152670303e-04
nan	1.827500000000000000e+02	1.827500000000000235e-01	nan	8.016580652423499487e-03	1.398064312075204645e-02	3.406371716001597798e-04
nan	1.954375000000000000e+02	1.954375000000000140e-01	nan	8.355569882922964098e-03	1.475020596188834909e-02	3.524684423368992466e-04
nan	1.907500000000000000e+02	1.907500000000000029e-01	nan	7.684390825147602300e-03	1.487037154060522753e-02	3.485827164327557357e-04
nan	2.017500000000000000e+02	2.017500000000000127e-01	nan	8.959586360077764766e-03	1.529807680945708022e-02	3.534912695358950621e-04
nan	1.982500000000000000e+02	1.982500000000000095e-01	nan	9.420966460936597286e-03	1.503258662261992666e-02	3.579855086685432221e-04
nan	2.028750000000000000e+02	2.028750000000000275e-01	nan	1.089888176487363580e-02	1.578270236699724424e-02	3.572167781388567247e-04
nan	2.025000000000000000e+02	2.025000000000000133e-01	nan	1.061266141977057487e-02	1.392371789678315853e-02	3.567003362853560580e-04
nan	2.047500000000000000e+02	2.047499999999999876e-01	nan	9.885390678206817938e-03	1.616617924872756212e-02	3.558252161975804977e-04
nan	2.131875000000000000e+02	2.131875000000000020e-01	nan	1.096923583817499548e-02	1.605771486099864115e-02	3.545947974429096254e-04
nan	2.096875000000000000e+02	2.096875000000000266e-01	nan	1.005575717690021520e-02	1.530840071074347775e-02	3.494644094799294158e-04
