# SourcePhotonFlux	NumberRaysSurvived	PercentageRaysSurvived	PhotonFlux	Bandwidth	HorizontalFocusFWHM	VerticalFocusFWHM
nan	4.613194444444444997e+01	4.613194444444445458e-02	nan	1.357182306053811760e-04	3.551429555953873260e-03	2.111877503789584554e-04
nan	5.931250000000000000e+01	5.931249999999999717e-02	nan	2.023122659837481394e-04	2.638316609459680998e-03	2.212310843504833140e-04
nan	7.137500000000000000e+01	7.137500000000000788e-02	nan	2.545266944727033929e-04	2.339806853881744222e-03	2.252107622147019386e-04
nan	8.085416666666667140e+01	8.085416666666667140e-02	nan	3.526518461703807752e-04	2.247778362447907380e-03	2.306216853089094467e-04
nan	9.000694444444444287e+01	9.000694444444444497e-02	nan	4.187398971949739170e-04	2.015574517426981047e-03	2.320258702790623179e-04
nan	9.597916666666667140e+01	9.597916666666665708e-02	nan	5.085806976816955238e-04	1.946906163912379530e-03	2.282236916633578272e-04
nan	1.038125000000000000e+02	1.038124999999999881e-01	nan	5.715266961535311321e-04	1.823267388894088967e-03	2.327462494086306947e-04
nan	1.096388888888888999e+02	1.096388888888888830e-01	nan	6.785736219908263802e-04	1.798457128846234080e-03	2.368423306255933300e-04
nan	1.169236111111111001e+02	1.169236111111111032e-01	nan	7.669576128752137638e-04	1.713608379162287650e-03	2.351281720515460271e-04
nan	1.221944444444444429e+02	1.221944444444444389e-01	nan	8.495839399245141976e-04	1.612483544853570740e-03	2.352423202461160654e-04
nan	1.280972222222222285e+02	1.280972222222222234e-01	nan	9.332065105596143439e-04	1.571085220915313880e-03	2.363180119423772998e-04
nan	1.327777777777777715e+02	1.327777777777777446e-01	nan	1.025137611100666998e-03	1.533033019093719496e-03	2.368537043678244601e-04
nan	1.374652777777777715e+02	1.374652777777777835e-01	nan	1.084276758691752772e-03	1.534611476041809232e-03	2.358926533034554388e-04
nan	1.432222222222222285e+02	1.432222222222222230e-01	nan	1.186840806038307701e-03	1.515982068568973336e-03	2.350355175068822927e-04
nan	1.490555555555555713e+02	1.490555555555555800e-01	nan	1.288309532686721841e-03	1.504643486817648862e-03	2.364536255305454873e-04
nan	1.528750000000000000e+02	1.528749999999999554e-01	nan	1.374930397266401318e-03	1.513051913001204002e-03	2.361590814932629570e-04
nan	1.588611111111111143e+02	1.588611111111110918e-01	nan	1.502037502270860006e-03	1.494975414014374816e-03	2.375161818880944101e-04
nan	1.615694444444444287e+02	1.615694444444444322e-01	nan	1.642922873830659526e-03	1.462839188797650540e-03	2.372769953490424415e-04
nan	1.642569444444444287e+02	1.642569444444444415e-01	nan	1.773532786954332618e-03	1.378469034584030523e-03	2.379267285652280706e-04
nan	1.707222222222222001e+02	1.707222222222222197e-01	nan	1.898161070011876060e-03	1.397862754990798545e-03	2.378563660920039551e-04
nan	1.760416666666666572e+02	1.760416666666666796e-01	nan	1.989811591326113259e-03	1.357614301361263895e-03	2.379741254187737640e-04
nan	1.783680555555555429e+02	1.783680555555555713e-01	nan	2.125405528504289727e-03	1.301140924177207744e-03	2.363555488140568859e-04
nan	1.828958333333333428e+02	1.828958333333333686e-01	nan	2.211092903504802663e-03	1.283652278974170514e-03	2.389073823853015181e-04
nan	1.863611111111111143e+02	1.863611111111110885e-01	nan	2.282116245421800770e-03	1.266666216090718295e-03	2.393711428619594271e-04
nan	1.892986111111111143e+02	1.892986111111111258e-01	nan	2.411360629170960536e-03	1.334114979722969595e-03	2.386864692132039875e-04
nan	1.926666666666666572e+02	1.926666666666666528e-01	nan	2.705767520246303917e-03	1.252002221653618960e-03	2.368142253716989639e-04
nan	1.944305555555555429e+02	1.944305555555555509e-01	nan	2.623583090218694139e-03	1.287490996981736609e-03	2.383253416216141141e-04
nan	2.005555555555555429e+02	2.005555555555555147e-01	nan	2.845136978496358871e-03	1.275082462189049051e-03	2.378299791204325749e-04
nan	2.024861111111111143e+02	2.024861111111111167e-01	nan	3.097110636861404465e-03	1.288876187216133219e-03	2.389158812498814977e-04
nan	2.078958333333333428e+02	2.078958333333333630e-01	nan	3.136703626433738016e-03	1.228457023803314644e-03	2.394844531683644462e-04
nan	2.122083333333333428e+02	2.122083333333333599e-01	nan	3.150784698607682777e-03	1.207085916233286609e-03	2.417476900767093727e-04
nan	2.137916666666666572e+02	2.137916666666666854e-01	nan	3.476554402051116547e-03	1.259687520254366934e-03	2.395070260598306671e-04
nan	2.163472222222222001e+02	2.163472222222221630e-01	nan	3.584194150066524493e-03	1.173763193814471610e-03	2.372817166598170961e-04
nan	2.193125000000000000e+02	2.193125000000000213e-01	nan	3.676808777332970287e-03	1.246506012458848062e-03	2.400662238127507101e-04
nan	2.239236111111111143e+02	2.239236111111111149e-01	nan	3.876424625166426715e-03	1.261395209482460899e-03	2.398322659078713955e-04
nan	2.269305555555555429e+02	2.269305555555556075e-01	nan	3.982129051190478990e-03	1.197492791119883883e-03	2.405741197681724754e-04
nan	2.298819444444444571e+02	2.298819444444444582e-01	nan	4.274753994914072194e-03	1.204757785766092477e-03	2.392363794768997303e-04
nan	2.318055555555555429e+02	2.318055555555555702e-01	nan	4.386153625296805927e-03	1.168131573480774357e-03	2.387458963858303952e-04
nan	2.343125000000000000e+02	2.343125000000000069e-01	nan	4.434352798453586146e-03	1.189960966961499259e-03	2.391415112932733511e-04
nan	3.750000000000000000e+01	3.750000000000001249e-02	nan	1.262235099197539512e-04	3.271930903913455521e-03	1.783742789918081682e-04
nan	4.931250000000000000e+01	4.931249999999998829e-02	nan	1.743463151897057433e-04	2.843621930650317830e-03	1.763784798711421828e-04
nan	5.786805555555555003e+01	5.786805555555555453e-02	nan	2.453758402896571251e-04	2.362872163538455583e-03	1.859731889522876845e-04
nan	6.546527777777778567e+01	6.546527777777777501e-02	nan	3.471330859798153474e-04	2.308875140780104751e-03	1.893301848204895384e-04
nan	7.302083333333332860e+01	7.302083333333334036e-02	nan	4.166010935529287549e-04	2.157023658585097581e-03	1.924904509671629676e-04
nan	7.892361111111111427e+01	7.892361111111109717e-02	nan	4.982739470492782239e-04	1.924803191720445830e-03	1.903066805843053877e-04
nan	8.572222222222222854e+01	8.572222222222221355e-02	nan	5.374830691246125589e-04	1.764090712289137020e-03	1.934270254135651900e-04
nan	9.140277777777777146e+01	9.140277777777777724e-02	nan	6.480054751061774905e-04	1.762097174667562544e-03	1.946493333580577101e-04
nan	9.714583333333332860e+01	9.714583333333332016e-02	nan	7.235693136458110075e-04	1.677633098804117437e-03	1.931693543153748709e-04
nan	1.022638888888888999e+02	1.022638888888888903e-01	nan	8.059371398911392053e-04	1.579236667402056501e-03	1.937833785610405043e-04
nan	1.071527777777777715e+02	1.071527777777777773e-01	nan	9.155973332184430546e-04	1.664939025430527087e-03	1.958087794155967669e-04
nan	1.118472222222222285e+02	1.118472222222222229e-01	nan	1.008520696222900675e-03	1.504047359754306749e-03	1.985700308012591038e-04
nan	1.150208333333333286e+02	1.150208333333333360e-01	nan	1.058592952446701929e-03	1.518366099080330905e-03	1.983124649943030123e-04
nan	1.193263888888888999e+02	1.193263888888888985e-01	nan	1.192561451025950497e-03	1.447106380038667506e-03	1.953654580231050904e-04
nan	1.234166666666666714e+02	1.234166666666666606e-01	nan	1.211265152261849611e-03	1.497088510610123345e-03	1.982622863614391933e-04
nan	1.280833333333333428e+02	1.280833333333333546e-01	nan	1.325478663682291358e-03	1.489411428781226183e-03	1.968763012360520432e-04
nan	1.321597222222222285e+02	1.321597222222222479e-01	nan	1.394885623813340615e-03	1.431845556888611997e-03	1.963730929651259793e-04
nan	1.349513888888888857e+02	1.349513888888888846e-01	nan	1.522526193126970536e-03	1.361352075183831084e-03	1.969286873449573678e-04
nan	1.395347222222222285e+02	1.395347222222222128e-01	nan	1.630149462577890063e-03	1.413457064789481197e-03	1.976240478520540017e-04
nan	1.412291666666666572e+02	1.412291666666666556e-01	nan	1.760172399316830638e-03	1.392876463600693998e-03	1.982743082092801930e-04
nan	1.437152777777777715e+02	1.437152777777777890e-01	nan	1.915988381084174829e-03	1.312426764509706627e-03	1.979105723313199583e-04
nan	1.491111111111111143e+02	1.491111111111111109e-01	nan	1.921280202785800991e-03	1.375257914474263413e-03	1.979453180032218079e-04
nan	1.523055555555555713e+02	1.523055555555555551e-01	nan	2.089300799606045537e-03	1.343041404004064257e-03	1.981692007287305321e-04
nan	1.551041666666666572e+02	1.551041666666666818e-01	nan	2.149552434837510937e-03	1.327676222480846102e-03	1.952505890944010837e-04
nan	1.590902777777777715e+02	1.590902777777777888e-01	nan	2.273021794250793242e-03	1.249568747151731706e-03	1.984816512293293052e-04
nan	1.622777777777777715e+02	1.622777777777777708e-01	nan	2.479677972671210078e-03	1.212890438006060129e-03	1.979544667970535620e-04
nan	1.640763888888888857e+02	1.640763888888888966e-01	nan	2.578862037942207443e-03	1.244044979912943246e-03	1.993553873008011490e-04
nan	1.666319444444444287e+02	1.666319444444444298e-01	nan	2.597161710304539319e-03	1.280737452505682555e-03	1.999825257109862965e-04
nan	1.687152777777777715e+02	1.687152777777777279e-01	nan	2.802838516217320830e-03	1.266131569304148512e-03	1.977223806825691285e-04
nan	1.719305555555555429e+02	1.719305555555555587e-01	nan	2.753514120669819931e-03	1.280009284265809597e-03	1.975985504403837039e-04
nan	1.764583333333333428e+02	1.764583333333333559e-01	nan	2.937894129431128931e-03	1.196837826185504850e-03	1.978283254425772014e-04
nan	1.779583333333333428e+02	1.779583333333333295e-01	nan	3.147784862989055910e-03	1.237531907854864249e-03	1.959988482735208054e-04
nan	1.789722222222222001e+02	1.789722222222222270e-01	nan	3.154744813110078525e-03	1.258094317813116718e-03	1.987329389223983474e-04
nan	1.823750000000000000e+02	1.823749999999999816e-01	nan	3.347732578306919244e-03	1.283879887653469748e-03	1.980342357745156422e-04
nan	1.845763888888888857e+02	1.845763888888889148e-01	nan	3.599258528339532859e-03	1.267325220136945917e-03	1.988816403438009150e-04
nan	1.886805555555555429e+02	1.886805555555555458e-01	nan	3.666390773380120201e-03	1.229810526277937480e-03	1.976972456120842340e-04
nan	1.880208333333333428e+02	1.880208333333333315e-01	nan	3.644025429576598207e-03	1.267577362015232445e-03	1.985808285704757797e-04
nan	1.936597222222222001e+02	1.936597222222222470e-01	nan	3.988146594682323055e-03	1.169184078211470482e-03	1.996587411435710125e-04
nan	1.953472222222222001e+02	1.953472222222222276e-01	nan	3.852924689970412594e-03	1.239715942294711834e-03	1.974749219060225507e-04
nan	2.759027777777777501e+01	2.759027777777777954e-02	nan	1.185098861890862922e-04	3.470307595532053091e-03	1.351223189192893857e-04
nan	3.861111111111110716e+01	3.861111111111110994e-02	nan	1.811183767943289156e-04	2.809783143070804928e-03	1.425158427723742266e-04
nan	4.602777777777777857e+01	4.602777777777777857e-02	nan	2.615447332847193511e-04	2.526316754834220107e-03	1.434052653241902578e-04
nan	5.234027777777777857e+01	5.234027777777778417e-02	nan	3.123517603774593932e-04	2.296842859805035223e-03	1.450933789921326816e-04
nan	5.822222222222222143e+01	5.822222222222222382e-02	nan	3.872309754263546146e-04	1.991571466940071384e-03	1.516818177612338104e-04
nan	6.413888888888888573e+01	6.413888888888889805e-02	nan	4.529432158157931099e-04	1.877888440958444538e-03	1.492573886266390594e-04
nan	6.815277777777778567e+01	6.815277777777777046e-02	nan	5.361707437086712371e-04	1.826958890147291651e-03	1.549462314061967932e-04
nan	7.206250000000000000e+01	7.206250000000000155e-02	nan	6.043493916472186811e-04	1.689350722552467564e-03	1.530258147497612212e-04
nan	7.787500000000000000e+01	7.787499999999999978e-02	nan	6.828098778276133754e-04	1.563831258477945763e-03	1.546500607010372328e-04
nan	8.002777777777778567e+01	8.002777777777778101e-02	nan	7.172018049798919818e-04	1.627319740424395091e-03	1.538527045697151287e-04
nan	8.400694444444444287e+01	8.400694444444443965e-02	nan	8.135369357557604335e-04	1.619962876513742411e-03	1.549021229646358984e-04
nan	8.920138888888889994e+01	8.920138888888889950e-02	nan	9.105734760497499920e-04	1.525760642391849270e-03	1.570430350499463375e-04
nan	9.158333333333332860e+01	9.158333333333333603e-02	nan	1.048811891965644545e-03	1.546742520731254596e-03	1.552241477199284151e-04
nan	9.669444444444444287e+01	9.669444444444445785e-02	nan	1.068259477507006597e-03	1.497921468529328981e-03	1.543641328344038104e-04
nan	9.739583333333332860e+01	9.739583333333333426e-02	nan	1.147161268684094996e-03	1.437972095340577482e-03	1.572145650148212284e-04
nan	1.036944444444444429e+02	1.036944444444444363e-01	nan	1.338873382700790518e-03	1.381052932751110525e-03	1.562687977274305150e-04
nan	1.052916666666666714e+02	1.052916666666666723e-01	nan	1.302339521653076869e-03	1.410272595281105400e-03	1.572702253206205230e-04
nan	1.077291666666666714e+02	1.077291666666666675e-01	nan	1.429045969544517902e-03	1.391155015613350929e-03	1.572496993074238019e-04
nan	1.110277777777777715e+02	1.110277777777777808e-01	nan	1.529427826143761127e-03	1.394548952099130233e-03	1.564891542605900590e-04
nan	1.135486111111111001e+02	1.135486111111111002e-01	nan	1.667131518964816298e-03	1.331955315325325214e-03	1.586332868069386152e-04
nan	1.162430555555555571e+02	1.162430555555555717e-01	nan	1.798680124319200100e-03	1.390416461505186501e-03	1.574692457514905613e-04
nan	1.190416666666666714e+02	1.190416666666666567e-01	nan	1.805804963881188019e-03	1.253238948311171394e-03	1.576709173806103059e-04
nan	1.217083333333333286e+02	1.217083333333333212e-01	nan	1.866175325214195933e-03	1.339304386220757127e-03	1.586360990363338793e-04
nan	1.227500000000000000e+02	1.227499999999999841e-01	nan	1.887686912232943012e-03	1.300397119892564637e-03	1.586300535229385675e-04
nan	1.247569444444444429e+02	1.247569444444444481e-01	nan	2.090496819410721848e-03	1.316883738617433521e-03	1.564917002650289635e-04
nan	1.298194444444444287e+02	1.298194444444444318e-01	nan	2.207516870493956510e-03	1.257643941944117019e-03	1.589558626316537021e-04
nan	1.325000000000000000e+02	1.325000000000000067e-01	nan	2.179428232908422764e-03	1.274932211270345074e-03	1.579461539480092158e-04
nan	1.346527777777777715e+02	1.346527777777777879e-01	nan	2.285495734551229972e-03	1.225300404559204409e-03	1.576143826512104264e-04
nan	1.343263888888888857e+02	1.343263888888888979e-01	nan	2.513097251477031634e-03	1.247958525532925087e-03	1.573975017622532312e-04
nan	1.388958333333333428e+02	1.388958333333333017e-01	nan	2.610451407843723381e-03	1.217198032426193956e-03	1.579235395630246026e-04
nan	1.408541666666666572e+02	1.408541666666666414e-01	nan	2.663248296378305582e-03	1.237370223097164013e-03	1.601109905416307712e-04
nan	1.425069444444444287e+02	1.425069444444444500e-01	nan	2.742716398643096909e-03	1.192509064525666945e-03	1.599865043750436390e-04
nan	1.442708333333333428e+02	1.442708333333333204e-01	nan	2.783396195301040144e-03	1.244701563861850407e-03	1.584353435856523441e-04
nan	1.473611111111111143e+02	1.473611111111111094e-01	nan	3.044209476322458016e-03	1.185901087015487103e-03	1.590404522892013394e-04
nan	1.495763888888888857e+02	1.495763888888888837e-01	nan	3.110993678888007707e-03	1.230913939367950976e-03	1.570352111638737165e-04
nan	1.496597222222222285e+02	1.496597222222222079e-01	nan	3.170889251064876440e-03	1.190401641873622615e-03	1.589715795404608885e-04
nan	1.524791666666666572e+02	1.524791666666666656e-01	nan	3.303454947885913363e-03	1.143332764513679085e-03	1.596231309846539361e-04
nan	1.571875000000000000e+02	1.571874999999999800e-01	nan	3.377920545718085272e-03	1.188262329495584071e-03	1.582657864775187612e-04
nan	1.578611111111111143e+02	1.578611111111111465e-01	nan	3.463334436710220274e-03	1.227398132897757890e-03	1.595797406227543393e-04
