# SourcePhotonFlux	NumberRaysSurvived	PercentageRaysSurvived	PhotonFlux	Bandwidth	HorizontalFocusFWHM	VerticalFocusFWHM
nan	1.281875000000000000e+02	1.281875000000000098e-01	nan	4.431983257466853843e-04	1.216046005041513701e-02	6.529487909006972393e-04
nan	1.646250000000000000e+02	1.646249999999999936e-01	nan	6.856014995708648030e-04	9.221500162478921472e-03	6.445361840471321591e-04
nan	2.008750000000000000e+02	2.008750000000000258e-01	nan	9.312030084309697031e-04	9.189174783920936451e-03	6.903575792400118080e-04
nan	2.198750000000000000e+02	2.198749999999999871e-01	nan	1.212641313307116775e-03	8.455697736428305356e-03	6.836733615912488982e-04
nan	2.531875000000000000e+02	2.531875000000000098e-01	nan	1.531391507167967347e-03	8.531975282473153177e-03	6.914977134375161058e-04
nan	2.660000000000000000e+02	2.660000000000000142e-01	nan	1.938224201275318137e-03	7.610806272008925275e-03	6.791925530062047512e-04
nan	2.890000000000000000e+02	2.890000000000000346e-01	nan	2.067350509037169104e-03	7.185159835827322275e-03	7.057105606197511607e-04
nan	3.011875000000000000e+02	3.011874999999999969e-01	nan	2.320340721567504261e-03	6.113953000516860956e-03	7.082374529737615974e-04
nan	3.165625000000000000e+02	3.165624999999999689e-01	nan	2.658093282015272507e-03	6.361064138921127681e-03	7.125728744634175511e-04
nan	3.403750000000000000e+02	3.403749999999999831e-01	nan	3.163318031027984034e-03	5.429717159297957341e-03	7.012497320990549159e-04
nan	3.536875000000000000e+02	3.536875000000000435e-01	nan	3.614992737091426989e-03	6.564016533999327170e-03	7.027128322002035819e-04
nan	3.691250000000000000e+02	3.691249999999999809e-01	nan	3.552941285654753756e-03	5.290603240735415602e-03	7.012715048230825894e-04
nan	3.791875000000000000e+02	3.791875000000000107e-01	nan	3.888223045500183161e-03	5.766660963465911928e-03	7.070672028268018203e-04
nan	3.978125000000000000e+02	3.978125000000000133e-01	nan	4.103068493961359309e-03	5.413272005666590683e-03	7.054482515800596402e-04
nan	4.118125000000000000e+02	4.118125000000000258e-01	nan	4.521498046173633156e-03	5.464536320941465984e-03	7.091020067939030882e-04
nan	4.191250000000000000e+02	4.191249999999999698e-01	nan	5.080085237025855349e-03	5.345332413967741544e-03	7.081043389871170043e-04
nan	4.353125000000000000e+02	4.353124999999999911e-01	nan	5.268646342052818454e-03	5.107068078579834677e-03	7.110115344465734767e-04
nan	4.513125000000000000e+02	4.513125000000000053e-01	nan	5.458031918209371725e-03	4.883865757180512121e-03	7.199941552995006407e-04
nan	4.583125000000000000e+02	4.583125000000000115e-01	nan	5.533295212075017844e-03	4.853221011075761412e-03	7.096236641262075248e-04
nan	4.704375000000000000e+02	4.704375000000000084e-01	nan	6.120574919933119418e-03	5.142588086586191362e-03	7.243065580754214604e-04
nan	4.853125000000000000e+02	4.853124999999999800e-01	nan	6.666802972929986026e-03	5.197157574553410916e-03	7.341061558851567741e-04
nan	4.803125000000000000e+02	4.803125000000000311e-01	nan	6.608885472061842847e-03	4.902095188884590671e-03	7.132470491885828639e-04
nan	5.041250000000000000e+02	5.041249999999999343e-01	nan	6.936231761486055802e-03	4.837482427112278424e-03	7.168848302457720778e-04
nan	5.043750000000000000e+02	5.043750000000000178e-01	nan	7.224949475613584582e-03	4.600933785779488111e-03	6.986218576198077084e-04
nan	5.151875000000000000e+02	5.151875000000000204e-01	nan	7.816889312820762825e-03	5.075271834371171235e-03	7.137175464468794965e-04
nan	5.351875000000000000e+02	5.351874999999999272e-01	nan	8.316241018874848123e-03	4.627005820734633040e-03	7.171105346454323881e-04
nan	5.379375000000000000e+02	5.379374999999999574e-01	nan	8.674130152314774023e-03	4.878268530923679860e-03	7.140276275904760064e-04
nan	5.400625000000000000e+02	5.400625000000000009e-01	nan	8.575590080369011048e-03	4.649666676231949992e-03	7.252191550377166430e-04
nan	5.570625000000000000e+02	5.570625000000000160e-01	nan	8.289249387360086985e-03	4.536911184497356871e-03	7.269556165464801517e-04
nan	5.644375000000000000e+02	5.644375000000000364e-01	nan	9.431281862674723016e-03	4.537731417152831084e-03	7.218069185411166155e-04
nan	5.691875000000000000e+02	5.691874999999999574e-01	nan	1.044713573601541157e-02	4.223311076869497305e-03	7.234836786466657989e-04
nan	5.941875000000000000e+02	5.941874999999999796e-01	nan	1.057664417228920684e-02	4.700697311690486130e-03	7.148126336699869247e-04
nan	5.940625000000000000e+02	5.940625000000000488e-01	nan	1.128868524364179393e-02	4.411996305442020261e-03	7.274778337283257720e-04
nan	6.118125000000000000e+02	6.118124999999999813e-01	nan	1.171296918153075239e-02	4.380006801048115517e-03	7.097380498408589929e-04
nan	5.988125000000000000e+02	5.988125000000000808e-01	nan	1.182288429411926245e-02	4.582810677060724855e-03	7.117057311152219425e-04
nan	6.262500000000000000e+02	6.262499999999999734e-01	nan	1.191181756003345527e-02	4.603954042844035123e-03	7.259174438810733591e-04
nan	6.267500000000000000e+02	6.267500000000000293e-01	nan	1.266180981708941999e-02	4.035674420285247088e-03	7.239157390507696896e-04
nan	6.383750000000000000e+02	6.383749999999999147e-01	nan	1.370684234881025532e-02	4.222783477323497486e-03	7.106081867372130920e-04
nan	6.396250000000000000e+02	6.396249999999999991e-01	nan	1.353998652759003107e-02	4.521060201797123639e-03	7.161637825936690346e-04
nan	1.037500000000000000e+02	1.037499999999999950e-01	nan	4.670092558791694159e-04	1.225192749377526126e-02	5.152471413739702919e-04
nan	1.348125000000000000e+02	1.348125000000000018e-01	nan	7.131382410481279521e-04	1.028587766011193616e-02	5.504117425381223512e-04
nan	1.634375000000000000e+02	1.634374999999999856e-01	nan	1.071541062401593081e-03	8.980932068334706447e-03	5.491050457215821551e-04
nan	1.839375000000000000e+02	1.839374999999999760e-01	nan	1.193706961890583784e-03	7.774051592107064472e-03	5.705374170671483709e-04
nan	2.002500000000000000e+02	2.002499999999999836e-01	nan	1.410107180916497782e-03	6.904882402496325539e-03	5.636793596230661165e-04
nan	2.193750000000000000e+02	2.193749999999999867e-01	nan	1.824262673508769694e-03	5.889731368780191760e-03	5.558996439877798759e-04
nan	2.310625000000000000e+02	2.310625000000000040e-01	nan	1.914161327210450736e-03	7.181753035682101292e-03	5.851389145622005149e-04
nan	2.488750000000000000e+02	2.488750000000000129e-01	nan	2.310782746953066180e-03	6.370663507644421658e-03	5.746577002059519330e-04
nan	2.690625000000000000e+02	2.690624999999999822e-01	nan	2.361847531144434242e-03	6.047241529482923726e-03	5.926989228627085708e-04
nan	2.861250000000000000e+02	2.861250000000000182e-01	nan	2.648461335027718633e-03	6.736083633189948738e-03	5.758716956820780688e-04
nan	2.933750000000000000e+02	2.933750000000000524e-01	nan	2.981245256314934977e-03	5.910605708314500134e-03	5.770982875766432268e-04
nan	3.153125000000000000e+02	3.153124999999999956e-01	nan	3.183579831116389869e-03	5.816461801386856381e-03	5.907553840547345118e-04
nan	3.255000000000000000e+02	3.255000000000000115e-01	nan	3.591515384336219086e-03	5.579844728552647501e-03	5.882181058112684368e-04
nan	3.326875000000000000e+02	3.326875000000000249e-01	nan	3.610992440847837770e-03	5.406449178212858336e-03	5.978029419650852851e-04
nan	3.430000000000000000e+02	3.429999999999999716e-01	nan	3.955638933675231783e-03	5.455017224954101726e-03	5.957758742265138741e-04
nan	3.521875000000000000e+02	3.521874999999999867e-01	nan	4.386859791274844156e-03	5.580632507552633903e-03	6.031988619025719853e-04
nan	3.605000000000000000e+02	3.604999999999999871e-01	nan	4.910053006625503258e-03	5.385441283734017544e-03	5.867794077662292574e-04
nan	3.717500000000000000e+02	3.717499999999999694e-01	nan	5.385472178240036101e-03	5.494955701126668160e-03	5.948267122637552595e-04
nan	3.797500000000000000e+02	3.797500000000000320e-01	nan	5.642781656703732551e-03	4.725293130446311073e-03	5.949740273129878760e-04
nan	3.901250000000000000e+02	3.901249999999999996e-01	nan	5.386393018298463176e-03	5.129012149425139430e-03	5.950929150469127810e-04
nan	4.123750000000000000e+02	4.123749999999999361e-01	nan	6.009498082192976653e-03	4.482539395428359122e-03	6.025513733642816555e-04
nan	4.044375000000000000e+02	4.044375000000000053e-01	nan	6.486010754628068753e-03	5.085933111898319550e-03	5.866985487300364248e-04
nan	4.116250000000000000e+02	4.116250000000000187e-01	nan	6.568735303304151785e-03	4.709200103556811755e-03	5.993433070102108847e-04
nan	4.332500000000000000e+02	4.332499999999999685e-01	nan	6.800831613361424388e-03	4.259422695537262021e-03	5.883368923097660741e-04
nan	4.343750000000000000e+02	4.343750000000000666e-01	nan	7.117888147178064173e-03	4.624233213223766931e-03	6.005786821953297897e-04
nan	4.441250000000000000e+02	4.441250000000000475e-01	nan	7.729880667895372426e-03	4.799088088827422813e-03	5.908600836400902060e-04
nan	4.448125000000000000e+02	4.448124999999999996e-01	nan	8.174951513254313795e-03	4.808648630411919284e-03	6.044419654749337741e-04
nan	4.543125000000000000e+02	4.543124999999999525e-01	nan	8.539711355766144152e-03	4.864278705346847427e-03	5.998438786111595991e-04
nan	4.702500000000000000e+02	4.702499999999999458e-01	nan	9.034298317516231691e-03	4.320922244416154460e-03	5.980386589283038026e-04
nan	4.668125000000000000e+02	4.668124999999999636e-01	nan	9.228217150962336746e-03	4.561746195714850780e-03	6.013076854406728972e-04
nan	4.823750000000000000e+02	4.823749999999999982e-01	nan	9.447389105673664744e-03	4.430738701744128989e-03	5.880406378157531895e-04
nan	4.900625000000000000e+02	4.900625000000000120e-01	nan	9.741699529385527967e-03	4.428431064590015662e-03	5.990238719010422107e-04
nan	4.965000000000000000e+02	4.964999999999999969e-01	nan	1.135028059204046258e-02	4.671942314813545133e-03	5.912256469057409081e-04
nan	5.064375000000000000e+02	5.064374999999999849e-01	nan	1.053037910440934866e-02	4.277070823079594936e-03	5.901416794635126620e-04
nan	5.119375000000000000e+02	5.119375000000000453e-01	nan	1.096284923774248909e-02	4.081043096313948480e-03	5.975066481769524679e-04
nan	5.176250000000000000e+02	5.176250000000000018e-01	nan	1.033718598452537663e-02	4.442698971062984496e-03	5.969256475518280175e-04
nan	5.256250000000000000e+02	5.256250000000000089e-01	nan	1.119403795567563975e-02	4.285901915162542916e-03	5.905592029696162069e-04
nan	5.318125000000000000e+02	5.318125000000000213e-01	nan	1.242341079979780716e-02	4.234781254603429447e-03	6.037039180897034668e-04
nan	5.355625000000000000e+02	5.355624999999999414e-01	nan	1.207033543897750860e-02	4.247344609680432127e-03	5.976847071520833285e-04
nan	7.900000000000000000e+01	7.900000000000000078e-02	nan	4.766960698399103080e-04	9.773072154718166066e-03	3.962905686399572670e-04
nan	1.066875000000000000e+02	1.066874999999999907e-01	nan	6.732493352608059922e-04	9.669834248620745934e-03	4.041276420033054458e-04
nan	1.225000000000000000e+02	1.224999999999999978e-01	nan	9.241572122160590652e-04	9.575402002993484152e-03	4.301878230508809822e-04
nan	1.370625000000000000e+02	1.370625000000000038e-01	nan	1.168351394806421695e-03	7.558270272202367163e-03	4.587486914636031512e-04
nan	1.572500000000000000e+02	1.572500000000000009e-01	nan	1.309157321976783805e-03	8.029392210209720937e-03	4.509781325981496820e-04
nan	1.737500000000000000e+02	1.737500000000000155e-01	nan	1.662362605483025391e-03	7.301875316637653802e-03	4.641440507097500858e-04
nan	1.914375000000000000e+02	1.914375000000000104e-01	nan	1.713382829233722759e-03	7.121622306878292938e-03	4.612580289486754685e-04
nan	1.994375000000000000e+02	1.994374999999999898e-01	nan	2.197285587232755688e-03	6.336829510969266450e-03	4.555263063392436741e-04
nan	2.076875000000000000e+02	2.076874999999999971e-01	nan	2.516610353190174010e-03	6.662306924914946499e-03	4.569464590149789791e-04
nan	2.265000000000000000e+02	2.264999999999999791e-01	nan	2.551844847189954635e-03	5.131312587271036341e-03	4.578009587010066711e-04
nan	2.332500000000000000e+02	2.332499999999999851e-01	nan	3.515093236075017558e-03	6.487453553061069828e-03	4.641671368084818909e-04
nan	2.430000000000000000e+02	2.429999999999999938e-01	nan	3.305696066377095121e-03	6.193211995167604254e-03	4.731686567674040183e-04
nan	2.575000000000000000e+02	2.574999999999999512e-01	nan	3.722877438484317736e-03	5.705172457619285022e-03	4.668623929057257125e-04
nan	2.634375000000000000e+02	2.634374999999999911e-01	nan	3.750301254655141747e-03	4.972584431494902688e-03	4.734849338108252509e-04
nan	2.718750000000000000e+02	2.718749999999999778e-01	nan	4.081255900196367747e-03	5.307622716903733114e-03	4.752351616164375851e-04
nan	2.806875000000000000e+02	2.806874999999999787e-01	nan	4.230536495633430150e-03	5.103621333084495774e-03	4.790022539861328718e-04
nan	2.916875000000000000e+02	2.916874999999999885e-01	nan	4.846626009232579690e-03	5.158847896807789747e-03	4.640995879521966840e-04
nan	2.977500000000000000e+02	2.977500000000000147e-01	nan	4.878766051120919656e-03	5.308142624702083534e-03	4.708531380910866066e-04
nan	2.988125000000000000e+02	2.988124999999999809e-01	nan	5.417489626076132936e-03	4.922414900820123312e-03	4.823545621385681671e-04
nan	3.106875000000000000e+02	3.106875000000000053e-01	nan	5.457378702573123519e-03	4.731621982845088392e-03	4.690303647803171182e-04
nan	3.228125000000000000e+02	3.228125000000000022e-01	nan	5.726949162806249660e-03	4.759447207979353341e-03	4.548837303535711342e-04
nan	3.261875000000000000e+02	3.261874999999999636e-01	nan	6.839484018868802195e-03	4.668431783201467018e-03	4.685674426943784170e-04
nan	3.315625000000000000e+02	3.315624999999999822e-01	nan	5.842081917265318225e-03	4.212143299119244788e-03	4.751857121262846833e-04
nan	3.381875000000000000e+02	3.381875000000000298e-01	nan	6.740049530421288182e-03	5.177971253932693411e-03	4.814883260770020648e-04
nan	3.498125000000000000e+02	3.498125000000000262e-01	nan	6.390602904787101579e-03	4.471654380488298240e-03	4.726794757852909859e-04
nan	3.540000000000000000e+02	3.539999999999999813e-01	nan	6.878825236512398078e-03	4.664943381854642912e-03	4.739810198062560285e-04
nan	3.611250000000000000e+02	3.611250000000000293e-01	nan	7.981355464096395735e-03	4.243644119420165138e-03	4.688699670227161479e-04
nan	3.654375000000000000e+02	3.654374999999999707e-01	nan	7.286495152797556329e-03	4.474181222994417888e-03	4.814263456022810275e-04
nan	3.750000000000000000e+02	3.750000000000000000e-01	nan	8.129092633026857584e-03	4.752983965557249293e-03	4.729337022493236131e-04
nan	3.830625000000000000e+02	3.830624999999999725e-01	nan	8.781143715296479968e-03	4.448896099819424355e-03	4.710457222798631574e-04
nan	3.825625000000000000e+02	3.825625000000000275e-01	nan	9.916387643812640817e-03	4.450087269754415993e-03	4.794741599584565524e-04
nan	3.890625000000000000e+02	3.890624999999999778e-01	nan	9.094525173864553835e-03	4.556874732951007867e-03	4.648651779355773123e-04
nan	4.036875000000000000e+02	4.036874999999999769e-01	nan	9.174694453321308174e-03	3.844888806306408224e-03	4.737616814318344142e-04
nan	3.933750000000000000e+02	3.933749999999999747e-01	nan	1.046219089147371051e-02	4.064680485200222217e-03	4.755093082770222267e-04
nan	4.098125000000000000e+02	4.098125000000000240e-01	nan	9.707383340455066900e-03	4.048112661153778838e-03	4.737695659836602992e-04
nan	4.106875000000000000e+02	4.106874999999999831e-01	nan	9.223309295720127921e-03	4.261171066652386964e-03	4.729059540079263405e-04
nan	4.171250000000000000e+02	4.171250000000000235e-01	nan	1.032403199559439599e-02	4.356115400601731288e-03	4.852847508631924207e-04
nan	4.316875000000000000e+02	4.316875000000000018e-01	nan	1.159700080766867814e-02	4.612977318510355119e-03	4.737085758828844416e-04
nan	4.325625000000000000e+02	4.325625000000000164e-01	nan	1.097296404124392666e-02	4.485833224109831222e-03	4.739290932829918405e-04
