# SourcePhotonFlux	NumberRaysSurvived	PercentageRaysSurvived	PhotonFlux	Bandwidth	HorizontalFocusFWHM	VerticalFocusFWHM
nan	2.350000000000000000e+01	2.349999999999999867e-01	nan	2.089738680184857061e-03	5.054642226351579309e-02	3.622584966375824722e-03
nan	2.500000000000000000e+01	2.500000000000000000e-01	nan	2.824189776284351423e-03	4.368952328352956882e-02	3.283127960393678046e-03
nan	1.000000000000000000e+01	1.000000000000000056e-01	nan	4.640857151536611352e-03	3.988665063076419354e-02	3.121532612997618590e-03
nan	1.750000000000000000e+01	1.749999999999999889e-01	nan	5.279714833232290912e-03	3.296169342784287248e-02	3.309939934660966268e-03
nan	1.500000000000000000e+01	1.499999999999999944e-01	nan	5.804244682323248319e-03	2.846684144541215128e-02	2.641444483959287312e-03
nan	1.250000000000000000e+01	1.250000000000000000e-01	nan	8.569156637357659353e-03	2.072759431806620381e-02	3.651752893397094447e-03
nan	2.300000000000000000e+01	2.299999999999999822e-01	nan	8.238598704956771532e-03	2.892842674388439519e-02	3.272195657338156441e-03
nan	2.750000000000000000e+01	2.750000000000000222e-01	nan	1.024611496034855650e-02	2.404049971091605509e-02	3.363497883534281342e-03
nan	2.800000000000000000e+01	2.800000000000000266e-01	nan	1.114995513594193612e-02	2.191005916141678181e-02	3.173878513776824672e-03
nan	2.900000000000000000e+01	2.900000000000000355e-01	nan	1.199988720443098331e-02	2.348131197187640004e-02	3.330203424960120374e-03
nan	3.800000000000000000e+01	3.800000000000000044e-01	nan	1.382773920129600279e-02	2.239492881816908948e-02	3.315276778552378630e-03
nan	4.950000000000000000e+01	4.949999999999999956e-01	nan	1.509199755295951087e-02	2.698590218067239976e-02	3.331706748821405741e-03
nan	4.750000000000000000e+01	4.749999999999999778e-01	nan	1.717012962661067232e-02	2.273299745787899645e-02	3.356273182036121315e-03
nan	4.350000000000000000e+01	4.349999999999999423e-01	nan	1.719259728567995582e-02	2.632445372651737864e-02	3.586702208713816401e-03
nan	4.600000000000000000e+01	4.599999999999999645e-01	nan	1.972844343090237457e-02	2.310543566040578617e-02	3.142057000879128550e-03
nan	4.550000000000000000e+01	4.550000000000000155e-01	nan	2.119597846904996280e-02	2.212272266251031488e-02	3.357520940453165986e-03
nan	5.900000000000000000e+01	5.899999999999999689e-01	nan	2.276553679820998016e-02	2.267654303640233987e-02	3.496862346307563676e-03
nan	6.000000000000000000e+01	6.000000000000000888e-01	nan	2.500859582690900806e-02	2.220931781142601938e-02	3.086575060031983113e-03
nan	5.400000000000000000e+01	5.400000000000000355e-01	nan	2.373952483633760824e-02	2.179665792135274116e-02	3.641523336248598218e-03
nan	4.800000000000000000e+01	4.799999999999999822e-01	nan	2.725793589529749636e-02	1.968734521608858645e-02	3.559551868940378193e-03
nan	5.750000000000000000e+01	5.749999999999999556e-01	nan	3.145047508819484583e-02	2.208747067911635137e-02	3.612438692942899609e-03
nan	5.150000000000000000e+01	5.150000000000000133e-01	nan	2.713194551663893062e-02	2.067593593473093447e-02	3.286018031993165854e-03
nan	4.250000000000000000e+01	4.249999999999999889e-01	nan	3.537372175849010092e-02	1.893759821915359104e-02	3.041992420430431228e-03
nan	5.000000000000000000e+01	5.000000000000000000e-01	nan	3.551699974745602811e-02	1.956951593454520771e-02	3.649294066979294916e-03
nan	4.850000000000000000e+01	4.849999999999999867e-01	nan	3.242114668750213646e-02	1.963530083680700006e-02	3.360772606994722432e-03
nan	4.300000000000000000e+01	4.299999999999999933e-01	nan	3.596481167628719222e-02	1.853298232057692951e-02	3.246647617729675212e-03
nan	3.900000000000000000e+01	3.900000000000000133e-01	nan	3.633044319744186540e-02	2.229326777168364956e-02	3.128977002436440606e-03
nan	4.050000000000000000e+01	4.050000000000000266e-01	nan	3.835678544228304093e-02	1.830668643168698040e-02	3.569960020570089529e-03
nan	3.300000000000000000e+01	3.299999999999999600e-01	nan	3.529743973872350588e-02	1.850460650437671731e-02	3.227427148463309081e-03
nan	2.650000000000000000e+01	2.650000000000000133e-01	nan	4.140742026125353303e-02	2.094104994710119932e-02	3.177915266064776888e-03
nan	2.450000000000000000e+01	2.449999999999999956e-01	nan	4.006303319150869569e-02	1.910219053556255070e-02	3.295245147548796563e-03
nan	2.200000000000000000e+01	2.200000000000000011e-01	nan	5.337455014859936869e-02	1.752414868941388690e-02	3.551460550272873481e-03
nan	2.400000000000000000e+01	2.399999999999999911e-01	nan	5.201226535343098090e-02	1.616327680741251605e-02	3.762963382599213841e-03
nan	1.950000000000000000e+01	1.950000000000000067e-01	nan	5.052180539869242926e-02	2.040289938001228764e-02	3.072495602838804657e-03
nan	1.550000000000000000e+01	1.549999999999999989e-01	nan	5.051220718284089861e-02	2.002228881805323546e-02	3.484966472423117051e-03
nan	1.100000000000000000e+01	1.100000000000000006e-01	nan	4.256361258074999043e-02	1.709779119963484445e-02	2.669648333007606025e-03
nan	8.500000000000000000e+00	8.499999999999999223e-02	nan	6.378126828769870027e-02	1.641012594872782310e-02	3.242758074518458343e-03
nan	9.000000000000000000e+00	8.999999999999999667e-02	nan	3.861143828932896149e-02	1.527350963377933565e-02	2.907930535730652959e-03
nan	6.000000000000000000e+00	5.999999999999999778e-02	nan	4.570589395674277966e-02	2.412783008630720039e-02	3.041101390740093106e-03
nan	3.150000000000000000e+01	3.149999999999999467e-01	nan	1.852170518034371030e-03	5.178021772000225564e-02	3.476213037047514928e-03
nan	2.700000000000000000e+01	2.700000000000000178e-01	nan	2.806242786544013972e-03	4.467537935271664873e-02	3.389014913590325008e-03
nan	5.500000000000000000e+00	5.500000000000000028e-02	nan	2.767566156758678904e-03	1.927259643228371871e-02	3.139554610850978436e-03
nan	1.100000000000000000e+01	1.100000000000000006e-01	nan	5.157384779451689924e-03	2.980304977351163481e-02	3.044448643973287402e-03
nan	1.100000000000000000e+01	1.100000000000000006e-01	nan	7.373434244168914145e-03	2.843298717770496170e-02	3.649026568662160856e-03
nan	2.200000000000000000e+01	2.200000000000000011e-01	nan	6.736347608316803348e-03	2.729610151579375116e-02	3.508783694380705406e-03
nan	2.900000000000000000e+01	2.900000000000000355e-01	nan	9.148323320312911483e-03	2.536205761649852619e-02	3.465047668530714040e-03
nan	2.750000000000000000e+01	2.750000000000000222e-01	nan	9.280067979430883102e-03	2.557879631771773493e-02	2.858760045699612184e-03
nan	3.150000000000000000e+01	3.150000000000000022e-01	nan	1.004826719511205807e-02	2.284707103012678653e-02	3.277107690489845446e-03
nan	3.700000000000000000e+01	3.699999999999999956e-01	nan	1.050356198926605256e-02	2.652608054242383551e-02	3.417623077217010405e-03
nan	3.000000000000000000e+01	3.000000000000000444e-01	nan	1.365998509318223399e-02	2.358320804860965930e-02	3.486065286277770150e-03
nan	4.250000000000000000e+01	4.249999999999999334e-01	nan	1.575335383096940212e-02	2.333444665803948229e-02	3.536821574040777908e-03
nan	4.000000000000000000e+01	4.000000000000000222e-01	nan	1.623246577744932861e-02	2.246014739148681494e-02	3.449831298090319347e-03
nan	5.000000000000000000e+01	5.000000000000000000e-01	nan	1.616212648096269563e-02	2.373986644205671598e-02	3.284953480687583666e-03
nan	4.150000000000000000e+01	4.150000000000000355e-01	nan	1.937771218965267384e-02	2.508117002570860871e-02	3.358734750558884947e-03
nan	5.650000000000000000e+01	5.649999999999999467e-01	nan	2.198161293410410416e-02	2.057879815313363309e-02	3.278720334440664991e-03
nan	5.600000000000000000e+01	5.600000000000000533e-01	nan	2.393210467127360880e-02	2.355181176387924347e-02	3.636768419857975936e-03
nan	5.150000000000000000e+01	5.150000000000000133e-01	nan	2.179315735527663500e-02	2.251709923838222591e-02	3.299035791558678921e-03
nan	5.400000000000000000e+01	5.400000000000000355e-01	nan	2.428666614592494763e-02	2.263028768408098523e-02	3.325790747955102711e-03
nan	5.700000000000000000e+01	5.700000000000000622e-01	nan	2.483099437849681929e-02	2.217752182698755348e-02	3.215437573270046694e-03
nan	4.300000000000000000e+01	4.299999999999999378e-01	nan	2.765501852930646667e-02	2.119729131709213038e-02	3.317554141646320010e-03
nan	5.100000000000000000e+01	5.100000000000000089e-01	nan	2.834056420419277592e-02	2.084679991644536323e-02	3.238504613441088413e-03
nan	6.100000000000000000e+01	6.099999999999999867e-01	nan	3.397167491132293410e-02	2.075307660274755203e-02	3.452014780596922815e-03
nan	5.150000000000000000e+01	5.150000000000000133e-01	nan	3.165934400721649722e-02	2.293999303109384158e-02	3.446259823126721425e-03
nan	4.200000000000000000e+01	4.199999999999999289e-01	nan	3.492377916371258717e-02	2.064951418984732265e-02	3.001770558097265409e-03
nan	4.750000000000000000e+01	4.749999999999999778e-01	nan	4.153947651427161714e-02	1.923509559190827306e-02	3.580061192287332592e-03
nan	5.150000000000000000e+01	5.150000000000000133e-01	nan	3.700346962048754046e-02	1.947579766670290424e-02	3.206912208211723167e-03
nan	3.300000000000000000e+01	3.300000000000000155e-01	nan	3.364387079607290831e-02	2.071444092339928475e-02	2.926413541576001164e-03
nan	3.250000000000000000e+01	3.249999999999999556e-01	nan	4.229455011131678932e-02	1.871567797417229839e-02	3.490886830100359446e-03
nan	2.650000000000000000e+01	2.650000000000000133e-01	nan	4.210549898056395457e-02	1.991394647318280725e-02	3.257717491881989384e-03
nan	2.650000000000000000e+01	2.650000000000000133e-01	nan	4.001432785162192807e-02	1.423611303596914596e-02	3.570711631366399984e-03
nan	2.250000000000000000e+01	2.250000000000000056e-01	nan	4.844208878529887574e-02	2.165365346382213882e-02	3.195778407107735357e-03
nan	1.850000000000000000e+01	1.849999999999999978e-01	nan	4.628487176825503424e-02	2.266019075033697677e-02	3.413600822725412244e-03
nan	1.600000000000000000e+01	1.600000000000000033e-01	nan	5.363309928900091006e-02	2.155172305356879009e-02	3.257245298040882531e-03
nan	1.950000000000000000e+01	1.950000000000000067e-01	nan	4.113103997579693749e-02	1.972077957752882416e-02	2.893299157766819792e-03
nan	1.850000000000000000e+01	1.849999999999999978e-01	nan	4.514550367000806641e-02	1.778471575333788468e-02	2.811169341334265187e-03
nan	1.100000000000000000e+01	1.100000000000000006e-01	nan	5.975978362444207825e-02	1.623895157254172383e-02	2.986549108789427788e-03
nan	1.250000000000000000e+01	1.250000000000000000e-01	nan	5.901631126830389484e-02	2.101056271859979771e-02	3.493215388809726638e-03
nan	9.000000000000000000e+00	8.999999999999999667e-02	nan	5.962408246599105316e-02	1.586606345042660543e-02	3.199734596853254405e-03
nan	1.150000000000000000e+01	1.149999999999999911e-01	nan	1.965632160222857260e-03	3.900047291047437081e-02	1.176257239807634684e-03
nan	1.650000000000000000e+01	1.649999999999999800e-01	nan	3.649760414703004732e-03	3.973919563756001666e-02	1.492745342040279746e-03
nan	6.000000000000000000e+00	5.999999999999999778e-02	nan	4.251742796908913186e-03	2.532451550407468360e-02	1.453369482149708108e-03
nan	6.500000000000000000e+00	6.500000000000000222e-02	nan	3.686945450879800142e-03	4.089599837995905318e-02	1.527438660203079591e-03
nan	9.000000000000000000e+00	8.999999999999999667e-02	nan	5.210543307471988614e-03	2.820778957232701264e-02	1.473112590691174522e-03
nan	9.500000000000000000e+00	9.500000000000000111e-02	nan	8.010226848308096143e-03	3.297764517385497890e-02	1.612226073429039565e-03
nan	1.200000000000000000e+01	1.199999999999999956e-01	nan	7.975384804073112205e-03	2.739092503729353978e-02	1.539813442787920164e-03
nan	1.300000000000000000e+01	1.300000000000000044e-01	nan	8.101966190261621070e-03	2.131272616358501071e-02	1.703151272798784184e-03
nan	1.900000000000000000e+01	1.900000000000000022e-01	nan	9.505071745044089276e-03	2.704383617492348360e-02	1.683411575505272236e-03
nan	1.800000000000000000e+01	1.799999999999999933e-01	nan	1.104044579726520814e-02	2.407724153901912023e-02	1.558514559273822125e-03
nan	2.250000000000000000e+01	2.249999999999999778e-01	nan	1.240179358408004771e-02	2.115328135736041851e-02	1.599062853431522553e-03
nan	2.550000000000000000e+01	2.550000000000000044e-01	nan	1.433829699646990870e-02	2.460224408030557697e-02	1.760028511990952308e-03
nan	2.400000000000000000e+01	2.399999999999999911e-01	nan	1.150059429308983652e-02	2.326743054045252168e-02	1.648604138404903552e-03
nan	1.800000000000000000e+01	1.799999999999999933e-01	nan	9.266527887401964508e-03	2.724118206553057669e-02	1.590410158459455194e-03
nan	2.100000000000000000e+01	2.100000000000000200e-01	nan	1.922503856899237737e-02	2.545248778533951151e-02	1.594501000666332779e-03
nan	3.000000000000000000e+01	3.000000000000000444e-01	nan	1.898980286105047405e-02	1.932937800174917148e-02	1.525100503715609741e-03
nan	2.400000000000000000e+01	2.399999999999999911e-01	nan	1.939359922999963834e-02	2.050666805409754462e-02	1.609094994214531164e-03
nan	2.850000000000000000e+01	2.850000000000000311e-01	nan	1.839730021510981722e-02	2.310849450202863420e-02	1.760087215613891348e-03
nan	2.850000000000000000e+01	2.849999999999999756e-01	nan	2.013792752650627599e-02	2.117951985282848920e-02	1.633058546203471940e-03
nan	2.500000000000000000e+01	2.500000000000000000e-01	nan	2.134472987337383137e-02	2.098006494711791153e-02	1.735915434964801791e-03
nan	2.300000000000000000e+01	2.299999999999999822e-01	nan	2.661933104258259325e-02	2.142321135811853933e-02	1.592971093838531013e-03
nan	2.850000000000000000e+01	2.850000000000000311e-01	nan	2.387532076990634550e-02	2.106613300619434442e-02	1.601453070249757261e-03
nan	2.750000000000000000e+01	2.750000000000000222e-01	nan	2.626635396862026656e-02	2.209835442038489417e-02	1.493861072934385935e-03
nan	2.650000000000000000e+01	2.650000000000000133e-01	nan	2.356990128772587512e-02	1.892195690934696251e-02	1.716723057416275587e-03
nan	2.400000000000000000e+01	2.399999999999999911e-01	nan	2.323757163758141328e-02	1.617076064237776487e-02	1.611227799792597400e-03
nan	2.050000000000000000e+01	2.050000000000000155e-01	nan	2.538844592276174802e-02	1.502131409886021951e-02	1.840801643721229949e-03
nan	2.150000000000000000e+01	2.149999999999999967e-01	nan	2.615514726082495550e-02	1.966088220919116891e-02	1.552617901327988216e-03
nan	1.300000000000000000e+01	1.300000000000000044e-01	nan	2.611082349589722434e-02	2.387287671982793111e-02	1.532055971476502590e-03
nan	1.900000000000000000e+01	1.900000000000000022e-01	nan	3.444039496022029134e-02	2.079618881333188118e-02	1.659101890696653217e-03
nan	1.450000000000000000e+01	1.449999999999999900e-01	nan	2.293829959236206098e-02	1.649962151629124490e-02	1.491124470010396410e-03
nan	1.350000000000000000e+01	1.350000000000000089e-01	nan	3.332744674428802373e-02	1.773093908081961254e-02	1.371390150826908797e-03
nan	1.300000000000000000e+01	1.300000000000000044e-01	nan	4.073753483635587230e-02	1.583662956647535758e-02	1.611036586363696248e-03
nan	8.500000000000000000e+00	8.499999999999999223e-02	nan	3.152224207308997744e-02	1.851004366290844028e-02	1.580310502748158560e-03
nan	1.050000000000000000e+01	1.049999999999999961e-01	nan	3.778504965412191052e-02	1.770289563442954336e-02	1.856992823060805509e-03
nan	1.200000000000000000e+01	1.199999999999999956e-01	nan	4.924283473103949205e-02	1.497052562663583886e-02	1.696048519691290783e-03
nan	7.000000000000000000e+00	6.999999999999999278e-02	nan	4.198226074946294351e-02	1.605308766604743309e-02	1.331508793406315384e-03
nan	4.500000000000000000e+00	4.499999999999999833e-02	nan	2.868071238999373579e-02	1.822287245896708763e-02	1.463769508724241299e-03
nan	7.000000000000000000e+00	7.000000000000000666e-02	nan	3.019364954758064698e-02	2.221777122506564395e-02	1.018227024462658916e-03
nan	5.000000000000000000e+00	5.000000000000000278e-02	nan	2.775435973565837378e-02	1.252949390472276985e-02	1.472461523319723922e-03
