# SourcePhotonFlux	NumberRaysSurvived	PercentageRaysSurvived	PhotonFlux	Bandwidth	HorizontalFocusFWHM	VerticalFocusFWHM
nan	2.888333333333333144e+02	2.888333333333333308e-01	nan	1.582266049251046525e-03	5.037381845473293956e-02	2.515111948740854971e-03
nan	2.692500000000000000e+02	2.692499999999999893e-01	nan	2.171101405124886696e-03	3.823766893562267205e-02	2.604443719783045355e-03
nan	8.550000000000000000e+01	8.549999999999997879e-02	nan	3.575930498999818630e-03	4.045575558751615675e-02	2.148046333183635439e-03
nan	1.281666666666666572e+02	1.281666666666666510e-01	nan	2.907266895194974502e-03	2.874156460034959018e-02	2.088474426654017124e-03
nan	1.334166666666666572e+02	1.334166666666666556e-01	nan	4.374737287648144957e-03	2.331370687451478005e-02	2.271854107477121621e-03
nan	1.600833333333333428e+02	1.600833333333333275e-01	nan	5.116667599073328361e-03	2.512272354994702847e-02	2.418978444426010763e-03
nan	1.865833333333333428e+02	1.865833333333333233e-01	nan	5.950907232142792040e-03	2.207523584629178526e-02	2.181854896966697530e-03
nan	2.152500000000000000e+02	2.152500000000000524e-01	nan	6.895962647481231229e-03	2.275628800416765185e-02	2.696362959498554285e-03
nan	2.365000000000000000e+02	2.365000000000000158e-01	nan	7.697372619134057459e-03	1.982811165987505286e-02	2.483193389429325451e-03
nan	2.438333333333333428e+02	2.438333333333333464e-01	nan	9.139063364718444035e-03	1.988160546075671067e-02	2.674437129178954421e-03
nan	2.731666666666666856e+02	2.731666666666667243e-01	nan	9.710452648855985927e-03	1.906397498336192056e-02	2.690306715612379631e-03
nan	2.996666666666666856e+02	2.996666666666666368e-01	nan	1.044752764827686954e-02	2.002441443916754688e-02	2.682744402521194255e-03
nan	3.084166666666666856e+02	3.084166666666666168e-01	nan	1.058693268481647465e-02	1.969842729558845054e-02	2.636566094443694528e-03
nan	3.303333333333333144e+02	3.303333333333333677e-01	nan	1.184226943925636988e-02	2.135338485570967282e-02	2.723088125940938478e-03
nan	3.543333333333333144e+02	3.543333333333333335e-01	nan	1.312807996197307148e-02	1.873010788460565193e-02	2.714829308007365907e-03
nan	3.825833333333333144e+02	3.825833333333332753e-01	nan	1.437043777045232673e-02	1.823886812970852006e-02	2.780435256048171318e-03
nan	3.809166666666666856e+02	3.809166666666666257e-01	nan	1.621700567059747300e-02	1.863178540326849639e-02	2.663511691875538549e-03
nan	4.100000000000000000e+02	4.099999999999999201e-01	nan	1.585715007073910596e-02	1.688166072289240191e-02	2.685332014819165336e-03
nan	4.069166666666666856e+02	4.069166666666666488e-01	nan	1.794520461019525823e-02	1.857021112424105461e-02	2.692243989520148959e-03
nan	4.201666666666666856e+02	4.201666666666667438e-01	nan	1.832309644642767313e-02	1.936189180652624076e-02	2.753079295549124960e-03
nan	4.141666666666666856e+02	4.141666666666665719e-01	nan	2.020237145605581833e-02	1.800215030774592051e-02	2.742892437753728912e-03
nan	4.211666666666666856e+02	4.211666666666666892e-01	nan	2.151725589639378808e-02	1.844436145757830797e-02	2.723094853580122071e-03
nan	4.209166666666666856e+02	4.209166666666666612e-01	nan	2.197835964523164876e-02	1.716700862014884643e-02	2.706311376662000074e-03
nan	4.217500000000000000e+02	4.217500000000000138e-01	nan	2.356470511186141079e-02	1.624182168990166361e-02	2.747039873516078212e-03
nan	4.027500000000000000e+02	4.027499999999999969e-01	nan	2.329805035869488353e-02	1.684962986877298549e-02	2.716463422938735373e-03
nan	3.669166666666666856e+02	3.669166666666667243e-01	nan	2.771830576532844856e-02	1.619784647746046538e-02	2.826843351827965090e-03
nan	3.655833333333333144e+02	3.655833333333333157e-01	nan	2.697944269118579541e-02	1.597327824707273428e-02	2.737226468852901103e-03
nan	3.305000000000000000e+02	3.304999999999999605e-01	nan	2.512481597921123466e-02	1.761472711893442844e-02	2.497010586097129625e-03
nan	3.074166666666666856e+02	3.074166666666666714e-01	nan	2.739301329019857081e-02	1.564578429132836013e-02	2.724021104246609690e-03
nan	2.799166666666666856e+02	2.799166666666667580e-01	nan	2.965572843025180913e-02	1.568326442618968308e-02	2.674563640671326781e-03
nan	2.511666666666666572e+02	2.511666666666666492e-01	nan	3.197058750585787118e-02	1.550589944343720196e-02	2.662955217460983084e-03
nan	2.259166666666666572e+02	2.259166666666666823e-01	nan	3.221491596214794834e-02	1.553007654283667521e-02	2.436901760433573313e-03
nan	2.000000000000000000e+02	2.000000000000000389e-01	nan	3.181788198429558179e-02	1.466559082252408275e-02	2.624392948793106278e-03
nan	1.766666666666666572e+02	1.766666666666666663e-01	nan	3.476304599856424454e-02	1.453674856372054978e-02	2.504638337339202148e-03
nan	1.507500000000000000e+02	1.507500000000000229e-01	nan	3.134615022058066108e-02	1.408277432226390929e-02	2.478277927392642365e-03
nan	1.286666666666666572e+02	1.286666666666666792e-01	nan	3.300834885357062376e-02	1.471490262221269128e-02	2.550029763451765446e-03
nan	1.129166666666666714e+02	1.129166666666666791e-01	nan	3.100480655193008084e-02	1.393166037815982659e-02	2.485881342654589279e-03
nan	9.600000000000000000e+01	9.599999999999998812e-02	nan	4.277754598465265817e-02	1.874868318901859801e-02	2.069609069723566796e-03
nan	7.741666666666667140e+01	7.741666666666664753e-02	nan	4.700857501432057634e-02	1.889718781418321669e-02	1.961014955335193839e-03
nan	2.332500000000000000e+02	2.332499999999999851e-01	nan	1.474371821945652528e-03	4.549627546094747038e-02	2.015858353492669310e-03
nan	2.155000000000000000e+02	2.155000000000000249e-01	nan	2.341034458273346438e-03	3.811270933033024388e-02	2.073580722641429983e-03
nan	6.891666666666667140e+01	6.891666666666666774e-02	nan	3.627891482600094711e-03	3.903707249963903753e-02	1.684531123732758810e-03
nan	1.013333333333333286e+02	1.013333333333333308e-01	nan	3.848395412573365343e-03	3.106938423253454221e-02	1.828081042883091889e-03
nan	1.084166666666666714e+02	1.084166666666666473e-01	nan	4.687609842847310741e-03	2.846669050963761619e-02	1.987174020242829953e-03
nan	1.209166666666666714e+02	1.209166666666666862e-01	nan	4.904247349235086630e-03	2.474321308248491127e-02	1.794098507716865992e-03
nan	1.467500000000000000e+02	1.467499999999999638e-01	nan	5.955738018447694244e-03	2.471182498023647214e-02	2.141758222296987358e-03
nan	1.751666666666666572e+02	1.751666666666666650e-01	nan	5.913713012229020009e-03	2.183242851442121490e-02	2.034779882928575753e-03
nan	1.918333333333333428e+02	1.918333333333333002e-01	nan	7.949394209489923924e-03	2.140257266506942480e-02	2.184151988187487195e-03
nan	1.955000000000000000e+02	1.955000000000000349e-01	nan	8.296828560939198752e-03	1.754461507974173010e-02	1.981203039580767874e-03
nan	2.264166666666666572e+02	2.264166666666666827e-01	nan	9.717906669237663664e-03	1.998909899696981601e-02	2.146432773549474676e-03
nan	2.550833333333333428e+02	2.550833333333333841e-01	nan	1.049737907817416271e-02	2.064327627876648766e-02	2.159366028404690729e-03
nan	2.587500000000000000e+02	2.587499999999999800e-01	nan	1.163025551182765051e-02	2.193619060697014553e-02	2.139082441440261131e-03
nan	2.714166666666666856e+02	2.714166666666666949e-01	nan	1.279891213662646444e-02	1.982033527363629213e-02	2.070248095641340994e-03
nan	2.976666666666666856e+02	2.976666666666666350e-01	nan	1.239072634307566111e-02	1.823837545625292891e-02	2.283279702278152336e-03
nan	3.076666666666666856e+02	3.076666666666666994e-01	nan	1.345368587493567247e-02	1.942495032741401242e-02	2.224682817327913644e-03
nan	3.183333333333333144e+02	3.183333333333333570e-01	nan	1.465707100603215983e-02	1.868383207485764183e-02	2.302550132456007530e-03
nan	3.404166666666666856e+02	3.404166666666666452e-01	nan	1.635771054877939792e-02	1.620575281122325212e-02	2.274651343348830200e-03
nan	3.501666666666666856e+02	3.501666666666666816e-01	nan	1.731470188610728655e-02	1.890762499703679475e-02	2.289908956963672155e-03
nan	3.545000000000000000e+02	3.545000000000000373e-01	nan	1.683569886917742411e-02	1.700925683044694423e-02	2.217297164913837378e-03
nan	3.528333333333333144e+02	3.528333333333333321e-01	nan	1.714399731641454497e-02	1.855016679326805182e-02	2.283984295690700411e-03
nan	3.568333333333333144e+02	3.568333333333333357e-01	nan	2.013344244439470646e-02	1.610526150846739238e-02	2.253721886511214894e-03
nan	3.495000000000000000e+02	3.494999999999999774e-01	nan	2.139908914921306859e-02	1.527087668369111507e-02	2.162140054686650503e-03
nan	3.399166666666666856e+02	3.399166666666666448e-01	nan	2.127279714953071374e-02	1.697292767234976144e-02	2.252933848328146377e-03
nan	3.350000000000000000e+02	3.350000000000000200e-01	nan	1.838860472237987057e-02	1.598265670109937781e-02	2.191953085438612305e-03
nan	3.169166666666666856e+02	3.169166666666666798e-01	nan	2.250365012207566906e-02	1.716603426687951517e-02	2.254258627516583270e-03
nan	3.054166666666666856e+02	3.054166666666666141e-01	nan	2.525740359885730868e-02	1.529265431499263715e-02	2.100960146514463129e-03
nan	2.791666666666666856e+02	2.791666666666666186e-01	nan	2.259502772727728370e-02	1.496690584230456894e-02	2.158798923846294571e-03
nan	2.595833333333333144e+02	2.595833333333332771e-01	nan	2.616521621611885354e-02	1.747045786869689740e-02	2.180560355067545902e-03
nan	2.286666666666666572e+02	2.286666666666666570e-01	nan	2.462226048165424078e-02	1.646314871776554181e-02	1.997244749664279454e-03
nan	2.093333333333333428e+02	2.093333333333333435e-01	nan	2.667958448260302970e-02	1.661946439361566830e-02	1.895136638535563573e-03
nan	1.810833333333333428e+02	1.810833333333333461e-01	nan	2.840264496781704298e-02	1.626050107793941893e-02	1.975758977583673501e-03
nan	1.672500000000000000e+02	1.672500000000000098e-01	nan	3.227436422622531609e-02	1.652899249846459875e-02	2.121728179482514597e-03
nan	1.479166666666666572e+02	1.479166666666666408e-01	nan	2.819494050531072202e-02	1.544269677895935590e-02	2.058025995176884695e-03
nan	1.250000000000000000e+02	1.250000000000000278e-01	nan	2.693366662879270734e-02	1.635947675694921985e-02	1.866191656280170733e-03
nan	1.096666666666666714e+02	1.096666666666666762e-01	nan	3.090281493420765288e-02	1.500754841408348701e-02	1.879563000126559897e-03
nan	9.233333333333332860e+01	9.233333333333333670e-02	nan	4.023433594821199805e-02	1.660275415893684714e-02	1.703530638975848770e-03
nan	7.941666666666667140e+01	7.941666666666664931e-02	nan	4.335639837501110289e-02	1.874311020267725378e-02	1.729070491529884372e-03
nan	6.833333333333332860e+01	6.833333333333334314e-02	nan	4.401786922687851017e-02	1.945342162002991829e-02	1.667927151580133466e-03
nan	1.763333333333333428e+02	1.763333333333333142e-01	nan	1.356818976200694802e-03	4.270102708804609376e-02	1.633320276028584926e-03
nan	1.748333333333333428e+02	1.748333333333333128e-01	nan	2.381713910525699255e-03	3.811895248081404591e-02	1.611207559065851039e-03
nan	5.491666666666666430e+01	5.491666666666666918e-02	nan	3.357390510824201976e-03	4.192969684180185980e-02	1.366439235599604387e-03
nan	8.200000000000000000e+01	8.199999999999998956e-02	nan	4.594355048551908641e-03	3.601272177405032832e-02	1.384685764801506279e-03
nan	8.791666666666667140e+01	8.791666666666664298e-02	nan	5.371025257527522502e-03	3.395244226118752234e-02	1.434834856641854740e-03
nan	1.007500000000000000e+02	1.007499999999999923e-01	nan	5.672089005684059076e-03	2.884126997758251418e-02	1.475247688947093662e-03
nan	1.236666666666666714e+02	1.236666666666666609e-01	nan	6.139600256157488715e-03	2.404262521151788110e-02	1.657374515549127130e-03
nan	1.390833333333333428e+02	1.390833333333333366e-01	nan	5.771911414759263621e-03	2.079155019440327018e-02	1.481282201634803687e-03
nan	1.525833333333333428e+02	1.525833333333333208e-01	nan	8.032201973146394294e-03	2.259629589423939322e-02	1.610247898847416400e-03
nan	1.595833333333333428e+02	1.595833333333333548e-01	nan	7.382230128342825992e-03	1.934598529822435450e-02	1.714809597694001361e-03
nan	1.834166666666666572e+02	1.834166666666666445e-01	nan	8.330248177505458415e-03	2.024898263129867176e-02	1.720888766796333956e-03
nan	2.004166666666666572e+02	2.004166666666666596e-01	nan	9.599578116440929051e-03	2.091519092191889903e-02	1.639020050368821891e-03
nan	2.110833333333333428e+02	2.110833333333333728e-01	nan	9.901783296906311108e-03	1.900488814752806024e-02	1.716127455530568795e-03
nan	2.165000000000000000e+02	2.164999999999999980e-01	nan	1.080448641350055007e-02	1.789022004524157272e-02	1.695817947413233657e-03
nan	2.297500000000000000e+02	2.297500000000000098e-01	nan	1.173425268942196453e-02	1.633833185759655734e-02	1.697566576403226760e-03
nan	2.408333333333333428e+02	2.408333333333333159e-01	nan	1.387367060462452173e-02	1.623475059456572223e-02	1.725982533093436836e-03
nan	2.539166666666666572e+02	2.539166666666667349e-01	nan	1.543411183972883370e-02	2.049101612555224647e-02	1.693804109438288436e-03
nan	2.700833333333333144e+02	2.700833333333333974e-01	nan	1.441690346033889548e-02	1.905666026217102058e-02	1.679615223384577300e-03
nan	2.779166666666666856e+02	2.779166666666666452e-01	nan	1.530078490772742404e-02	1.535833901698231869e-02	1.694499330236890053e-03
nan	2.835833333333333144e+02	2.835833333333333539e-01	nan	1.740920098501419488e-02	1.924142278514670568e-02	1.759078093711712075e-03
nan	2.799166666666666856e+02	2.799166666666667025e-01	nan	1.734331673088718162e-02	1.639448246661765266e-02	1.684383294658046461e-03
nan	2.716666666666666856e+02	2.716666666666666674e-01	nan	1.862292136312741417e-02	1.768780572545554375e-02	1.795881887698264762e-03
nan	2.748333333333333144e+02	2.748333333333333184e-01	nan	1.753630491053096915e-02	1.791718545790806083e-02	1.688956916622700840e-03
nan	2.763333333333333144e+02	2.763333333333332642e-01	nan	2.074483033398640333e-02	1.500964213335955789e-02	1.731881453406551889e-03
nan	2.695000000000000000e+02	2.695000000000000173e-01	nan	2.114266105564865939e-02	1.739337109100493745e-02	1.783948560518402787e-03
nan	2.528333333333333428e+02	2.528333333333334099e-01	nan	2.076698083931205474e-02	1.678593889602829695e-02	1.737056433734712052e-03
nan	2.383333333333333428e+02	2.383333333333333692e-01	nan	2.155108560557058087e-02	1.727265239542045971e-02	1.761769119074480363e-03
nan	2.209166666666666572e+02	2.209166666666666501e-01	nan	2.081959455695899311e-02	1.540337998958723337e-02	1.734859762154356824e-03
nan	2.054166666666666572e+02	2.054166666666666918e-01	nan	2.257665952945823659e-02	1.715858429245797900e-02	1.663160515378958593e-03
nan	1.889166666666666572e+02	1.889166666666666494e-01	nan	2.179667392376434878e-02	1.532637480736714040e-02	1.582958747917823572e-03
nan	1.643333333333333428e+02	1.643333333333333035e-01	nan	2.386650015796476509e-02	1.344795329942634517e-02	1.638024727020538683e-03
nan	1.467500000000000000e+02	1.467500000000000193e-01	nan	2.551370964033594646e-02	1.339791385557810577e-02	1.613256295136142500e-03
nan	1.296666666666666572e+02	1.296666666666666801e-01	nan	2.869171839046202876e-02	1.260778526922090581e-02	1.540713949720801763e-03
nan	1.212500000000000000e+02	1.212500000000000105e-01	nan	3.035793820475873872e-02	1.373083465198720286e-02	1.806861227738816404e-03
nan	1.039166666666666714e+02	1.039166666666666572e-01	nan	3.522261607893942964e-02	1.575810469343783340e-02	1.430610522217294059e-03
nan	8.641666666666667140e+01	8.641666666666665553e-02	nan	3.839080022112848628e-02	1.891939831373612782e-02	1.370263044629426276e-03
nan	7.475000000000000000e+01	7.474999999999999700e-02	nan	3.803350204410690244e-02	1.859747666465213015e-02	1.378494428535505982e-03
nan	6.366666666666666430e+01	6.366666666666666308e-02	nan	3.896727742264343569e-02	1.820712649842263706e-02	1.361470486640466030e-03
nan	4.850000000000000000e+01	4.850000000000000838e-02	nan	4.294299139904389495e-02	1.843537058319830862e-02	1.332335525585885824e-03
