# SourcePhotonFlux	NumberRaysSurvived	PercentageRaysSurvived	PhotonFlux	Bandwidth	HorizontalFocusFWHM	VerticalFocusFWHM
nan	3.042500000000000000e+02	3.042500000000000204e-01	nan	9.182934422193866908e-04	6.095113993576402323e-02	1.038137971388218301e-03
nan	3.916250000000000000e+02	3.916249999999999454e-01	nan	1.420537783383579722e-03	4.871033381953096542e-02	1.067835449486750172e-03
nan	4.546250000000000000e+02	4.546249999999999458e-01	nan	1.979003863811001906e-03	5.171485143829016029e-02	1.047374501070047871e-03
nan	5.062500000000000000e+02	5.062499999999999778e-01	nan	2.442465278447158994e-03	5.036765551558193554e-02	1.065964158179293639e-03
nan	5.623750000000000000e+02	5.623750000000000693e-01	nan	3.238296552716235510e-03	4.992092443723469830e-02	1.065605411705479455e-03
nan	6.139375000000000000e+02	6.139375000000000249e-01	nan	3.897311098072009372e-03	4.760992289605169014e-02	1.064855998257867829e-03
nan	6.496250000000000000e+02	6.496250000000000080e-01	nan	4.329297508888885204e-03	4.605452851094352790e-02	1.077347228207553315e-03
nan	6.928125000000000000e+02	6.928125000000000533e-01	nan	5.316702546455331913e-03	4.758512697689253751e-02	1.067380055276624575e-03
nan	7.425625000000000000e+02	7.425625000000000142e-01	nan	5.650250217925645302e-03	4.686111341136827563e-02	1.067494329733658775e-03
nan	7.742500000000000000e+02	7.742499999999999938e-01	nan	6.763397225746814456e-03	5.078882131604177397e-02	1.072610003368389218e-03
nan	8.077500000000000000e+02	8.077499999999999680e-01	nan	6.676909093833671704e-03	4.603191394143767851e-02	1.069641594374467260e-03
nan	8.348125000000000000e+02	8.348124999999999574e-01	nan	8.098807675061436839e-03	4.557284114864320473e-02	1.087440164095408333e-03
nan	8.666250000000000000e+02	8.666249999999999787e-01	nan	9.134608050530346190e-03	4.628327419847459712e-02	1.072789226766100463e-03
nan	8.841875000000000000e+02	8.841874999999999041e-01	nan	1.018415217745172185e-02	4.727733486128757323e-02	1.077876383939477614e-03
nan	9.379375000000000000e+02	9.379374999999999796e-01	nan	1.087293569825931172e-02	4.556530092632629647e-02	1.067522924461892240e-03
nan	9.657500000000000000e+02	9.657499999999999973e-01	nan	1.161039286664333758e-02	4.286647148608374591e-02	1.091306712323406210e-03
nan	9.923125000000000000e+02	9.923124999999999307e-01	nan	1.254142753442266667e-02	4.444747923417237401e-02	1.072979147069002322e-03
nan	1.012187500000000000e+03	1.012187500000000018e+00	nan	1.488119965296874625e-02	4.228725332319476643e-02	1.078358094641232966e-03
nan	1.040250000000000000e+03	1.040250000000000119e+00	nan	1.428317451174621056e-02	4.539477878163631491e-02	1.070571720722780047e-03
nan	1.070375000000000000e+03	1.070375000000000076e+00	nan	1.557620884562993524e-02	4.289772477152482832e-02	1.063363973361461639e-03
nan	1.089125000000000000e+03	1.089124999999999899e+00	nan	1.669678784006123351e-02	4.442663831252477435e-02	1.079347303637656717e-03
nan	1.119125000000000000e+03	1.119124999999999925e+00	nan	1.784456750812069004e-02	4.760715723174126918e-02	1.081886491180215210e-03
nan	1.132562500000000000e+03	1.132562499999999917e+00	nan	1.794398234076766130e-02	4.308119770890923850e-02	1.085871577123997435e-03
nan	1.176812500000000000e+03	1.176812500000000039e+00	nan	1.880472894296758568e-02	4.323760605287896991e-02	1.091105516896078223e-03
nan	1.184250000000000000e+03	1.184250000000000025e+00	nan	2.051807434904162619e-02	4.332997543228749027e-02	1.074879390802736031e-03
nan	1.202437500000000000e+03	1.202437500000000048e+00	nan	2.225718805163978686e-02	4.605752006699902201e-02	1.063372063010662588e-03
nan	1.230750000000000000e+03	1.230750000000000011e+00	nan	2.348688717287927830e-02	4.833981621220245772e-02	1.076138019476313929e-03
nan	1.253562500000000000e+03	1.253562499999999913e+00	nan	2.295204810484108293e-02	4.642977960598403814e-02	1.067723213013478407e-03
nan	1.287250000000000000e+03	1.287249999999999783e+00	nan	2.562077009784502479e-02	4.337801886523130063e-02	1.076154737492166251e-03
nan	1.303250000000000000e+03	1.303250000000000020e+00	nan	2.619741640268102856e-02	4.497194942702278930e-02	1.069599009917101716e-03
nan	1.303437500000000000e+03	1.303437500000000027e+00	nan	2.772072871275099715e-02	4.495437333895347526e-02	1.081950474795368745e-03
nan	1.327437500000000000e+03	1.327437499999999826e+00	nan	2.822660460492443235e-02	4.410570914854121394e-02	1.071809677993504394e-03
nan	1.347750000000000000e+03	1.347750000000000004e+00	nan	3.016292784754170953e-02	4.575729927321506296e-02	1.083271391550548728e-03
nan	1.364687500000000000e+03	1.364687500000000053e+00	nan	3.166028359709116557e-02	4.459957515688998952e-02	1.081404124234023028e-03
nan	1.381187500000000000e+03	1.381187500000000012e+00	nan	3.191587813371654647e-02	4.252838609750396459e-02	1.100436631140631286e-03
nan	1.408625000000000000e+03	1.408625000000000016e+00	nan	3.446062983445585814e-02	4.172857374779008477e-02	1.101392970053117343e-03
nan	1.434562500000000000e+03	1.434562500000000185e+00	nan	3.525250234866916799e-02	4.463724534512675257e-02	1.092949203122291300e-03
nan	1.448000000000000000e+03	1.447999999999999954e+00	nan	3.760409926223928778e-02	4.486536488813720747e-02	1.100683318919827699e-03
nan	1.481062500000000000e+03	1.481062500000000171e+00	nan	3.644876516801787147e-02	4.617110596648797000e-02	1.081115982897356935e-03
nan	2.487500000000000000e+02	2.487500000000000266e-01	nan	8.575591151664951894e-04	5.853929132974479421e-02	8.368391673878015653e-04
nan	3.168750000000000000e+02	3.168749999999999623e-01	nan	1.338713773924027350e-03	5.157641232057014191e-02	8.653389051009659650e-04
nan	3.743125000000000000e+02	3.743125000000000480e-01	nan	1.934779320718504891e-03	4.996780510127114133e-02	8.782624371330243190e-04
nan	4.216875000000000000e+02	4.216874999999999929e-01	nan	2.318895417667832248e-03	4.840415627630292178e-02	8.740847501356435040e-04
nan	4.575000000000000000e+02	4.575000000000000178e-01	nan	3.251114286754841487e-03	4.540431963151803779e-02	8.848267336388386051e-04
nan	5.035000000000000000e+02	5.034999999999999476e-01	nan	3.887998983607587888e-03	4.645241104556389888e-02	8.802265378197624782e-04
nan	5.491250000000000000e+02	5.491249999999999742e-01	nan	4.481101076414972795e-03	4.812884830476078096e-02	8.961987127650765210e-04
nan	5.761875000000000000e+02	5.761874999999999636e-01	nan	5.034116096876317670e-03	4.571238314685067278e-02	8.890211168429692579e-04
nan	6.009375000000000000e+02	6.009375000000000133e-01	nan	6.010637525246664836e-03	4.844087106106688412e-02	9.064570172865418253e-04
nan	6.275625000000000000e+02	6.275625000000000231e-01	nan	6.370802385134766155e-03	4.586284518455193554e-02	8.980296866927087217e-04
nan	6.765000000000000000e+02	6.764999999999999902e-01	nan	7.192388004561678372e-03	4.666502063658220512e-02	8.879012873218745938e-04
nan	7.039375000000000000e+02	7.039375000000001048e-01	nan	8.087997593733575741e-03	4.585712479549240023e-02	8.836638638214093944e-04
nan	7.200625000000000000e+02	7.200624999999999387e-01	nan	8.836070241237337086e-03	4.776120622538863880e-02	8.917992318312431988e-04
nan	7.476875000000000000e+02	7.476875000000000604e-01	nan	9.726995322964171464e-03	4.441991189802214912e-02	8.941580002566682081e-04
nan	7.807500000000000000e+02	7.807499999999999440e-01	nan	1.011489273556520629e-02	4.416829828425700155e-02	9.040566109673628349e-04
nan	8.027500000000000000e+02	8.027499999999998526e-01	nan	1.139387015962967098e-02	4.561602556279222703e-02	8.861942534386091624e-04
nan	8.078750000000000000e+02	8.078749999999998987e-01	nan	1.167302318330598609e-02	4.388152343235210417e-02	8.944624574976162363e-04
nan	8.348750000000000000e+02	8.348750000000000338e-01	nan	1.254345321221705944e-02	4.604367657444745354e-02	8.900244939974285771e-04
nan	8.605000000000000000e+02	8.604999999999999316e-01	nan	1.456443762891979077e-02	4.463946908236537947e-02	8.978256175294519349e-04
nan	8.785625000000000000e+02	8.785624999999999130e-01	nan	1.557733557757501330e-02	4.242355132894780334e-02	9.007998997215561346e-04
nan	9.086875000000000000e+02	9.086874999999999813e-01	nan	1.604951101221274712e-02	4.265834085449855817e-02	8.865918827855146607e-04
nan	9.356250000000000000e+02	9.356249999999999289e-01	nan	1.795769351910792011e-02	4.732651590227057725e-02	8.890526992981408628e-04
nan	9.641250000000000000e+02	9.641250000000000098e-01	nan	1.810495051398675059e-02	4.373439041061990412e-02	8.968320912941796490e-04
nan	9.765625000000000000e+02	9.765625000000000000e-01	nan	1.945815492925362378e-02	4.610994159701437695e-02	8.884565428031863292e-04
nan	9.824375000000000000e+02	9.824375000000000746e-01	nan	2.027463130944795466e-02	4.234393604171408226e-02	9.027517947944291949e-04
nan	1.007375000000000000e+03	1.007375000000000131e+00	nan	1.993806617126381298e-02	4.420882670317247826e-02	8.915414285171566894e-04
nan	1.050687500000000000e+03	1.050687499999999996e+00	nan	2.276441240127269339e-02	4.342600398722126775e-02	9.013382732722378552e-04
nan	1.048187500000000000e+03	1.048187500000000050e+00	nan	2.291289467187596074e-02	4.404805259031491921e-02	8.925615484022262399e-04
nan	1.055312500000000000e+03	1.055312499999999876e+00	nan	2.307999054568199426e-02	4.426684734676977762e-02	9.134735285171866536e-04
nan	1.065125000000000000e+03	1.065124999999999877e+00	nan	2.544747610517106295e-02	4.351202072972665952e-02	8.926789274492676063e-04
nan	1.112250000000000000e+03	1.112249999999999961e+00	nan	2.739867363264636424e-02	4.265125223564576046e-02	9.018262422319477112e-04
nan	1.112375000000000000e+03	1.112374999999999892e+00	nan	2.768430013848899307e-02	4.624510234753780036e-02	8.989741485835671918e-04
nan	1.121562500000000000e+03	1.121562500000000018e+00	nan	2.919889337493941639e-02	4.296562809923851201e-02	9.074594065622716959e-04
nan	1.146187500000000000e+03	1.146187499999999915e+00	nan	3.038113795226138336e-02	4.422052904388012323e-02	8.857274163259771637e-04
nan	1.172687500000000000e+03	1.172687499999999883e+00	nan	2.926388981653360588e-02	4.488567668993049403e-02	8.909134254930994260e-04
nan	1.181875000000000000e+03	1.181875000000000009e+00	nan	3.356104553144234615e-02	4.327218986659118333e-02	8.888228054548298358e-04
nan	1.203937500000000000e+03	1.203937499999999883e+00	nan	3.561224396474926834e-02	4.544890465176029681e-02	9.124946634348767190e-04
nan	1.202125000000000000e+03	1.202125000000000110e+00	nan	3.455600987288676151e-02	4.426397916443021441e-02	9.015822697965985297e-04
nan	1.214875000000000000e+03	1.214874999999999927e+00	nan	3.518601376740093656e-02	4.490894469567916630e-02	9.069987060071254886e-04
nan	1.978750000000000000e+02	1.978749999999999953e-01	nan	9.038020490796938589e-04	5.814256574577474079e-02	6.376375237224680970e-04
nan	2.425625000000000000e+02	2.425624999999999865e-01	nan	1.409312524927486265e-03	5.399037218895606782e-02	6.708703883360565140e-04
nan	2.928125000000000000e+02	2.928125000000000311e-01	nan	1.694683254577000753e-03	5.258949026628572526e-02	6.856718313451807406e-04
nan	3.338125000000000000e+02	3.338125000000000120e-01	nan	2.415568276665780445e-03	4.799796814058438638e-02	6.912661343968320472e-04
nan	3.669375000000000000e+02	3.669375000000000275e-01	nan	3.103106814840828065e-03	5.041791687408017641e-02	7.034430696217104087e-04
nan	4.041250000000000000e+02	4.041250000000000120e-01	nan	3.958125825459291036e-03	5.078633067654662880e-02	7.033265600898605530e-04
nan	4.300000000000000000e+02	4.299999999999999933e-01	nan	4.400797089626706793e-03	4.928881371001901657e-02	7.046393268125483375e-04
nan	4.579375000000000000e+02	4.579374999999999418e-01	nan	4.815887644557648173e-03	4.977244679669040606e-02	6.983435822149493526e-04
nan	4.766875000000000000e+02	4.766874999999999307e-01	nan	5.237725947768723245e-03	4.844428367486309367e-02	7.172922308799974285e-04
nan	5.085000000000000000e+02	5.084999999999999520e-01	nan	6.583517434194163798e-03	4.589188410785471905e-02	7.022253016154981001e-04
nan	5.357500000000000000e+02	5.357499999999999485e-01	nan	6.893803463057679437e-03	5.055146993467800332e-02	7.175696349372310883e-04
nan	5.542500000000000000e+02	5.542500000000000204e-01	nan	8.093115868220479570e-03	4.707947915263595989e-02	7.038212782783795970e-04
nan	5.751875000000000000e+02	5.751874999999999627e-01	nan	8.522263732203327891e-03	4.542807675124081040e-02	7.106183416070959010e-04
nan	6.088125000000000000e+02	6.088124999999999787e-01	nan	9.527733212770783666e-03	4.366495779678217920e-02	7.197085494214771739e-04
nan	6.245000000000000000e+02	6.244999999999999440e-01	nan	9.861783867954443394e-03	4.571074980185383524e-02	7.203695450916296032e-04
nan	6.416875000000000000e+02	6.416874999999999662e-01	nan	1.055627869448727552e-02	4.344543654984273084e-02	7.182421406862994281e-04
nan	6.565625000000000000e+02	6.565625000000000488e-01	nan	1.113813835451082923e-02	4.346205790096221988e-02	7.074896146214773585e-04
nan	6.915625000000000000e+02	6.915624999999999689e-01	nan	1.306169256258726818e-02	4.251195060154031036e-02	7.057659655856095325e-04
nan	6.928750000000000000e+02	6.928750000000000187e-01	nan	1.324219455847241989e-02	4.571826929955263852e-02	7.055657521309326337e-04
nan	7.132500000000000000e+02	7.132500000000000506e-01	nan	1.433511172952250945e-02	4.546855795237530334e-02	7.257385254573412358e-04
nan	7.268750000000000000e+02	7.268749999999999378e-01	nan	1.518551136727808171e-02	4.508162358340075948e-02	7.164045433942454197e-04
nan	7.511875000000000000e+02	7.511875000000000080e-01	nan	1.709582598648751173e-02	4.573372516268887911e-02	7.183777152198669164e-04
nan	7.651250000000000000e+02	7.651250000000000551e-01	nan	1.720828695100351524e-02	4.466211025552555003e-02	7.126025461363541362e-04
nan	7.722500000000000000e+02	7.722499999999999920e-01	nan	1.822508041978210258e-02	4.510034180782146462e-02	7.185597724789791283e-04
nan	8.021250000000000000e+02	8.021249999999999769e-01	nan	1.831310638333150109e-02	4.357348028522801259e-02	7.189529607993672827e-04
nan	7.988750000000000000e+02	7.988750000000000018e-01	nan	2.019064572178308481e-02	4.504473102777267757e-02	7.240066486599026126e-04
nan	8.285625000000000000e+02	8.285624999999999796e-01	nan	2.060337354249952568e-02	4.335477461487381723e-02	7.129882041943730103e-04
nan	8.295000000000000000e+02	8.295000000000000151e-01	nan	2.254711237020501358e-02	4.491109522194844383e-02	7.089795121408063155e-04
nan	8.483750000000000000e+02	8.483749999999999902e-01	nan	2.387242386484444978e-02	4.395439340400850853e-02	7.249057754935577967e-04
nan	8.612500000000000000e+02	8.612499999999999600e-01	nan	2.635171356401144749e-02	4.412219047036607111e-02	7.200225271768262393e-04
nan	8.601250000000000000e+02	8.601250000000000284e-01	nan	2.444283708732086779e-02	4.649299336372892527e-02	7.110552685617238999e-04
nan	8.858125000000000000e+02	8.858124999999998916e-01	nan	2.708957174269244206e-02	4.621290660450924626e-02	7.255023021787039821e-04
nan	9.055000000000000000e+02	9.054999999999999716e-01	nan	2.683702136519627857e-02	4.752618903757865887e-02	7.213266876940967621e-04
nan	9.150000000000000000e+02	9.149999999999999245e-01	nan	2.836670989761103101e-02	4.115781064831307290e-02	7.216098460915937145e-04
nan	9.197500000000000000e+02	9.197500000000000675e-01	nan	2.919455201617893181e-02	4.688556194695236989e-02	7.118941001846568195e-04
nan	9.466875000000000000e+02	9.466874999999999041e-01	nan	3.048903623565024645e-02	4.434670657598815957e-02	7.174692773413459453e-04
nan	9.663750000000000000e+02	9.663749999999999840e-01	nan	3.286544028384241756e-02	4.483293240787691175e-02	7.159841841487466201e-04
nan	9.665000000000000000e+02	9.665000000000000258e-01	nan	3.201829521830745762e-02	4.303111924815597455e-02	7.370625304068160414e-04
nan	9.866250000000000000e+02	9.866250000000000853e-01	nan	3.277162148287970922e-02	4.269409949865168863e-02	7.175948858836698075e-04
nan	1.528750000000000000e+02	1.528749999999999831e-01	nan	8.059406371385691159e-04	5.760822939113220686e-02	5.549781390822416255e-04
nan	2.076875000000000000e+02	2.076874999999999971e-01	nan	1.356875235819288150e-03	5.348833334467776451e-02	5.631236827768956862e-04
nan	2.385000000000000000e+02	2.384999999999999898e-01	nan	1.790293027465139630e-03	5.218359668634119097e-02	5.727533824570064502e-04
nan	2.735625000000000000e+02	2.735624999999999862e-01	nan	2.463785097349457942e-03	5.438401921622994933e-02	5.818675866224095206e-04
nan	3.020000000000000000e+02	3.019999999999999907e-01	nan	2.762291137443639855e-03	5.083334979619705263e-02	5.820470781233559078e-04
nan	3.373750000000000000e+02	3.373749999999999805e-01	nan	3.728368387275082796e-03	5.017457884096643284e-02	5.821895975678548912e-04
nan	3.557500000000000000e+02	3.557500000000000107e-01	nan	4.554332044154563164e-03	4.977958439285792847e-02	5.860567798122142064e-04
nan	3.795000000000000000e+02	3.795000000000000040e-01	nan	4.822266426828036856e-03	4.518365361244067874e-02	5.928497661957050826e-04
nan	3.968125000000000000e+02	3.968125000000000124e-01	nan	5.805447569382948814e-03	4.843342993691582277e-02	5.875175177445575870e-04
nan	4.267500000000000000e+02	4.267500000000000182e-01	nan	6.054775139062940070e-03	4.412878005127323505e-02	5.914935174549921680e-04
nan	4.406875000000000000e+02	4.406875000000000098e-01	nan	7.373183851882458839e-03	4.780682383360207455e-02	5.883257475752638483e-04
nan	4.649375000000000000e+02	4.649375000000000591e-01	nan	7.710759636346153911e-03	4.525271982285652972e-02	5.825014258382134585e-04
nan	4.855625000000000000e+02	4.855625000000000080e-01	nan	8.754263579454857336e-03	4.610725589512392614e-02	5.961230158015218186e-04
nan	5.037500000000000000e+02	5.037500000000000311e-01	nan	9.410496803745616035e-03	4.300659641914374165e-02	5.959991016633777458e-04
nan	5.213750000000000000e+02	5.213750000000001439e-01	nan	9.761218462976728460e-03	4.587962246433224811e-02	5.915386431731754855e-04
nan	5.192500000000000000e+02	5.192499999999999893e-01	nan	1.152459794683124983e-02	4.923709894605820397e-02	6.021753187487976881e-04
nan	5.496250000000000000e+02	5.496250000000000302e-01	nan	1.227999307955229824e-02	4.686548792261678587e-02	5.896395798162628026e-04
nan	5.635000000000000000e+02	5.635000000000000009e-01	nan	1.265818617462599605e-02	4.794077999734257245e-02	5.933339689528148268e-04
nan	5.790625000000000000e+02	5.790625000000000355e-01	nan	1.358146731382703365e-02	4.410709073736856362e-02	5.976660453330434782e-04
nan	5.970625000000000000e+02	5.970625000000000515e-01	nan	1.400916020345732704e-02	4.111375925167277956e-02	6.018591504702111052e-04
nan	5.998750000000000000e+02	5.998750000000000471e-01	nan	1.450745216719440123e-02	4.466046650859671618e-02	5.980841262018280965e-04
nan	6.177500000000000000e+02	6.177500000000000213e-01	nan	1.530774029909309775e-02	4.597533734938875905e-02	5.861728592849925912e-04
nan	6.372500000000000000e+02	6.372499999999999831e-01	nan	1.630614546643016638e-02	4.535706499122178770e-02	5.964293411435139282e-04
nan	6.572500000000000000e+02	6.572500000000000009e-01	nan	1.795740458946681883e-02	4.661267246085727678e-02	6.001908092583530495e-04
nan	6.518750000000000000e+02	6.518750000000000933e-01	nan	1.980320945007463251e-02	4.697756411179386526e-02	5.929509501705310884e-04
nan	6.671875000000000000e+02	6.671874999999999334e-01	nan	2.084009041766421433e-02	4.167688493849670828e-02	5.961341218784701069e-04
nan	6.811250000000000000e+02	6.811249999999999805e-01	nan	2.075112637000131599e-02	4.218154793529888674e-02	5.940863294498610180e-04
nan	6.971875000000000000e+02	6.971875000000000711e-01	nan	2.303396392979095708e-02	4.564950513128301912e-02	5.946150748937991141e-04
nan	7.088750000000000000e+02	7.088749999999999218e-01	nan	2.382217353382998226e-02	4.194007820153759780e-02	6.077109936465838712e-04
nan	7.253125000000000000e+02	7.253125000000000266e-01	nan	2.431149430515233689e-02	4.318261959695927910e-02	5.923282109043901279e-04
nan	7.395625000000000000e+02	7.395625000000000115e-01	nan	2.557642863446574211e-02	4.226862941230508097e-02	6.049896948529629327e-04
nan	7.436875000000000000e+02	7.436875000000000568e-01	nan	2.723051377735430378e-02	4.503497150635350776e-02	5.922025952146643462e-04
nan	7.488125000000000000e+02	7.488124999999999920e-01	nan	2.562273148953408963e-02	4.678010547175565081e-02	5.948070572254381865e-04
nan	7.725000000000000000e+02	7.724999999999999645e-01	nan	2.700143769754959067e-02	4.326272389765385695e-02	6.020913391895582958e-04
nan	7.842500000000000000e+02	7.842500000000000027e-01	nan	2.952529148474525300e-02	4.500062935452871227e-02	5.993088560513564313e-04
nan	7.888750000000000000e+02	7.888749999999999929e-01	nan	2.702121291035552986e-02	4.595976022560287894e-02	5.906589014701868912e-04
nan	7.878750000000000000e+02	7.878749999999998810e-01	nan	3.203902771552691320e-02	4.493094586722478495e-02	5.985682637148590380e-04
nan	8.088750000000000000e+02	8.088750000000000107e-01	nan	3.251797426622715648e-02	4.536584767070269558e-02	5.949742380124393602e-04
nan	8.157500000000000000e+02	8.157499999999999751e-01	nan	3.369704686349450640e-02	4.487467358875012885e-02	5.949133509246815402e-04
nan	1.228125000000000000e+02	1.228124999999999911e-01	nan	9.198751767032220528e-04	5.547954687939461033e-02	4.273946502400870293e-04
nan	1.606250000000000000e+02	1.606250000000000178e-01	nan	1.240773049561383345e-03	5.218790146356301618e-02	4.457812056123653700e-04
nan	1.951875000000000000e+02	1.951875000000000138e-01	nan	1.900314768072064453e-03	5.084768400162151258e-02	4.471960185852351497e-04
nan	2.181250000000000000e+02	2.181250000000000133e-01	nan	2.371209952844566260e-03	4.642029373233613060e-02	4.531974828745842488e-04
nan	2.485625000000000000e+02	2.485625000000000195e-01	nan	2.581396948304615080e-03	5.088144395289322802e-02	4.546842651860887041e-04
nan	2.593125000000000000e+02	2.593125000000000013e-01	nan	3.548512468192654978e-03	4.648541886222498642e-02	4.596411766386234864e-04
nan	2.885000000000000000e+02	2.884999999999999787e-01	nan	4.180371087684875420e-03	4.583773576079705481e-02	4.634100415797309065e-04
nan	3.013125000000000000e+02	3.013125000000000386e-01	nan	4.438385205396855326e-03	4.461003487924230376e-02	4.601591605934187952e-04
nan	3.185625000000000000e+02	3.185625000000000262e-01	nan	5.592142968172453266e-03	4.685751513486760556e-02	4.672358048931045133e-04
nan	3.430625000000000000e+02	3.430624999999999369e-01	nan	5.981305789894975078e-03	4.787742433878330872e-02	4.719190165188267313e-04
nan	3.578750000000000000e+02	3.578750000000000542e-01	nan	6.450946647824196134e-03	4.284137864481160629e-02	4.733235972234692409e-04
nan	3.669375000000000000e+02	3.669375000000000275e-01	nan	7.896450835154666947e-03	4.466984462505024095e-02	4.666270915979588217e-04
nan	3.819375000000000000e+02	3.819374999999999298e-01	nan	8.452205986870353627e-03	4.397657653958492174e-02	4.676652103120068800e-04
nan	3.960625000000000000e+02	3.960624999999999840e-01	nan	9.079608456751486756e-03	3.994331370919437796e-02	4.656894702610518124e-04
nan	4.068125000000000000e+02	4.068125000000000213e-01	nan	9.985010463161358985e-03	4.587796820524861485e-02	4.679857120944541215e-04
nan	4.216250000000000000e+02	4.216249999999999720e-01	nan	9.966970444878597846e-03	4.477332404739460536e-02	4.697994462120180922e-04
nan	4.386250000000000000e+02	4.386249999999999871e-01	nan	1.269684074521393313e-02	4.245605843701984183e-02	4.706542554358002619e-04
nan	4.506875000000000000e+02	4.506875000000000187e-01	nan	1.219056736194090718e-02	3.824082760048087143e-02	4.708346968129627978e-04
nan	4.704375000000000000e+02	4.704374999999999529e-01	nan	1.347940780930656501e-02	4.394188152857772534e-02	4.696437056990215744e-04
nan	4.689375000000000000e+02	4.689375000000000071e-01	nan	1.398512913134197788e-02	4.243604230332519156e-02	4.623124955351637258e-04
nan	4.801250000000000000e+02	4.801249999999999685e-01	nan	1.478500096203561043e-02	4.453467071546929335e-02	4.788061515775641629e-04
nan	4.956250000000000000e+02	4.956249999999999822e-01	nan	1.532857624805217256e-02	4.564262734569014129e-02	4.820447048145293798e-04
nan	5.110625000000000000e+02	5.110624999999999751e-01	nan	1.732035443974666578e-02	4.292897319700957753e-02	4.751564265053928680e-04
nan	5.114375000000000000e+02	5.114374999999999893e-01	nan	1.784323815230948185e-02	4.525433360859367621e-02	4.833141404790007069e-04
nan	5.366250000000000000e+02	5.366250000000000187e-01	nan	1.890801706967693008e-02	4.578314243766255787e-02	4.781595187856878303e-04
nan	5.266250000000000000e+02	5.266250000000000098e-01	nan	1.898645069817916919e-02	4.315344370806398211e-02	4.875703874325798288e-04
nan	5.494375000000000000e+02	5.494375000000000231e-01	nan	2.126855555223983174e-02	4.320659911342393522e-02	4.720155352282352670e-04
nan	5.570625000000000000e+02	5.570625000000000160e-01	nan	2.013071402561195100e-02	4.485748111713022679e-02	4.858620682178835899e-04
nan	5.716875000000000000e+02	5.716875000000000151e-01	nan	2.234766647306685172e-02	4.603834026113282074e-02	4.760466927830808367e-04
nan	5.818125000000000000e+02	5.818124999999999547e-01	nan	2.375540981846313571e-02	4.737257996974442165e-02	4.810884763105177870e-04
nan	5.880625000000000000e+02	5.880625000000000435e-01	nan	2.250986081089934032e-02	4.145877899418590196e-02	4.703059026676913168e-04
nan	6.026250000000000000e+02	6.026249999999999662e-01	nan	2.735018912858322437e-02	4.451985707264987518e-02	4.736630424675938216e-04
nan	5.916250000000000000e+02	5.916249999999999565e-01	nan	2.675049932406636799e-02	4.371697683063190815e-02	4.688345888100686862e-04
nan	6.087500000000000000e+02	6.087500000000000133e-01	nan	2.798650072784880649e-02	4.358046635947519787e-02	4.814287060579565663e-04
nan	6.373750000000000000e+02	6.373749999999999138e-01	nan	3.052696020513678832e-02	4.562551460775774587e-02	4.818886746117924044e-04
nan	6.341875000000000000e+02	6.341875000000000151e-01	nan	2.871989680112108090e-02	4.144551936555911087e-02	4.783867547964940482e-04
nan	6.417500000000000000e+02	6.417500000000000426e-01	nan	3.203774702758721560e-02	4.377712600561609047e-02	4.723058466875210506e-04
nan	6.435000000000000000e+02	6.435000000000000719e-01	nan	3.177590556504128472e-02	4.357101578357872734e-02	4.690032642748426326e-04
nan	6.461875000000000000e+02	6.461874999999999147e-01	nan	3.332601340251528654e-02	4.248558484289112480e-02	4.780865226684236947e-04
nan	7.506250000000000000e+01	7.506249999999999034e-02	nan	9.348858306790219785e-04	5.309166197360619399e-02	3.136565919985178546e-04
nan	1.128750000000000000e+02	1.128750000000000031e-01	nan	1.380470708072678576e-03	5.101569332804945650e-02	3.097109576097748841e-04
nan	1.421875000000000000e+02	1.421874999999999944e-01	nan	2.080007930825189533e-03	5.494900015104718649e-02	3.176924460240603031e-04
nan	1.567500000000000000e+02	1.567500000000000004e-01	nan	2.345851549160116178e-03	5.185499054783115902e-02	3.280137103688000161e-04
nan	1.749375000000000000e+02	1.749374999999999958e-01	nan	2.980419759428087900e-03	4.481875238470318240e-02	3.343611734666944381e-04
nan	1.928125000000000000e+02	1.928124999999999978e-01	nan	3.284157934746900764e-03	4.345481970560145790e-02	3.364056311550923982e-04
nan	2.086875000000000000e+02	2.086875000000000258e-01	nan	4.141582444585623080e-03	5.050860863243604448e-02	3.430743543208575547e-04
nan	2.238750000000000000e+02	2.238750000000000184e-01	nan	4.439269530099210215e-03	4.544083484788116745e-02	3.302161800793526180e-04
nan	2.392500000000000000e+02	2.392500000000000182e-01	nan	4.975165750298771172e-03	4.943479216614695554e-02	3.545572603318294718e-04
nan	2.353750000000000000e+02	2.353750000000000009e-01	nan	6.373186515894246895e-03	4.317893013986408290e-02	3.485984352825386768e-04
nan	2.638125000000000000e+02	2.638125000000000053e-01	nan	6.710466123443836750e-03	4.431825797828612551e-02	3.505791243835428049e-04
nan	2.759375000000000000e+02	2.759375000000000022e-01	nan	7.511592302769543039e-03	4.402779060643131903e-02	3.544040988608443735e-04
nan	2.871250000000000000e+02	2.871249999999999636e-01	nan	7.854281329656487287e-03	4.495018084384692220e-02	3.566103552793876584e-04
nan	2.999375000000000000e+02	2.999375000000000235e-01	nan	8.647431160490270940e-03	3.746945142923454458e-02	3.589851430648230424e-04
nan	3.035000000000000000e+02	3.034999999999999920e-01	nan	1.006183646867242487e-02	4.529276992113674682e-02	3.527650862909736625e-04
nan	3.091250000000000000e+02	3.091249999999999831e-01	nan	9.410720808240569113e-03	4.447738076079191250e-02	3.616210369988386302e-04
nan	3.235000000000000000e+02	3.235000000000000098e-01	nan	1.047083951399230273e-02	4.270862907034931460e-02	3.480767579234013464e-04
nan	3.341875000000000000e+02	3.341874999999999707e-01	nan	1.162199089082349701e-02	4.402676405043775415e-02	3.575249491337520761e-04
nan	3.413125000000000000e+02	3.413125000000000187e-01	nan	1.361743102582124720e-02	4.324445360336176547e-02	3.514580951840666511e-04
nan	3.527500000000000000e+02	3.527500000000000080e-01	nan	1.275207517919341171e-02	4.100892246151341403e-02	3.514548716489497007e-04
nan	3.658125000000000000e+02	3.658124999999999849e-01	nan	1.443962183358848961e-02	4.052254140848026570e-02	3.551571528939165365e-04
nan	3.720000000000000000e+02	3.719999999999999973e-01	nan	1.403548961532408157e-02	4.400134193845148950e-02	3.604488474137745434e-04
nan	3.773750000000000000e+02	3.773750000000000160e-01	nan	1.583542722529784896e-02	3.741686273951271707e-02	3.577458315212185503e-04
nan	3.913125000000000000e+02	3.913125000000000075e-01	nan	1.656853251591883236e-02	4.128568650223004427e-02	3.505917014347344923e-04
nan	3.951250000000000000e+02	3.951250000000000040e-01	nan	1.783766249222651368e-02	4.512964548847053087e-02	3.515184386150958405e-04
nan	4.083750000000000000e+02	4.083749999999999880e-01	nan	1.838869632911155350e-02	4.367265195413454204e-02	3.547620873226460785e-04
nan	4.086250000000000000e+02	4.086250000000000160e-01	nan	1.995822529408997070e-02	4.539058045208357872e-02	3.501952857546421476e-04
nan	4.078750000000000000e+02	4.078749999999999876e-01	nan	2.041500765338355450e-02	4.274112302272413400e-02	3.527270194167495118e-04
nan	4.296875000000000000e+02	4.296875000000000000e-01	nan	2.438235140117228639e-02	4.250979186558219436e-02	3.580011492313054169e-04
nan	4.336875000000000000e+02	4.336875000000000036e-01	nan	2.315500687298310822e-02	4.276976768198691159e-02	3.528230513129416816e-04
nan	4.396875000000000000e+02	4.396875000000000089e-01	nan	2.502873713342523843e-02	3.958653350217648109e-02	3.483110767078935292e-04
nan	4.500625000000000000e+02	4.500625000000000320e-01	nan	2.533285637426274661e-02	4.548935347306008042e-02	3.501031371690523672e-04
nan	4.495625000000000000e+02	4.495624999999999760e-01	nan	2.467653638856859288e-02	4.187609304588354314e-02	3.559622263492364779e-04
nan	4.646875000000000000e+02	4.646875000000000311e-01	nan	2.759245547535726928e-02	4.299360716106208347e-02	3.545371866308654764e-04
nan	4.618750000000000000e+02	4.618749999999999800e-01	nan	2.731924742879243695e-02	4.397463306178846232e-02	3.583080767564951474e-04
nan	4.652500000000000000e+02	4.652499999999999414e-01	nan	2.920109160258732572e-02	3.925132380590513892e-02	3.521954692065283653e-04
nan	4.788750000000000000e+02	4.788749999999999396e-01	nan	3.078941751017794104e-02	4.347953226153247752e-02	3.598041411957485333e-04
nan	4.920000000000000000e+02	4.919999999999999929e-01	nan	3.212893357726898103e-02	3.979676189723589663e-02	3.549976101580249789e-04
nan	4.876875000000000000e+02	4.876874999999999405e-01	nan	3.544265818709391169e-02	4.421290455103210615e-02	3.525219935027403169e-04
