# SourcePhotonFlux	NumberRaysSurvived	PercentageRaysSurvived	PhotonFlux	Bandwidth	HorizontalFocusFWHM	VerticalFocusFWHM
nan	7.820000000000000000e+02	7.820000000000000284e-01	nan	1.958113737416056210e-03	4.977401638288005137e-02	4.071672968893977340e-03
nan	1.018250000000000000e+03	1.018249999999999877e+00	nan	3.430938271172578879e-03	3.995680481024942166e-02	4.154060576604137918e-03
nan	1.176000000000000000e+03	1.176000000000000156e+00	nan	4.075623755660728875e-03	3.797763400915209892e-02	4.240203583001548628e-03
nan	1.362000000000000000e+03	1.362000000000000099e+00	nan	5.306937321826410425e-03	3.612910987909051519e-02	4.195204080691302718e-03
nan	1.469250000000000000e+03	1.469250000000000167e+00	nan	6.409970028371958506e-03	2.938636282813195458e-02	4.177703579339584611e-03
nan	1.645500000000000000e+03	1.645500000000000185e+00	nan	8.042102242001192280e-03	3.005737944740883433e-02	4.298497972055458777e-03
nan	1.718500000000000000e+03	1.718499999999999917e+00	nan	8.825882129485762562e-03	2.662307619212509607e-02	4.238029187203644008e-03
nan	1.882500000000000000e+03	1.882499999999999840e+00	nan	1.039294737699947291e-02	2.678187725641389266e-02	4.224744100777601437e-03
nan	1.912750000000000000e+03	1.912749999999999950e+00	nan	1.164643528390740812e-02	2.690676001880581980e-02	4.255298091586395826e-03
nan	2.033250000000000000e+03	2.033249999999999780e+00	nan	1.355661963984289287e-02	2.507170003926119384e-02	4.278305476264404258e-03
nan	2.112000000000000000e+03	2.112000000000000099e+00	nan	1.421779584592286483e-02	2.428964518943277362e-02	4.194697091883374876e-03
nan	2.228500000000000000e+03	2.228499999999999925e+00	nan	1.582492281735881079e-02	2.190245367283528283e-02	4.273622339381508498e-03
nan	2.255500000000000000e+03	2.255499999999999616e+00	nan	1.871076901667834136e-02	2.176260934791780441e-02	4.245776067151493284e-03
nan	2.386500000000000000e+03	2.386499999999999844e+00	nan	1.942243943500443493e-02	2.367014710367102565e-02	4.247451283250229005e-03
nan	2.450000000000000000e+03	2.449999999999999734e+00	nan	2.126892634097998780e-02	2.273532073086664135e-02	4.250205805187076691e-03
nan	2.507250000000000000e+03	2.507249999999999979e+00	nan	2.210608212499209912e-02	2.267204621201301257e-02	4.280288240649274961e-03
nan	2.615750000000000000e+03	2.615750000000000242e+00	nan	2.502476640162853982e-02	1.950368185831795331e-02	4.298613260786589979e-03
nan	2.680000000000000000e+03	2.679999999999999716e+00	nan	2.627452322190038103e-02	2.077025830791130387e-02	4.293485684131901833e-03
nan	2.771500000000000000e+03	2.771500000000000075e+00	nan	2.835189075000243975e-02	2.117369766174793597e-02	4.273603539608645044e-03
nan	2.771500000000000000e+03	2.771499999999999631e+00	nan	2.790244671581376679e-02	1.965468977182854154e-02	4.215864544982835492e-03
nan	2.835750000000000000e+03	2.835749999999999993e+00	nan	3.188855906387288996e-02	1.884825773120653997e-02	4.329370581125410733e-03
nan	2.932250000000000000e+03	2.932250000000000245e+00	nan	3.370209628121756396e-02	1.933417000735465630e-02	4.265519737465837263e-03
nan	3.046750000000000000e+03	3.046749999999999403e+00	nan	3.489079816881712759e-02	1.896914078947354448e-02	4.399391101233170176e-03
nan	3.035000000000000000e+03	3.035000000000000142e+00	nan	3.745864393380315960e-02	1.896537967902344607e-02	4.285337289420015905e-03
nan	3.084000000000000000e+03	3.083999999999999631e+00	nan	3.846013652082547196e-02	1.861003862643047235e-02	4.250520575141511492e-03
nan	3.203750000000000000e+03	3.203749999999999876e+00	nan	4.478347315688324670e-02	1.907134012377389998e-02	4.322828198047641568e-03
nan	3.247250000000000000e+03	3.247250000000000192e+00	nan	4.306271659481808456e-02	1.842816685726403683e-02	4.305741572065778511e-03
nan	3.322000000000000000e+03	3.322000000000000064e+00	nan	4.161982565273092405e-02	1.848652629282019483e-02	4.380064012447307427e-03
nan	3.373750000000000000e+03	3.373749999999999361e+00	nan	4.691865901395431138e-02	1.847130795204859205e-02	4.365582940246872344e-03
nan	3.442750000000000000e+03	3.442749999999999755e+00	nan	5.043260375714453403e-02	1.816420831616992471e-02	4.375877396801043651e-03
nan	3.487750000000000000e+03	3.487750000000000128e+00	nan	5.287355166291263231e-02	1.727389325424582428e-02	4.356395339713443893e-03
nan	3.513000000000000000e+03	3.512999999999999901e+00	nan	5.310423843974376723e-02	1.731630080099777480e-02	4.339766669534077595e-03
nan	3.563250000000000000e+03	3.563250000000000028e+00	nan	5.860827781998523278e-02	1.709906189801796428e-02	4.358112640065359145e-03
nan	3.611500000000000000e+03	3.611499999999999932e+00	nan	5.757098049258502215e-02	1.846031453186405477e-02	4.385688255935822448e-03
nan	3.707500000000000000e+03	3.707500000000000462e+00	nan	6.215094280622679435e-02	1.801401289438488498e-02	4.357130508080850687e-03
nan	3.711000000000000000e+03	3.711000000000000298e+00	nan	6.575769854021018546e-02	1.796771810881451353e-02	4.411148041885710330e-03
nan	3.742250000000000000e+03	3.742250000000000298e+00	nan	6.691959385995005505e-02	1.699593018867559188e-02	4.376972179830046494e-03
nan	3.798250000000000000e+03	3.798249999999999904e+00	nan	6.792347064612158647e-02	1.699530954273887132e-02	4.284687773344952877e-03
nan	3.857750000000000000e+03	3.857750000000000234e+00	nan	7.310300023283389237e-02	1.650937287163426609e-02	4.362074402066483912e-03
nan	6.545000000000000000e+02	6.544999999999999707e-01	nan	1.870645930768688459e-03	5.218603012964102839e-02	3.246638635387662231e-03
nan	8.342500000000000000e+02	8.342499999999999361e-01	nan	3.192775577431916645e-03	4.420028117108736054e-02	3.491822288922588006e-03
nan	9.612500000000000000e+02	9.612500000000000488e-01	nan	4.216342691982788438e-03	3.792019105757762909e-02	3.477175594879447669e-03
nan	1.103500000000000000e+03	1.103499999999999925e+00	nan	4.821348403140746086e-03	3.382584026987266179e-02	3.490924435363486431e-03
nan	1.229750000000000000e+03	1.229750000000000121e+00	nan	6.549985967723159774e-03	3.094425925769997074e-02	3.555758240280518147e-03
nan	1.334750000000000000e+03	1.334750000000000103e+00	nan	7.548601268709376200e-03	2.733031094853568058e-02	3.501007195942332229e-03
nan	1.397750000000000000e+03	1.397749999999999826e+00	nan	8.595425291773040044e-03	2.836841466611305165e-02	3.483997484152056949e-03
nan	1.485500000000000000e+03	1.485500000000000043e+00	nan	9.073280552641449503e-03	2.716185803763544390e-02	3.551447160689947136e-03
nan	1.613750000000000000e+03	1.613749999999999796e+00	nan	1.076495187692216859e-02	2.420379136661354388e-02	3.527062570059324911e-03
nan	1.724750000000000000e+03	1.724750000000000005e+00	nan	1.287438062587398235e-02	2.669455142095849762e-02	3.495904437898864504e-03
nan	1.745250000000000000e+03	1.745250000000000190e+00	nan	1.315866520420172492e-02	2.329936253589771911e-02	3.571549529921252963e-03
nan	1.810000000000000000e+03	1.809999999999999831e+00	nan	1.418398078206450919e-02	2.320988836602684915e-02	3.594718895012709130e-03
nan	1.879000000000000000e+03	1.879000000000000004e+00	nan	1.709633860644999004e-02	2.275809829643967233e-02	3.594496767739166487e-03
nan	1.984000000000000000e+03	1.984000000000000208e+00	nan	1.643780670713113068e-02	2.212646054441588794e-02	3.632182561994195397e-03
nan	1.996000000000000000e+03	1.995999999999999996e+00	nan	2.006676694384168513e-02	2.239422732578980751e-02	3.591022718443383915e-03
nan	2.093500000000000000e+03	2.093499999999999694e+00	nan	2.195102932734016576e-02	2.127588042656294864e-02	3.565529035978754271e-03
nan	2.185000000000000000e+03	2.184999999999999609e+00	nan	2.231404634164846357e-02	2.111008267118942225e-02	3.587513897737422235e-03
nan	2.210500000000000000e+03	2.210500000000000131e+00	nan	2.362535155700129508e-02	2.066384313504606579e-02	3.628064826302589575e-03
nan	2.285500000000000000e+03	2.285499999999999865e+00	nan	2.559899631785356178e-02	2.077579111364766251e-02	3.601879921592325562e-03
nan	2.362000000000000000e+03	2.362000000000000099e+00	nan	2.776597430107585751e-02	2.038291987280179546e-02	3.598314618863272720e-03
nan	2.382250000000000000e+03	2.382249999999999979e+00	nan	2.888095711557525647e-02	1.996332457836451704e-02	3.628251257640632658e-03
nan	2.477000000000000000e+03	2.476999999999999869e+00	nan	3.121363354080131103e-02	1.928958628636981767e-02	3.546889211700383470e-03
nan	2.501500000000000000e+03	2.501500000000000057e+00	nan	3.135088065675972757e-02	1.879107714033977777e-02	3.539062132128010293e-03
nan	2.499000000000000000e+03	2.498999999999999666e+00	nan	3.525738163926916968e-02	1.786747497234834198e-02	3.568273999609295789e-03
nan	2.615000000000000000e+03	2.615000000000000213e+00	nan	3.537563422423772863e-02	1.932198331047278728e-02	3.576730722837554756e-03
nan	2.639750000000000000e+03	2.639750000000000263e+00	nan	3.791712481381637190e-02	1.918830967492810360e-02	3.625416612048763029e-03
nan	2.704500000000000000e+03	2.704499999999999904e+00	nan	3.912850184468652515e-02	1.742066923107108561e-02	3.597223600775028771e-03
nan	2.772500000000000000e+03	2.772499999999999964e+00	nan	4.024087363120543159e-02	1.892142805182127352e-02	3.579345848399987252e-03
nan	2.764500000000000000e+03	2.764499999999999957e+00	nan	4.346235104128481908e-02	1.975537590158746651e-02	3.640561404822001499e-03
nan	2.844500000000000000e+03	2.844499999999999584e+00	nan	4.256063575644475350e-02	1.805680236340774167e-02	3.522563123728592732e-03
nan	2.922250000000000000e+03	2.922250000000000014e+00	nan	4.797275198330908097e-02	1.891602077608047633e-02	3.605513387153088962e-03
nan	2.926750000000000000e+03	2.926749999999999741e+00	nan	4.908226641822466263e-02	1.693852744581016145e-02	3.617238125685910514e-03
nan	2.969250000000000000e+03	2.969250000000000167e+00	nan	4.880167200911955661e-02	1.623561315400783717e-02	3.522261069867423100e-03
nan	3.050750000000000000e+03	3.050749999999999851e+00	nan	5.034993074423255166e-02	1.779572252441482746e-02	3.612349956970646765e-03
nan	3.083500000000000000e+03	3.083500000000000352e+00	nan	5.289134872884915239e-02	1.800968901548432796e-02	3.600526687693115721e-03
nan	3.075750000000000000e+03	3.075750000000000206e+00	nan	5.636277180445858903e-02	1.767235293677513197e-02	3.623104967191280879e-03
nan	3.156000000000000000e+03	3.156000000000000139e+00	nan	5.956072165832893006e-02	1.774511265930973219e-02	3.666905068436016654e-03
nan	3.235750000000000000e+03	3.235750000000000348e+00	nan	5.935121248444374942e-02	1.730742662763578438e-02	3.621796364443848840e-03
nan	3.198750000000000000e+03	3.198750000000000426e+00	nan	6.264216286842838599e-02	1.676430778177104980e-02	3.629970265434821416e-03
nan	5.097500000000000000e+02	5.097500000000000364e-01	nan	2.123462389175045928e-03	5.412352980575279443e-02	2.561514543565277836e-03
nan	6.590000000000000000e+02	6.590000000000000302e-01	nan	2.718025672962198769e-03	3.953143486786841326e-02	2.738651908945044598e-03
nan	7.745000000000000000e+02	7.745000000000000773e-01	nan	4.006151316175987631e-03	3.932661097933064231e-02	2.736777250850652016e-03
nan	8.850000000000000000e+02	8.850000000000000089e-01	nan	5.045351329542313579e-03	3.397700826722543227e-02	2.761701264986811226e-03
nan	9.460000000000000000e+02	9.459999999999999520e-01	nan	6.023175864271479441e-03	3.191011941815188185e-02	2.754696191785532822e-03
nan	1.056750000000000000e+03	1.056750000000000078e+00	nan	6.761105555227686636e-03	2.999310637849648964e-02	2.848771309782532901e-03
nan	1.107250000000000000e+03	1.107250000000000068e+00	nan	8.291488188049811470e-03	2.985158048626295607e-02	2.823360281791859397e-03
nan	1.208250000000000000e+03	1.208250000000000046e+00	nan	9.794156162726608272e-03	2.583720719478285049e-02	2.863288729053584288e-03
nan	1.296250000000000000e+03	1.296250000000000124e+00	nan	1.086281782747278157e-02	2.439947228142019114e-02	2.812458954579881605e-03
nan	1.352250000000000000e+03	1.352249999999999952e+00	nan	1.094102777105376845e-02	2.344940107752160191e-02	2.838712999377767353e-03
nan	1.406000000000000000e+03	1.405999999999999917e+00	nan	1.248406125222345509e-02	2.226085226609453294e-02	2.867861566670943437e-03
nan	1.479000000000000000e+03	1.478999999999999870e+00	nan	1.496304927874803070e-02	2.207621063902803077e-02	2.851069559030992850e-03
nan	1.517000000000000000e+03	1.516999999999999904e+00	nan	1.595107857770017290e-02	2.093660391157242326e-02	2.865640599643186261e-03
nan	1.586750000000000000e+03	1.586749999999999883e+00	nan	1.617472893067883888e-02	2.019482343765396926e-02	2.813398155419268108e-03
nan	1.607500000000000000e+03	1.607499999999999929e+00	nan	1.923957740248738446e-02	2.250223574227029275e-02	2.805794830235233770e-03
nan	1.680500000000000000e+03	1.680499999999999883e+00	nan	1.782115443828047319e-02	2.049928201723294485e-02	2.877466532194092579e-03
nan	1.726750000000000000e+03	1.726750000000000007e+00	nan	1.959556747968349555e-02	2.017756874914026360e-02	2.860820763226704956e-03
nan	1.765000000000000000e+03	1.764999999999999902e+00	nan	1.912095589588602706e-02	2.011360426120114772e-02	2.824660238161028764e-03
nan	1.829000000000000000e+03	1.828999999999999959e+00	nan	2.479646018193193413e-02	2.134503411690179264e-02	2.870352264369880647e-03
nan	1.890750000000000000e+03	1.890750000000000153e+00	nan	2.291357599415277946e-02	2.038634354924801634e-02	2.839743885967190712e-03
nan	1.909750000000000000e+03	1.909750000000000059e+00	nan	2.646305209873389686e-02	2.008164791857400266e-02	2.849039366013539180e-03
nan	1.974750000000000000e+03	1.974750000000000227e+00	nan	2.861169889700931890e-02	2.060463316513932996e-02	2.891274258413431379e-03
nan	1.988500000000000000e+03	1.988500000000000156e+00	nan	2.879104238070340216e-02	1.841534338507750876e-02	2.843369638743189088e-03
nan	2.044000000000000000e+03	2.044000000000000039e+00	nan	3.117244517255812752e-02	1.695166641741056510e-02	2.891113216781546549e-03
nan	2.133750000000000000e+03	2.133750000000000036e+00	nan	3.238400156573106869e-02	1.787478245385676692e-02	2.823551388970418040e-03
nan	2.088500000000000000e+03	2.088499999999999801e+00	nan	3.155005553918499572e-02	1.890442037514890317e-02	2.874723697113892688e-03
nan	2.190250000000000000e+03	2.190250000000000252e+00	nan	3.649144289215655590e-02	1.899464109135555814e-02	2.883289516516962265e-03
nan	2.212750000000000000e+03	2.212749999999999773e+00	nan	3.512672203254396663e-02	1.782421355787569897e-02	2.913090223855611255e-03
nan	2.202750000000000000e+03	2.202749999999999986e+00	nan	3.523484724570380422e-02	1.886577451900603442e-02	2.876781657152468856e-03
nan	2.256750000000000000e+03	2.256749999999999812e+00	nan	4.140482364209674415e-02	1.742241503671366348e-02	2.902215771310184649e-03
nan	2.303750000000000000e+03	2.303750000000000409e+00	nan	3.884685090503126048e-02	1.835028158039155380e-02	2.908233973587248233e-03
nan	2.325750000000000000e+03	2.325750000000000206e+00	nan	4.191699452388775171e-02	1.676416063989706953e-02	2.840224093256194567e-03
nan	2.400750000000000000e+03	2.400749999999999940e+00	nan	4.552548324937788493e-02	1.800877382978739380e-02	2.845981556692201916e-03
nan	2.431750000000000000e+03	2.431750000000000078e+00	nan	4.339897658275049253e-02	1.796380284257146145e-02	2.868952032886243342e-03
nan	2.432500000000000000e+03	2.432500000000000107e+00	nan	4.728215077682307310e-02	1.719875846077813936e-02	2.881238915008499900e-03
nan	2.490750000000000000e+03	2.490750000000000242e+00	nan	4.743932601144251748e-02	1.669662955503575449e-02	2.910609211381150196e-03
nan	2.524000000000000000e+03	2.524000000000000021e+00	nan	5.083442560243156549e-02	1.658552385395233031e-02	2.914558185983803264e-03
nan	2.551000000000000000e+03	2.551000000000000156e+00	nan	5.255113179612180829e-02	1.841349113900851361e-02	2.893026677058919277e-03
nan	2.579500000000000000e+03	2.579500000000000348e+00	nan	5.612219129841378162e-02	1.686571955488901792e-02	2.914508281839126372e-03
nan	4.320000000000000000e+02	4.319999999999999951e-01	nan	1.723381345964725142e-03	5.090834078896430692e-02	2.058075268325514507e-03
nan	5.255000000000000000e+02	5.255000000000000782e-01	nan	2.815673908848737028e-03	4.023963363069086446e-02	2.144127565487266400e-03
nan	6.445000000000000000e+02	6.444999999999999618e-01	nan	3.542329462355553460e-03	3.192239146993908899e-02	2.168425754225910326e-03
nan	7.427500000000000000e+02	7.427499999999999103e-01	nan	4.645777680437390700e-03	3.265678443223861416e-02	2.281996119079158537e-03
nan	8.017500000000000000e+02	8.017499999999999627e-01	nan	6.193439110504073142e-03	2.898771841824373391e-02	2.272990036545043373e-03
nan	8.835000000000000000e+02	8.834999999999999520e-01	nan	7.152485851250389715e-03	2.765048279897359615e-02	2.313237773485208714e-03
nan	9.475000000000000000e+02	9.475000000000000089e-01	nan	8.004941837327805843e-03	2.507878760536831619e-02	2.329065117786567780e-03
nan	9.842500000000000000e+02	9.842499999999999583e-01	nan	9.011250781952639954e-03	2.691417289589395634e-02	2.360676648441015647e-03
nan	1.022750000000000000e+03	1.022749999999999826e+00	nan	1.009533375712123870e-02	2.367879508634113464e-02	2.299093345424632791e-03
nan	1.124500000000000000e+03	1.124500000000000055e+00	nan	1.143837597481933699e-02	2.235032472114389934e-02	2.283694446675249481e-03
nan	1.191250000000000000e+03	1.191249999999999920e+00	nan	1.309771185825070461e-02	2.329402796386638441e-02	2.327681253271391987e-03
nan	1.229000000000000000e+03	1.229000000000000092e+00	nan	1.246519909389576242e-02	2.188717839829722525e-02	2.359574256609392722e-03
nan	1.266750000000000000e+03	1.266750000000000043e+00	nan	1.497685183298358425e-02	2.255202586171917156e-02	2.340191078486255835e-03
nan	1.307000000000000000e+03	1.306999999999999940e+00	nan	1.460941599953002878e-02	2.054324296259684574e-02	2.376294844381094274e-03
nan	1.352250000000000000e+03	1.352249999999999952e+00	nan	1.793546485234287502e-02	2.081368837195850946e-02	2.365247269666771561e-03
nan	1.415250000000000000e+03	1.415249999999999897e+00	nan	1.875266974323608338e-02	2.273671389745269417e-02	2.343494260633176285e-03
nan	1.442750000000000000e+03	1.442749999999999977e+00	nan	1.931630781311355349e-02	2.102097479458920823e-02	2.344913683982471041e-03
nan	1.451500000000000000e+03	1.451499999999999790e+00	nan	2.125208233130138069e-02	2.000966877194621310e-02	2.372266232291375850e-03
nan	1.512750000000000000e+03	1.512750000000000039e+00	nan	2.148948945395545707e-02	1.875411133568403999e-02	2.370622298372852214e-03
nan	1.531500000000000000e+03	1.531499999999999861e+00	nan	2.212614920875921598e-02	2.002448191514198672e-02	2.370459361558441714e-03
nan	1.595500000000000000e+03	1.595500000000000140e+00	nan	2.431430974701243031e-02	1.965989258202694573e-02	2.372596404174889123e-03
nan	1.650750000000000000e+03	1.650749999999999940e+00	nan	2.551591267643971150e-02	1.927259967873450747e-02	2.400862828965420748e-03
nan	1.676000000000000000e+03	1.676000000000000156e+00	nan	2.847141495885807672e-02	1.970973076881183533e-02	2.398970249858523029e-03
nan	1.708500000000000000e+03	1.708500000000000130e+00	nan	2.740830065482668942e-02	1.921509686936805766e-02	2.376710798320383518e-03
nan	1.735750000000000000e+03	1.735749999999999904e+00	nan	3.040976014716534337e-02	1.843309206496896585e-02	2.377541856877178963e-03
nan	1.827250000000000000e+03	1.827249999999999819e+00	nan	3.234695907468676523e-02	1.802820111549333082e-02	2.385065382343455088e-03
nan	1.801500000000000000e+03	1.801499999999999879e+00	nan	3.203096556194395816e-02	1.844128492704612265e-02	2.440012461643889432e-03
nan	1.817750000000000000e+03	1.817749999999999977e+00	nan	3.235688143962534014e-02	1.797942943833262183e-02	2.401822620095651981e-03
nan	1.868000000000000000e+03	1.868000000000000105e+00	nan	3.741943232068933867e-02	1.887137434485205989e-02	2.412838316525373235e-03
nan	1.872250000000000000e+03	1.872250000000000192e+00	nan	3.505127551756004323e-02	1.870626997065469310e-02	2.367431446666696821e-03
nan	1.891000000000000000e+03	1.891000000000000014e+00	nan	3.832250104608192487e-02	1.641213591644468187e-02	2.411288872729037622e-03
nan	1.964500000000000000e+03	1.964500000000000135e+00	nan	4.150164349016449705e-02	1.700061121586298254e-02	2.392672669003746266e-03
nan	1.986250000000000000e+03	1.986250000000000071e+00	nan	4.249608074621846754e-02	1.780309801797355651e-02	2.326447357994949807e-03
nan	2.037000000000000000e+03	2.036999999999999922e+00	nan	4.029769633081059510e-02	1.584660805332480105e-02	2.404821555597243254e-03
nan	2.011750000000000000e+03	2.011750000000000149e+00	nan	4.460200390030877315e-02	1.667418721503951401e-02	2.367688525083316842e-03
nan	2.048250000000000000e+03	2.048250000000000348e+00	nan	4.406812443852459182e-02	1.634975906357200720e-02	2.393731544506492916e-03
nan	2.081250000000000000e+03	2.081249999999999822e+00	nan	4.014010543949098064e-02	1.791864211431578799e-02	2.381080796597340003e-03
nan	2.162750000000000000e+03	2.162749999999999950e+00	nan	4.713227928385776977e-02	1.748139044198862915e-02	2.446504549889359260e-03
nan	2.160750000000000000e+03	2.160750000000000171e+00	nan	4.971474443163970136e-02	1.725063779649993814e-02	2.393462881143480075e-03
nan	3.227500000000000000e+02	3.227499999999999813e-01	nan	1.797547633170637482e-03	4.792577171524108059e-02	1.774055457367295372e-03
nan	4.222500000000000000e+02	4.222500000000000142e-01	nan	2.892735108815713829e-03	3.526684380950532993e-02	1.751228023121786676e-03
nan	5.102500000000000000e+02	5.102499999999999813e-01	nan	4.054988704943696121e-03	3.846694034719949640e-02	1.721307707559666285e-03
nan	5.577500000000000000e+02	5.577499999999999680e-01	nan	4.963145097256926874e-03	3.125346401636829030e-02	1.772571107645748347e-03
nan	6.407500000000000000e+02	6.407499999999999307e-01	nan	5.948765041921433294e-03	3.022942904894065225e-02	1.767720640505239527e-03
nan	7.105000000000000000e+02	7.104999999999999094e-01	nan	6.920995405195640160e-03	3.016628034783024048e-02	1.839105957420332635e-03
nan	7.335000000000000000e+02	7.334999999999999298e-01	nan	7.993952059749176442e-03	2.682538643417368973e-02	1.824322395777128267e-03
nan	7.840000000000000000e+02	7.840000000000000302e-01	nan	8.480233957854466098e-03	2.506514933644429788e-02	1.846308558920639002e-03
nan	8.487500000000000000e+02	8.487500000000000044e-01	nan	9.262239858827570060e-03	2.285676002761538247e-02	1.800020433926608236e-03
nan	8.917500000000000000e+02	8.917500000000000426e-01	nan	1.087663936340277360e-02	2.541239853303181237e-02	1.890643030786506818e-03
nan	9.342500000000000000e+02	9.342499999999999138e-01	nan	1.312124592394070532e-02	2.360318015919042611e-02	1.890372708175929329e-03
nan	9.757500000000000000e+02	9.757499999999998952e-01	nan	1.383255480752154654e-02	2.412487659075557636e-02	1.879743066017767117e-03
nan	1.023000000000000000e+03	1.022999999999999909e+00	nan	1.500781811577667213e-02	2.426538122944464290e-02	1.872955763540481208e-03
nan	1.053000000000000000e+03	1.052999999999999936e+00	nan	1.576737057692412236e-02	2.210132138387117806e-02	1.806959757257171808e-03
nan	1.095000000000000000e+03	1.094999999999999973e+00	nan	1.675867413555920393e-02	1.920922315485457110e-02	1.884123716126666782e-03
nan	1.119500000000000000e+03	1.119499999999999940e+00	nan	1.891079376690640856e-02	1.983310917738140972e-02	1.908613811086042056e-03
nan	1.141000000000000000e+03	1.141000000000000014e+00	nan	1.768656308652793996e-02	2.255746669891028205e-02	1.883392639992199653e-03
nan	1.176750000000000000e+03	1.176749999999999963e+00	nan	1.993414227851530995e-02	2.130202927314524958e-02	1.891158840060888462e-03
nan	1.238750000000000000e+03	1.238750000000000018e+00	nan	2.125604185587803840e-02	1.887326153369160014e-02	1.875709732267295121e-03
nan	1.258250000000000000e+03	1.258249999999999869e+00	nan	2.250774350716255867e-02	2.008935148293942291e-02	1.879356796047881688e-03
nan	1.254250000000000000e+03	1.254250000000000087e+00	nan	2.353508672530324475e-02	1.852506769832529265e-02	1.860482867323628824e-03
nan	1.321250000000000000e+03	1.321250000000000036e+00	nan	2.483208215465992907e-02	2.105930798331448126e-02	1.869251202717579861e-03
nan	1.329250000000000000e+03	1.329250000000000043e+00	nan	2.620743945141157383e-02	1.861024808353918883e-02	1.908000116720471803e-03
nan	1.352000000000000000e+03	1.351999999999999869e+00	nan	2.753225541329129555e-02	1.885949795668622961e-02	1.915252126575693386e-03
nan	1.412000000000000000e+03	1.411999999999999922e+00	nan	2.833725017660526646e-02	1.764050287897328192e-02	1.901122762259068680e-03
nan	1.437250000000000000e+03	1.437250000000000139e+00	nan	2.760676489441493686e-02	1.817782647824786602e-02	1.888305825724353321e-03
nan	1.403500000000000000e+03	1.403500000000000192e+00	nan	2.813238944162321786e-02	1.813353981304089216e-02	1.841768811898486079e-03
nan	1.435500000000000000e+03	1.435500000000000220e+00	nan	3.369976016665532370e-02	1.914642742644678125e-02	1.880686901870091314e-03
nan	1.496250000000000000e+03	1.496249999999999858e+00	nan	3.057775754842850802e-02	1.786342467869225792e-02	1.878272276301019231e-03
nan	1.524250000000000000e+03	1.524250000000000105e+00	nan	3.289930024533305186e-02	1.820210464534045142e-02	1.916011181715161597e-03
nan	1.518000000000000000e+03	1.518000000000000016e+00	nan	3.640225039669076068e-02	1.815171691091379408e-02	1.928668425731733423e-03
nan	1.565000000000000000e+03	1.564999999999999947e+00	nan	3.653157694981246095e-02	1.706007099637996821e-02	1.900680483288587179e-03
nan	1.570500000000000000e+03	1.570500000000000007e+00	nan	3.850696783496232456e-02	1.842550531792194052e-02	1.897132431199209743e-03
nan	1.611250000000000000e+03	1.611250000000000071e+00	nan	4.113979522202271255e-02	1.722673990697094759e-02	1.915813254481115151e-03
nan	1.624000000000000000e+03	1.623999999999999888e+00	nan	3.983139176438044160e-02	1.806015839547470136e-02	1.895420444662456686e-03
nan	1.654500000000000000e+03	1.654500000000000082e+00	nan	4.242268821263905920e-02	1.687130227795191617e-02	1.918021484277557948e-03
nan	1.710500000000000000e+03	1.710499999999999909e+00	nan	4.616007615089756655e-02	1.621400138831793208e-02	1.899034446020264090e-03
nan	1.699500000000000000e+03	1.699500000000000011e+00	nan	4.479583673588649617e-02	1.659276135909641681e-02	1.905354928607915551e-03
nan	1.727750000000000000e+03	1.727749999999999897e+00	nan	4.117503352358653501e-02	1.691169361861140363e-02	1.919005643483440464e-03
nan	1.955000000000000000e+02	1.955000000000000071e-01	nan	1.878804797566857587e-03	5.212735352463047228e-02	1.217440103194948218e-03
nan	3.035000000000000000e+02	3.034999999999999920e-01	nan	2.954577547065184717e-03	4.850240566393326791e-02	1.238629669045043747e-03
nan	3.650000000000000000e+02	3.649999999999999911e-01	nan	4.024658992079821473e-03	3.305861007927272943e-02	1.167003890440475051e-03
nan	4.162500000000000000e+02	4.162499999999999534e-01	nan	3.493721676541383658e-03	3.287011238628907706e-02	1.315435177227625369e-03
nan	4.510000000000000000e+02	4.510000000000000120e-01	nan	5.783224270899722796e-03	3.129919624743456724e-02	1.291095571836471754e-03
nan	4.942500000000000000e+02	4.942500000000000226e-01	nan	7.165867367859846127e-03	2.962049208901392991e-02	1.348727751767309080e-03
nan	5.680000000000000000e+02	5.680000000000000604e-01	nan	8.775696294165413747e-03	2.742008947511720765e-02	1.338949149404272893e-03
nan	5.832500000000000000e+02	5.832499999999999352e-01	nan	9.026359908219205863e-03	2.713317624213929663e-02	1.291989283915658676e-03
nan	6.055000000000000000e+02	6.055000000000000382e-01	nan	9.544064504012794714e-03	2.439456809720842723e-02	1.355098843086497860e-03
nan	6.612500000000000000e+02	6.612500000000000044e-01	nan	1.001381759203923139e-02	2.316579895958128729e-02	1.369352629462327860e-03
nan	6.845000000000000000e+02	6.844999999999999973e-01	nan	1.257553518786380664e-02	2.396562646828957061e-02	1.373780964303933372e-03
nan	7.130000000000000000e+02	7.129999999999999671e-01	nan	1.204164816948605221e-02	2.265262708862408533e-02	1.375080790061283201e-03
nan	7.440000000000000000e+02	7.439999999999999947e-01	nan	1.555201525968641363e-02	2.308513259925136160e-02	1.420160105001543657e-03
nan	7.922500000000000000e+02	7.922500000000000098e-01	nan	1.375577985334075493e-02	2.244901756200796614e-02	1.377548990795923961e-03
nan	8.045000000000000000e+02	8.044999999999999929e-01	nan	1.669209891645095922e-02	2.197591935922623904e-02	1.420729969916704810e-03
nan	8.457500000000000000e+02	8.457500000000000018e-01	nan	1.543723005417518834e-02	1.997428879747562003e-02	1.376771543949665416e-03
nan	8.835000000000000000e+02	8.834999999999999520e-01	nan	1.746625505802512635e-02	2.056392256303512384e-02	1.404612035768750553e-03
nan	8.902500000000000000e+02	8.902499999999999858e-01	nan	1.717739967654097200e-02	1.702077849910595131e-02	1.389102209472393339e-03
nan	9.045000000000000000e+02	9.044999999999999707e-01	nan	2.183180483237379121e-02	2.236160670556722185e-02	1.382484096468366078e-03
nan	9.162500000000000000e+02	9.162500000000000089e-01	nan	2.121503764931276237e-02	2.013323063647398312e-02	1.393059493963135463e-03
nan	9.662500000000000000e+02	9.662499999999999423e-01	nan	2.272473976051969657e-02	1.785982375417445589e-02	1.395558458595631823e-03
nan	9.857500000000000000e+02	9.857500000000000151e-01	nan	2.324801255667807709e-02	1.909515655215998295e-02	1.421775544900562077e-03
nan	9.957500000000000000e+02	9.957500000000000240e-01	nan	2.601248110710230321e-02	1.961926708220272653e-02	1.408094196628941353e-03
nan	1.022750000000000000e+03	1.022749999999999826e+00	nan	2.506388077961219096e-02	2.017339213717486354e-02	1.399101407461741031e-03
nan	1.037500000000000000e+03	1.037500000000000089e+00	nan	2.655888620512314446e-02	1.588238031802461855e-02	1.396173388486188650e-03
nan	1.046000000000000000e+03	1.046000000000000041e+00	nan	2.755392143211565781e-02	1.712959557648364300e-02	1.413592533934630207e-03
nan	1.088500000000000000e+03	1.088500000000000023e+00	nan	3.004749506033022044e-02	1.708193783155871268e-02	1.404989864852738187e-03
nan	1.106250000000000000e+03	1.106249999999999956e+00	nan	2.843510561456241703e-02	2.011824187859335630e-02	1.431928924593295436e-03
nan	1.118000000000000000e+03	1.118000000000000105e+00	nan	3.566426984679083034e-02	1.784792616940088575e-02	1.419929583745230435e-03
nan	1.142000000000000000e+03	1.141999999999999904e+00	nan	3.281274595275363026e-02	1.674268525176162911e-02	1.409817348168113755e-03
nan	1.131250000000000000e+03	1.131250000000000089e+00	nan	3.444782580663741101e-02	1.686790107401555522e-02	1.409479207286381142e-03
nan	1.126750000000000000e+03	1.126749999999999918e+00	nan	3.636114194631545615e-02	1.785564811511043681e-02	1.440803681347312603e-03
nan	1.200750000000000000e+03	1.200749999999999984e+00	nan	3.589764602520517656e-02	1.656660515535012673e-02	1.443688267061240139e-03
nan	1.205750000000000000e+03	1.205749999999999877e+00	nan	4.003073158992265235e-02	1.580670366924847789e-02	1.423114736695905514e-03
nan	1.234500000000000000e+03	1.234500000000000153e+00	nan	3.790051630528523674e-02	1.711448838589910496e-02	1.397947608753463949e-03
nan	1.224000000000000000e+03	1.223999999999999977e+00	nan	3.812048391836242445e-02	1.641534543626874468e-02	1.441239939666242795e-03
nan	1.226000000000000000e+03	1.225999999999999979e+00	nan	3.814473559015141291e-02	1.689874265898268224e-02	1.460769518967318988e-03
nan	1.269250000000000000e+03	1.269249999999999989e+00	nan	4.162026680381814003e-02	1.733730503431567260e-02	1.412518166391904788e-03
nan	1.269250000000000000e+03	1.269249999999999989e+00	nan	4.554258412969147685e-02	1.684818388140862933e-02	1.434119982213264907e-03
