# SourcePhotonFlux	NumberRaysSurvived	PercentageRaysSurvived	PhotonFlux	Bandwidth	HorizontalFocusFWHM	VerticalFocusFWHM
nan	2.500000000000000000e+04	2.500000000000000000e+01	nan	2.493842350930020046e-02	2.907601002575917887e-02	2.530850904993081629e-02
nan	2.500000000000000000e+04	2.500000000000000000e+01	nan	3.746638296698101556e-02	2.241466183649820990e-02	2.112973896149968056e-02
nan	2.500000000000000000e+04	2.500000000000000000e+01	nan	4.990345861349609891e-02	2.201291501119748487e-02	1.790859879407962624e-02
nan	2.500000000000000000e+04	2.500000000000000000e+01	nan	6.216451161840375050e-02	1.872968540871934595e-02	1.681253534502968189e-02
nan	2.500000000000000000e+04	2.500000000000000000e+01	nan	7.497447080075403392e-02	1.799877789184808549e-02	1.555002963165617869e-02
nan	2.500000000000000000e+04	2.500000000000000000e+01	nan	8.738904431733374167e-02	1.733761544666609367e-02	1.387723582779329563e-02
nan	2.500000000000000000e+04	2.500000000000000000e+01	nan	9.989695468508941190e-02	1.580176582745509289e-02	1.341599095290036368e-02
nan	2.500000000000000000e+04	2.500000000000000000e+01	nan	1.124178951724204012e-01	1.532139067388755237e-02	1.263385728127715268e-02
nan	2.500000000000000000e+04	2.500000000000000000e+01	nan	1.148029705498246900e-01	1.468219884630467958e-02	1.203135301762448331e-02
nan	2.500000000000000000e+04	2.500000000000000000e+01	nan	1.373489706785235853e-01	1.444532857714537349e-02	1.100268888872142463e-02
nan	2.500000000000000000e+04	2.500000000000000000e+01	nan	1.494820834001160392e-01	1.396701163659139211e-02	1.037187845987689455e-02
nan	2.500000000000000000e+04	2.500000000000000000e+01	nan	1.489556159403938596e-01	1.367385095750576519e-02	1.046128554970429669e-02
nan	2.500000000000000000e+04	2.500000000000000000e+01	nan	1.748425693698933969e-01	1.313375894086124367e-02	1.019234955808760376e-02
nan	2.500000000000000000e+04	2.500000000000000000e+01	nan	1.873254095889933524e-01	1.326419731769026833e-02	9.250030688636884726e-03
nan	2.500000000000000000e+04	2.500000000000000000e+01	nan	1.995225851689497176e-01	1.278772514062314139e-02	9.635615515302096284e-03
nan	2.500000000000000000e+04	2.500000000000000000e+01	nan	2.121217750625277176e-01	1.297729142790179056e-02	8.806726919264689507e-03
nan	2.500000000000000000e+04	2.500000000000000000e+01	nan	2.237560256548789539e-01	1.295245426534588455e-02	8.802340246491893380e-03
nan	2.500000000000000000e+04	2.500000000000000000e+01	nan	2.371592339190300436e-01	1.258443806708394765e-02	8.780880438518665412e-03
nan	2.500000000000000000e+04	2.500000000000000000e+01	nan	2.497819868464645765e-01	1.156635807793580592e-02	8.495659078125534711e-03
nan	2.500000000000000000e+04	2.500000000000000000e+01	nan	2.618094196528630846e-01	1.289612155286321352e-02	8.249282797575713949e-03
nan	2.500000000000000000e+04	2.500000000000000000e+01	nan	2.747629623783041097e-01	1.201757567371965901e-02	8.158293408578832714e-03
nan	2.500000000000000000e+04	2.500000000000000000e+01	nan	2.867633071987114590e-01	1.283759114000194122e-02	7.712512513127123617e-03
nan	2.500000000000000000e+04	2.500000000000000000e+01	nan	2.979840226139032211e-01	1.190980978519404557e-02	7.599789936408489835e-03
nan	2.500000000000000000e+04	2.500000000000000000e+01	nan	3.116346128016687089e-01	1.161115971769289927e-02	7.380062442521267627e-03
nan	2.500000000000000000e+04	2.500000000000000000e+01	nan	3.245117333970171103e-01	1.172085349050759791e-02	7.224798483466647082e-03
nan	2.500000000000000000e+04	2.500000000000000000e+01	nan	3.368242179723779373e-01	1.159210400558815385e-02	6.915706907751431945e-03
nan	2.500000000000000000e+04	2.500000000000000000e+01	nan	3.493948715490517998e-01	1.149157687237305561e-02	6.965148682347649736e-03
nan	2.500000000000000000e+04	2.500000000000000000e+01	nan	3.617094714759900853e-01	1.164517186267433231e-02	6.792081634990089316e-03
nan	2.500000000000000000e+04	2.500000000000000000e+01	nan	3.445420988220914693e-01	1.123563135056710079e-02	6.793422429179457947e-03
nan	2.500000000000000000e+04	2.500000000000000000e+01	nan	3.854128966999752492e-01	1.175546521087000862e-02	6.826499038148777301e-03
nan	2.500000000000000000e+04	2.500000000000000000e+01	nan	3.995957605605440222e-01	1.161316375910313725e-02	6.582708475266487239e-03
nan	2.500000000000000000e+04	2.500000000000000000e+01	nan	4.119767560331126788e-01	1.207146138487839512e-02	6.723607143549741039e-03
nan	2.500000000000000000e+04	2.500000000000000000e+01	nan	4.244149654465019239e-01	1.195267694017924584e-02	6.232943007843515237e-03
nan	2.500000000000000000e+04	2.500000000000000000e+01	nan	4.369846956751928246e-01	1.142576283230756565e-02	6.225935205288365450e-03
nan	2.500000000000000000e+04	2.500000000000000000e+01	nan	4.488232111019669901e-01	1.095462155502666644e-02	6.528463077808682215e-03
nan	2.500000000000000000e+04	2.500000000000000000e+01	nan	4.620002978836765806e-01	1.117832593120948736e-02	6.626826695084366524e-03
nan	2.500000000000000000e+04	2.500000000000000000e+01	nan	4.747164342146703575e-01	1.064875054260270779e-02	6.213435739956639156e-03
nan	2.500000000000000000e+04	2.500000000000000000e+01	nan	4.871763206969035309e-01	1.092570917059029235e-02	6.310625793393846543e-03
nan	2.500000000000000000e+04	2.500000000000000000e+01	nan	4.991217308388797846e-01	1.089736988313235073e-02	5.879470335869494899e-03
nan	2.500000000000000000e+04	2.500000000000000000e+01	nan	2.494472124183477746e-02	2.919341083897356720e-02	2.517166253874906709e-02
nan	2.500000000000000000e+04	2.500000000000000000e+01	nan	3.744583784902388857e-02	2.246444319428929359e-02	2.169426885710764447e-02
nan	2.500000000000000000e+04	2.500000000000000000e+01	nan	4.991317918875104453e-02	1.992889884415976684e-02	1.844900675396817652e-02
nan	2.500000000000000000e+04	2.500000000000000000e+01	nan	6.236513905457208296e-02	1.892585403483468959e-02	1.725159040704459662e-02
nan	2.500000000000000000e+04	2.500000000000000000e+01	nan	7.494564995085539749e-02	1.742574804029152838e-02	1.496906974483806080e-02
nan	2.500000000000000000e+04	2.500000000000000000e+01	nan	8.739214756774416060e-02	1.661464103827011568e-02	1.459903167140883321e-02
nan	2.500000000000000000e+04	2.500000000000000000e+01	nan	9.989273880033522346e-02	1.599963485594317614e-02	1.355477978466249761e-02
nan	2.500000000000000000e+04	2.500000000000000000e+01	nan	1.123001744421543435e-01	1.590347895855623306e-02	1.184264057041263009e-02
nan	2.500000000000000000e+04	2.500000000000000000e+01	nan	1.246938389109679690e-01	1.430787645191973663e-02	1.152938062733021261e-02
nan	2.500000000000000000e+04	2.500000000000000000e+01	nan	1.373125023152184099e-01	1.513264493782333353e-02	1.082627991727183256e-02
nan	2.500000000000000000e+04	2.500000000000000000e+01	nan	1.497458134049054479e-01	1.430754029962495559e-02	1.100089510553453262e-02
nan	2.500000000000000000e+04	2.500000000000000000e+01	nan	1.622044636923476446e-01	1.378571945700743200e-02	1.000205514853670999e-02
nan	2.500000000000000000e+04	2.500000000000000000e+01	nan	1.747107298337269299e-01	1.438932452798621572e-02	1.017141504327082058e-02
nan	2.500000000000000000e+04	2.500000000000000000e+01	nan	1.868591656292508674e-01	1.346002847476441590e-02	9.460238498124603351e-03
nan	2.500000000000000000e+04	2.500000000000000000e+01	nan	1.995662234200992202e-01	1.332014204112263664e-02	8.956176326807736843e-03
nan	2.500000000000000000e+04	2.500000000000000000e+01	nan	2.123026414964215292e-01	1.316525072701005619e-02	9.505073783797871392e-03
nan	2.500000000000000000e+04	2.500000000000000000e+01	nan	2.246582805648387193e-01	1.309376084471778993e-02	8.811906039449883890e-03
nan	2.500000000000000000e+04	2.500000000000000000e+01	nan	2.364822468787792786e-01	1.285369897191808268e-02	8.578451287066447828e-03
nan	2.500000000000000000e+04	2.500000000000000000e+01	nan	2.493222750984287472e-01	1.266142619675741758e-02	8.624870716823475336e-03
nan	2.500000000000000000e+04	2.500000000000000000e+01	nan	2.621631669625088534e-01	1.246973985385120207e-02	8.127303395074565728e-03
nan	2.500000000000000000e+04	2.500000000000000000e+01	nan	2.747652437678880233e-01	1.227816627638143518e-02	8.263383831641633176e-03
nan	2.500000000000000000e+04	2.500000000000000000e+01	nan	2.871407664206628851e-01	1.190194503925084621e-02	7.748928575304147616e-03
nan	2.500000000000000000e+04	2.500000000000000000e+01	nan	2.996456748146272275e-01	1.166748841366172657e-02	7.686191627393941690e-03
nan	2.500000000000000000e+04	2.500000000000000000e+01	nan	3.121966392737647311e-01	1.145096634433387731e-02	7.891076405460569973e-03
nan	2.500000000000000000e+04	2.500000000000000000e+01	nan	3.244372287890087136e-01	1.169403448553714593e-02	7.234740184291752786e-03
nan	2.500000000000000000e+04	2.500000000000000000e+01	nan	3.366559621123457191e-01	1.124012771484086265e-02	7.012492975576638081e-03
nan	2.500000000000000000e+04	2.500000000000000000e+01	nan	3.496672765185735443e-01	1.152753629512808138e-02	7.473518630785478713e-03
nan	2.500000000000000000e+04	2.500000000000000000e+01	nan	3.611431116278396303e-01	1.162867169756049736e-02	6.922937788827706815e-03
nan	2.500000000000000000e+04	2.500000000000000000e+01	nan	3.744071586663437756e-01	1.114227365744780221e-02	7.042096100026856015e-03
nan	2.500000000000000000e+04	2.500000000000000000e+01	nan	3.867340921778179563e-01	1.128209057890010129e-02	6.509404058500840341e-03
nan	2.500000000000000000e+04	2.500000000000000000e+01	nan	3.995886329880988797e-01	1.197366122858593146e-02	6.855553086343123097e-03
nan	2.500000000000000000e+04	2.500000000000000000e+01	nan	4.121896569970573410e-01	1.128375139275696916e-02	6.568101061791608956e-03
nan	2.500000000000000000e+04	2.500000000000000000e+01	nan	4.241861761242944340e-01	1.188219768542589372e-02	6.407026549004081473e-03
nan	2.500000000000000000e+04	2.500000000000000000e+01	nan	4.371738467233257097e-01	1.154986427928135148e-02	6.167584596671684544e-03
nan	2.500000000000000000e+04	2.500000000000000000e+01	nan	4.490510575570993979e-01	1.105612980933199166e-02	6.246024197443120207e-03
nan	2.500000000000000000e+04	2.500000000000000000e+01	nan	4.619373378707081201e-01	1.089448652674305552e-02	6.542513559819117946e-03
nan	2.500000000000000000e+04	2.500000000000000000e+01	nan	4.741742444792862443e-01	1.062374906896718096e-02	6.272303470269230581e-03
nan	2.500000000000000000e+04	2.500000000000000000e+01	nan	4.863388458932433878e-01	1.111697021382977019e-02	6.059565226338038853e-03
nan	2.500000000000000000e+04	2.500000000000000000e+01	nan	4.993882339071689103e-01	1.108674876211127730e-02	6.195920973390042774e-03
nan	2.500000000000000000e+04	2.500000000000000000e+01	nan	2.493756988342443748e-02	2.840323148494039440e-02	2.679133880818648436e-02
nan	2.500000000000000000e+04	2.500000000000000000e+01	nan	3.736178433992165537e-02	2.339447892659438089e-02	2.093609984918327199e-02
nan	2.500000000000000000e+04	2.500000000000000000e+01	nan	4.992306242608179900e-02	2.129177298267745377e-02	1.823914058150438722e-02
nan	2.500000000000000000e+04	2.500000000000000000e+01	nan	6.215920530374141606e-02	1.801311939949341509e-02	1.643121870986724575e-02
nan	2.500000000000000000e+04	2.500000000000000000e+01	nan	7.493521311242545835e-02	1.742059262512724027e-02	1.492097533808005479e-02
nan	2.500000000000000000e+04	2.500000000000000000e+01	nan	8.743524982229189391e-02	1.737026115314563995e-02	1.413014398944949582e-02
nan	2.500000000000000000e+04	2.500000000000000000e+01	nan	9.984942755085768340e-02	1.595873532214446555e-02	1.286767893466725723e-02
nan	2.500000000000000000e+04	2.500000000000000000e+01	nan	1.030954086245320783e-01	1.542240695130574560e-02	1.196719035639112055e-02
nan	2.500000000000000000e+04	2.500000000000000000e+01	nan	1.245766391706411014e-01	1.540715497262679611e-02	1.184251744939190942e-02
nan	2.500000000000000000e+04	2.500000000000000000e+01	nan	1.264660621523803485e-01	1.433126410021855375e-02	1.149591985714163225e-02
nan	2.500000000000000000e+04	2.500000000000000000e+01	nan	1.498684809568899823e-01	1.433216726473460906e-02	1.052966081541625680e-02
nan	2.500000000000000000e+04	2.500000000000000000e+01	nan	1.623606424388839287e-01	1.392046143783848625e-02	1.100072748865525696e-02
nan	2.500000000000000000e+04	2.500000000000000000e+01	nan	1.747861971212216758e-01	1.312371561170675750e-02	1.012493529300736300e-02
nan	2.500000000000000000e+04	2.500000000000000000e+01	nan	1.871014569082376511e-01	1.369536117429895859e-02	9.799601367114269337e-03
nan	2.500000000000000000e+04	2.500000000000000000e+01	nan	1.998397783105687608e-01	1.343647798976743864e-02	9.227722819977988988e-03
nan	2.500000000000000000e+04	2.500000000000000000e+01	nan	2.117313075869446948e-01	1.338522426468181231e-02	9.330323678393197262e-03
nan	2.500000000000000000e+04	2.500000000000000000e+01	nan	2.246491374739676417e-01	1.231075779902768112e-02	8.704365848324412819e-03
nan	2.500000000000000000e+04	2.500000000000000000e+01	nan	2.372704851543474547e-01	1.206583252300980763e-02	8.778990157300398806e-03
nan	2.500000000000000000e+04	2.500000000000000000e+01	nan	2.498474283250686767e-01	1.261760543234335431e-02	8.388814648778091659e-03
nan	2.500000000000000000e+04	2.500000000000000000e+01	nan	2.622295448974227838e-01	1.230190416577294638e-02	8.429254833034100641e-03
nan	2.500000000000000000e+04	2.500000000000000000e+01	nan	2.736836937331617037e-01	1.220859163412497776e-02	7.989398750112348957e-03
nan	2.500000000000000000e+04	2.500000000000000000e+01	nan	2.870180469490719588e-01	1.265621585039183525e-02	7.838016945328998841e-03
nan	2.500000000000000000e+04	2.500000000000000000e+01	nan	2.996488445512710541e-01	1.241612196506166992e-02	7.733052262732470136e-03
nan	2.500000000000000000e+04	2.500000000000000000e+01	nan	3.120755722668775434e-01	1.169769062660911199e-02	7.360286921262400306e-03
nan	2.500000000000000000e+04	2.500000000000000000e+01	nan	3.242710028522139964e-01	1.170053599653477980e-02	7.624850212101260891e-03
nan	2.500000000000000000e+04	2.500000000000000000e+01	nan	3.371308229199314610e-01	1.158459795810219337e-02	7.349803573669346640e-03
nan	2.500000000000000000e+04	2.500000000000000000e+01	nan	3.494813047807951989e-01	1.154048446449585687e-02	6.883682414681099697e-03
nan	2.500000000000000000e+04	2.500000000000000000e+01	nan	3.616799949341782394e-01	1.217510030667746934e-02	6.857054728540158337e-03
nan	2.500000000000000000e+04	2.500000000000000000e+01	nan	3.746033425104258185e-01	1.139562952324001989e-02	6.432592287152709594e-03
nan	2.500000000000000000e+04	2.500000000000000000e+01	nan	3.869180825273730306e-01	1.090294502629290258e-02	6.846748109466590029e-03
nan	2.500000000000000000e+04	2.500000000000000000e+01	nan	3.996990028078073465e-01	1.190487595434783219e-02	6.622511712480265086e-03
nan	2.500000000000000000e+04	2.500000000000000000e+01	nan	4.121572784130620448e-01	1.111792669589512818e-02	6.732276156449442522e-03
nan	2.500000000000000000e+04	2.500000000000000000e+01	nan	4.244572201838678893e-01	1.196455226972353500e-02	6.808620380797533733e-03
nan	2.500000000000000000e+04	2.500000000000000000e+01	nan	4.371089292698684403e-01	1.112805263177424515e-02	6.562116526624058380e-03
nan	2.500000000000000000e+04	2.500000000000000000e+01	nan	4.479336965491711453e-01	1.058753897782281975e-02	6.136832736470488811e-03
nan	2.500000000000000000e+04	2.500000000000000000e+01	nan	4.620567719225192604e-01	1.105247359517246702e-02	6.540034503823294841e-03
nan	2.500000000000000000e+04	2.500000000000000000e+01	nan	4.746043531466597187e-01	1.113978910198516054e-02	6.261167993522670158e-03
nan	2.500000000000000000e+04	2.500000000000000000e+01	nan	4.869371753173936668e-01	1.080044551920704247e-02	6.004081448411064878e-03
nan	2.500000000000000000e+04	2.500000000000000000e+01	nan	4.995572441032862798e-01	1.110031953435382419e-02	6.351274736586826758e-03
nan	2.500000000000000000e+04	2.500000000000000000e+01	nan	2.494567874594455503e-02	2.615628054885867082e-02	2.604567688310183496e-02
nan	2.500000000000000000e+04	2.500000000000000000e+01	nan	3.747982216480671980e-02	2.423389439772590317e-02	2.207336734415731722e-02
nan	2.500000000000000000e+04	2.500000000000000000e+01	nan	4.991115434055259925e-02	2.129238059234336844e-02	1.793569232799704927e-02
nan	2.500000000000000000e+04	2.500000000000000000e+01	nan	6.244316508268177301e-02	1.973543491509040931e-02	1.730843738292081602e-02
nan	2.500000000000000000e+04	2.500000000000000000e+01	nan	7.488285151938356421e-02	1.711410750943139977e-02	1.510120783304022898e-02
nan	2.500000000000000000e+04	2.500000000000000000e+01	nan	8.740612664001545795e-02	1.648882002894485124e-02	1.447938504987246119e-02
nan	2.500000000000000000e+04	2.500000000000000000e+01	nan	9.993201264084916602e-02	1.590223843237670992e-02	1.294982853228655514e-02
nan	2.500000000000000000e+04	2.500000000000000000e+01	nan	1.120841219329165028e-01	1.526797809400089710e-02	1.196175782641959416e-02
nan	2.500000000000000000e+04	2.500000000000000000e+01	nan	1.248651010059091959e-01	1.472061298092348751e-02	1.130526397683924607e-02
nan	2.500000000000000000e+04	2.500000000000000000e+01	nan	1.367671313296909830e-01	1.381785118066402446e-02	1.126404113811749902e-02
nan	2.500000000000000000e+04	2.500000000000000000e+01	nan	1.496726845936962036e-01	1.438608146071435404e-02	1.087310899984319547e-02
nan	2.500000000000000000e+04	2.500000000000000000e+01	nan	1.622990506865278348e-01	1.389690299953395825e-02	9.985845391463219617e-03
nan	2.500000000000000000e+04	2.500000000000000000e+01	nan	1.748331327757313147e-01	1.342046756182213932e-02	1.045177497804080854e-02
nan	2.500000000000000000e+04	2.500000000000000000e+01	nan	1.872418745047568223e-01	1.316476930918776891e-02	9.591694525057453680e-03
nan	2.500000000000000000e+04	2.500000000000000000e+01	nan	1.997704410434408828e-01	1.278270238378964758e-02	9.195181795814685172e-03
nan	2.500000000000000000e+04	2.500000000000000000e+01	nan	2.120069012433205557e-01	1.283583874847008671e-02	9.206143646538041819e-03
nan	2.500000000000000000e+04	2.500000000000000000e+01	nan	2.246370181070247440e-01	1.243046958289922843e-02	8.654687025513106702e-03
nan	2.500000000000000000e+04	2.500000000000000000e+01	nan	2.370659406186206297e-01	1.252422012255669306e-02	8.418654168563168005e-03
nan	2.500000000000000000e+04	2.500000000000000000e+01	nan	2.490438433132382556e-01	1.231335189000457367e-02	8.116468819664195838e-03
nan	2.500000000000000000e+04	2.500000000000000000e+01	nan	2.621959855689794949e-01	1.247936617191585523e-02	8.045169030917478231e-03
nan	2.500000000000000000e+04	2.500000000000000000e+01	nan	2.731657808398040288e-01	1.221355508576795618e-02	8.058200796511573449e-03
nan	2.500000000000000000e+04	2.500000000000000000e+01	nan	2.871656624221969878e-01	1.221971231581281229e-02	7.764670735534434133e-03
nan	2.500000000000000000e+04	2.500000000000000000e+01	nan	2.996799005817081252e-01	1.165109213593495431e-02	7.892426563266878581e-03
nan	2.500000000000000000e+04	2.500000000000000000e+01	nan	3.116902359852105064e-01	1.174461701028713459e-02	7.168775188424775409e-03
nan	2.500000000000000000e+04	2.500000000000000000e+01	nan	3.242374767123834545e-01	1.196296476618352589e-02	7.491569530037303984e-03
nan	2.500000000000000000e+04	2.500000000000000000e+01	nan	3.368771726127306465e-01	1.186716507279160157e-02	7.405059241043454588e-03
nan	2.500000000000000000e+04	2.500000000000000000e+01	nan	3.497673776606546880e-01	1.145793169789610308e-02	7.043333683991093511e-03
nan	2.500000000000000000e+04	2.500000000000000000e+01	nan	3.621762956720431248e-01	1.177562798037652160e-02	7.265915793549622241e-03
nan	2.500000000000000000e+04	2.500000000000000000e+01	nan	3.731067319124434789e-01	1.214158303558297500e-02	6.745495874651043222e-03
nan	2.500000000000000000e+04	2.500000000000000000e+01	nan	3.867076659124109028e-01	1.187916574359806909e-02	6.518081121312885307e-03
nan	2.500000000000000000e+04	2.500000000000000000e+01	nan	3.980424123993486774e-01	1.176768428779718587e-02	6.833857137208896627e-03
nan	2.500000000000000000e+04	2.500000000000000000e+01	nan	4.098903605796380134e-01	1.169200708139224443e-02	6.755743758564287590e-03
nan	2.500000000000000000e+04	2.500000000000000000e+01	nan	4.243186834781909056e-01	1.110686478899496066e-02	6.359006523433509590e-03
nan	2.500000000000000000e+04	2.500000000000000000e+01	nan	4.369181451273931316e-01	1.154185455857344514e-02	6.551267999555477825e-03
nan	2.500000000000000000e+04	2.500000000000000000e+01	nan	4.494783643209956381e-01	1.067096087456986808e-02	6.356054523241354628e-03
nan	2.500000000000000000e+04	2.500000000000000000e+01	nan	4.619367478070302013e-01	1.102028293475407206e-02	6.396993828540816808e-03
nan	2.500000000000000000e+04	2.500000000000000000e+01	nan	4.745859608211731029e-01	1.094079526632709201e-02	6.251306748638052468e-03
nan	2.500000000000000000e+04	2.500000000000000000e+01	nan	4.866549556156485323e-01	1.108668556518056098e-02	6.300268210856431635e-03
nan	2.500000000000000000e+04	2.500000000000000000e+01	nan	4.990466631979728618e-01	1.160176305377301313e-02	5.798642677224279812e-03
nan	2.500000000000000000e+04	2.500000000000000000e+01	nan	2.495932870716721652e-02	2.769699981570538511e-02	2.648208090800406936e-02
nan	2.500000000000000000e+04	2.500000000000000000e+01	nan	3.745648605262807962e-02	2.302590137722908270e-02	2.259553201472273842e-02
nan	2.500000000000000000e+04	2.500000000000000000e+01	nan	4.993237265676775394e-02	2.127586817281651443e-02	1.849348112426859800e-02
nan	2.500000000000000000e+04	2.500000000000000000e+01	nan	6.231486177111378311e-02	1.825861411802595299e-02	1.621038047928952466e-02
nan	2.500000000000000000e+04	2.500000000000000000e+01	nan	7.496097475437935032e-02	1.859344268918697654e-02	1.535613039744835977e-02
nan	2.500000000000000000e+04	2.500000000000000000e+01	nan	8.727433195908673724e-02	1.645596235154937054e-02	1.422846702662150520e-02
nan	2.500000000000000000e+04	2.500000000000000000e+01	nan	9.987254628371999843e-02	1.647831194026216570e-02	1.393914925326853946e-02
nan	2.500000000000000000e+04	2.500000000000000000e+01	nan	1.123854927653127334e-01	1.525764592253995612e-02	1.266247980684721657e-02
nan	2.500000000000000000e+04	2.500000000000000000e+01	nan	1.243694327102424779e-01	1.592807186921844573e-02	1.236874585958283417e-02
nan	2.500000000000000000e+04	2.500000000000000000e+01	nan	1.374095868095537298e-01	1.516756558028412374e-02	1.072609523610322177e-02
nan	2.500000000000000000e+04	2.500000000000000000e+01	nan	1.493505784311608409e-01	1.448841648322227171e-02	1.048552746874918326e-02
nan	2.500000000000000000e+04	2.500000000000000000e+01	nan	1.623061833940724341e-01	1.428953226320051235e-02	1.043351291348692741e-02
nan	2.500000000000000000e+04	2.500000000000000000e+01	nan	1.748586440644359641e-01	1.389497425111770393e-02	9.525171677645572280e-03
nan	2.500000000000000000e+04	2.500000000000000000e+01	nan	1.873021522237863223e-01	1.366744571495529838e-02	1.029073614250911733e-02
nan	2.500000000000000000e+04	2.500000000000000000e+01	nan	1.991471173741601319e-01	1.306415032409919894e-02	9.583145009463001074e-03
nan	2.500000000000000000e+04	2.500000000000000000e+01	nan	2.123642424841847287e-01	1.322473753189973983e-02	9.160761929005889481e-03
nan	2.500000000000000000e+04	2.500000000000000000e+01	nan	2.248149182942640323e-01	1.286095047992954696e-02	8.758539168803416639e-03
nan	2.500000000000000000e+04	2.500000000000000000e+01	nan	2.372745508236988599e-01	1.271204697844803035e-02	8.777056107681410757e-03
nan	2.500000000000000000e+04	2.500000000000000000e+01	nan	2.488642969021910289e-01	1.280972005884664124e-02	8.358352695082098965e-03
nan	2.500000000000000000e+04	2.500000000000000000e+01	nan	2.621276953280187172e-01	1.220115667605110345e-02	7.788640127917326357e-03
nan	2.500000000000000000e+04	2.500000000000000000e+01	nan	2.746912745455318827e-01	1.212572098840253819e-02	7.958602624193573949e-03
nan	2.500000000000000000e+04	2.500000000000000000e+01	nan	2.640876145627159000e-01	1.231969554164367119e-02	7.573185024500061341e-03
nan	2.500000000000000000e+04	2.500000000000000000e+01	nan	2.997604958480906134e-01	1.198368677127389752e-02	7.627100168560959834e-03
nan	2.500000000000000000e+04	2.500000000000000000e+01	nan	3.116450800704910762e-01	1.188774398686113024e-02	7.576885445374853534e-03
nan	2.500000000000000000e+04	2.500000000000000000e+01	nan	3.241479215782305801e-01	1.166946647455251694e-02	7.660346941280976943e-03
nan	2.500000000000000000e+04	2.500000000000000000e+01	nan	3.367405976819242142e-01	1.199733458164219460e-02	7.280315916989279525e-03
nan	2.500000000000000000e+04	2.500000000000000000e+01	nan	3.215399265895952374e-01	1.209731890438690317e-02	7.232851946214431671e-03
nan	2.500000000000000000e+04	2.500000000000000000e+01	nan	3.622235134479296903e-01	1.183351707321617617e-02	6.854111501903692623e-03
nan	2.500000000000000000e+04	2.500000000000000000e+01	nan	3.737837157750334427e-01	1.180996934840365317e-02	6.970629707492073494e-03
nan	2.500000000000000000e+04	2.500000000000000000e+01	nan	3.870609057506300132e-01	1.181052118531790429e-02	6.780560304196260775e-03
nan	2.500000000000000000e+04	2.500000000000000000e+01	nan	3.994768699458859373e-01	1.101554507889862880e-02	7.076482646622161456e-03
nan	2.500000000000000000e+04	2.500000000000000000e+01	nan	4.108605665682318886e-01	1.118887819023110623e-02	6.701046152310000982e-03
nan	2.500000000000000000e+04	2.500000000000000000e+01	nan	4.246264635771126450e-01	1.058222977504841462e-02	6.476440390956629024e-03
nan	2.500000000000000000e+04	2.500000000000000000e+01	nan	4.370387465585139353e-01	1.116772113963406324e-02	6.698047158515362670e-03
nan	2.500000000000000000e+04	2.500000000000000000e+01	nan	4.492910966405929685e-01	1.084392525358097645e-02	6.311811659853961906e-03
nan	2.500000000000000000e+04	2.500000000000000000e+01	nan	4.617545881626909932e-01	1.069271337632820076e-02	6.021182107963252844e-03
nan	2.500000000000000000e+04	2.500000000000000000e+01	nan	4.743498379004762455e-01	1.146432600416031483e-02	6.105254556681124871e-03
nan	2.500000000000000000e+04	2.500000000000000000e+01	nan	4.870964140522033858e-01	1.088530374726394238e-02	6.219320644591062354e-03
nan	2.500000000000000000e+04	2.500000000000000000e+01	nan	4.990490169380734642e-01	1.076656009384792390e-02	6.052582254232369459e-03
nan	2.500000000000000000e+04	2.500000000000000000e+01	nan	2.495187865847814379e-02	2.763340889975597625e-02	2.671842050224438117e-02
nan	2.500000000000000000e+04	2.500000000000000000e+01	nan	3.746484432545571508e-02	2.302316144047372379e-02	2.021255438326725537e-02
nan	2.500000000000000000e+04	2.500000000000000000e+01	nan	4.587151158703935833e-02	2.169282239544306767e-02	1.883137236069309245e-02
nan	2.500000000000000000e+04	2.500000000000000000e+01	nan	6.244371430011774748e-02	1.986699341155849854e-02	1.632553595453489423e-02
nan	2.500000000000000000e+04	2.500000000000000000e+01	nan	7.480253462000163722e-02	1.732554961420633421e-02	1.520470256302137307e-02
nan	2.500000000000000000e+04	2.500000000000000000e+01	nan	8.741431957921008689e-02	1.753361463585069446e-02	1.367814903116175256e-02
nan	2.500000000000000000e+04	2.500000000000000000e+01	nan	9.982290370999180595e-02	1.618970815656473744e-02	1.297162874710760215e-02
nan	2.500000000000000000e+04	2.500000000000000000e+01	nan	1.121189521686005719e-01	1.582986729733175738e-02	1.183377817378118355e-02
nan	2.500000000000000000e+04	2.500000000000000000e+01	nan	1.244375698039377198e-01	1.424097720871603939e-02	1.204370664090798765e-02
nan	2.500000000000000000e+04	2.500000000000000000e+01	nan	1.372377784185871974e-01	1.460739177085839703e-02	1.109411600112857055e-02
nan	2.500000000000000000e+04	2.500000000000000000e+01	nan	1.498677153178178401e-01	1.405973751482638909e-02	1.084101947694447905e-02
nan	2.500000000000000000e+04	2.500000000000000000e+01	nan	1.493983142000600839e-01	1.355590969666059346e-02	9.979744141901619389e-03
nan	2.500000000000000000e+04	2.500000000000000000e+01	nan	1.745883027628920559e-01	1.387459950723447279e-02	9.961402569361505269e-03
nan	2.500000000000000000e+04	2.500000000000000000e+01	nan	1.863508431835043666e-01	1.329252007931645309e-02	9.454846608064294486e-03
nan	2.500000000000000000e+04	2.500000000000000000e+01	nan	1.997350977650995674e-01	1.294652848530002467e-02	9.164976203250525810e-03
nan	2.500000000000000000e+04	2.500000000000000000e+01	nan	2.119116241449248150e-01	1.252871962881283580e-02	8.791880152299317436e-03
nan	2.500000000000000000e+04	2.500000000000000000e+01	nan	2.241947392998042687e-01	1.262776220987757436e-02	8.760862582350599503e-03
nan	2.500000000000000000e+04	2.500000000000000000e+01	nan	2.182425014002481733e-01	1.245991465928874935e-02	8.986720447350618479e-03
nan	2.500000000000000000e+04	2.500000000000000000e+01	nan	2.297117297234316236e-01	1.265204328893273361e-02	8.826630711408316177e-03
nan	2.500000000000000000e+04	2.500000000000000000e+01	nan	2.621926477349916240e-01	1.250197556678211627e-02	7.935771247867611303e-03
nan	2.500000000000000000e+04	2.500000000000000000e+01	nan	2.745639995199979921e-01	1.197154373816071947e-02	7.813508053755082242e-03
nan	2.500000000000000000e+04	2.500000000000000000e+01	nan	2.870343334314924277e-01	1.235222184905700876e-02	8.117778156638591827e-03
nan	2.500000000000000000e+04	2.500000000000000000e+01	nan	2.993091761956208074e-01	1.219507251125514363e-02	7.435727558090608064e-03
nan	2.500000000000000000e+04	2.500000000000000000e+01	nan	3.117574949909567295e-01	1.137514112279453156e-02	7.678286113673955110e-03
nan	2.500000000000000000e+04	2.500000000000000000e+01	nan	3.243458549547142411e-01	1.203108203366204561e-02	7.507702857000527613e-03
nan	2.500000000000000000e+04	2.500000000000000000e+01	nan	3.342641898807130474e-01	1.231104965716928873e-02	7.292200082314513263e-03
nan	2.500000000000000000e+04	2.500000000000000000e+01	nan	3.492625011064092178e-01	1.238436318826510035e-02	7.153725897108040299e-03
nan	2.500000000000000000e+04	2.500000000000000000e+01	nan	3.606726332813252611e-01	1.103697873337740332e-02	7.039856811419358505e-03
nan	2.500000000000000000e+04	2.500000000000000000e+01	nan	3.742315574969268255e-01	1.138191999792879938e-02	7.178752810143297115e-03
nan	2.500000000000000000e+04	2.500000000000000000e+01	nan	3.860255883671044330e-01	1.141460559374445766e-02	6.999176822658326191e-03
nan	2.500000000000000000e+04	2.500000000000000000e+01	nan	3.991065560924340616e-01	1.187878695555260981e-02	6.602310540273721717e-03
nan	2.500000000000000000e+04	2.500000000000000000e+01	nan	4.110214218341212700e-01	1.167479447995349931e-02	6.853720669958133886e-03
nan	2.500000000000000000e+04	2.500000000000000000e+01	nan	4.245809835599203552e-01	1.130921285683824870e-02	6.914474109143936391e-03
nan	2.500000000000000000e+04	2.500000000000000000e+01	nan	4.371731752018348516e-01	1.097630066622778608e-02	6.358832447337533361e-03
nan	2.500000000000000000e+04	2.500000000000000000e+01	nan	4.492158368551457670e-01	1.082616681094069819e-02	6.477931772961320958e-03
nan	2.500000000000000000e+04	2.500000000000000000e+01	nan	4.617877014684950154e-01	1.137825268252775496e-02	6.477289984705339627e-03
nan	2.500000000000000000e+04	2.500000000000000000e+01	nan	4.745282926644449617e-01	1.162179325034873832e-02	6.035550729353180918e-03
nan	2.500000000000000000e+04	2.500000000000000000e+01	nan	4.872436974967371270e-01	1.055361780953627086e-02	6.225069416084950090e-03
nan	2.500000000000000000e+04	2.500000000000000000e+01	nan	4.996223063552776011e-01	1.135135066117684381e-02	5.908620806045383061e-03
